179 170 149 138 136 132 127 126 120 112 111 110 109 107 101 101 97 95 94 89 89 89 88 79 76 71 70 64 62 61 57 57 55 53 53 53 53 53 51 50 49 49 46 46 45 45 44 43 42 41 41 41 41 40 38 38 37 35 34 29 29 29 29 29 28 27 26 26 25 25 24 24 24 24 24 20 20 20 20 19 18 17 17 17 17 17 17 17 14 14 13 13 12 11 11 11 11 11 10 10 10 10 10 10 10 10 10 10 9 9 8 8 8 8 8 8 8 7 7 7 7 6 6 6 6 6 6 5 5 5 5 5 5 5 5 4 4 2 2 2 2 2 2 2 2 2 2 2 2 2 2 2 2 2 2 2 2 1 1 1 1 1 1 1 1 1 1 1 1 1 1 1 1 1 1 1 1 1 1 1 1 1 1 1 1 1 1 1 1 1 1 
168 151 141 138 119 117 117 115 115 106 88 88 88 87 85 84 81 80 79 79 78 78 72 67 66 65 61 61 60 59 52 52 52 52 47 47 47 46 46 46 46 46 46 44 44 44 41 41 40 40 40 37 37 36 36 34 32 30 30 29 29 28 27 27 27 25 25 25 24 23 22 22 21 21 21 20 20 20 19 18 18 17 17 17 17 17 16 15 14 13 12 12 11 11 11 11 10 10 10 10 9 9 9 9 8 8 7 7 7 7 7 6 6 6 5 5 5 5 5 4 4 4 4 4 4 4 4 4 4 4 3 3 3 3 2 2 2 2 2 
150 135 111 95 94 93 88 87 86 79 79 79 79 79 79 76 76 72 71 71 68 68 67 62 62 61 61 57 57 56 52 51 50 48 46 46 46 46 45 45 43 42 42 39 39 38 38 38 38 37 37 34 34 34 34 32 30 28 28 27 26 25 25 24 24 24 24 23 22 22 22 22 21 21 19 19 19 17 16 15 15 14 14 14 13 13 13 11 11 11 11 11 11 9 8 8 8 8 8 7 7 7 7 7 7 7 7 7 6 6 6 6 5 4 4 4 4 4 3 3 2 2 2 2 2 2 2 2 2 2 2 2 2 2 2 2 2 2 
125 125 107 94 83 82 80 80 80 75 75 75 75 73 72 69 69 69 69 65 65 64 60 59 58 57 57 56 51 50 49 48 47 46 46 45 42 42 42 42 40 39 38 37 37 37 37 37 36 36 36 33 32 31 30 30 30 28 28 25 25 24 24 24 23 23 22 22 21 21 21 20 20 18 18 16 16 16 16 15 14 14 13 12 12 11 9 9 9 9 9 9 9 7 7 7 7 7 7 7 7 7 7 7 7 7 7 6 5 5 4 4 4 4 4 4 3 3 2 2 2 2 2 2 2 2 2 2 2 1 1 1 1 1 1 1 1 
123 119 101 92 83 81 80 78 78 73 72 72 71 71 65 65 65 63 63 62 61 61 59 58 52 50 50 50 50 48 48 48 47 46 46 45 42 41 40 40 39 39 37 37 37 36 36 34 33 33 32 31 31 30 27 27 27 27 27 25 25 24 24 23 22 20 19 19 19 19 19 19 19 18 16 16 16 16 15 15 14 14 13 12 11 11 9 9 9 8 8 8 7 7 6 5 5 5 5 5 5 5 5 5 5 4 4 4 4 4 4 4 3 3 3 3 3 3 2 2 2 2 2 2 2 2 2 2 2 1 1 1 1 1 1 1 
120 117 94 90 82 81 80 78 77 73 72 70 69 69 62 59 58 56 56 54 53 52 50 50 50 50 49 48 48 47 45 44 44 44 44 43 39 39 39 39 38 37 37 36 33 32 31 30 27 27 27 27 27 27 24 24 23 22 22 22 22 22 21 21 21 19 19 19 19 19 19 19 18 17 16 16 15 13 13 11 11 11 10 10 10 10 8 7 7 7 7 6 6 6 6 5 5 5 5 5 5 5 4 4 4 4 4 4 4 4 4 3 3 2 2 2 2 2 2 1 
111 97 91 87 81 80 78 77 77 73 72 67 65 65 61 55 53 53 53 51 51 51 50 48 48 48 48 46 45 44 43 43 42 40 40 37 34 34 31 31 30 30 29 29 29 26 26 25 23 22 22 21 21 21 21 21 21 21 21 20 20 20 20 20 20 19 19 19 18 18 18 18 16 16 16 16 14 12 11 11 11 10 10 9 9 9 8 7 6 6 6 6 5 5 5 5 5 5 5 4 4 4 3 3 3 3 3 3 2 2 2 2 1 1 1 1 1 1 1 
111 97 88 87 80 78 77 76 74 72 70 65 62 59 57 55 52 52 51 51 51 50 48 48 48 46 46 45 45 42 41 41 37 36 33 31 31 31 31 29 29 27 26 25 22 22 21 21 21 21 21 21 20 20 20 20 20 19 18 17 17 17 17 17 17 17 17 17 14 13 13 13 12 12 10 9 9 9 9 8 8 8 8 8 7 7 7 5 5 5 5 5 4 4 4 4 3 3 3 3 3 3 3 3 3 3 3 3 2 2 2 2 1 
107 95 88 87 80 77 74 71 71 71 61 60 59 57 55 54 52 51 51 50 48 47 46 44 44 42 42 42 42 41 39 39 36 36 33 31 31 31 30 29 25 25 24 23 22 22 21 21 21 19 19 19 16 16 16 16 16 16 16 16 16 16 15 15 15 14 12 12 12 12 11 10 9 9 9 8 7 6 6 6 5 5 5 5 5 5 5 5 5 4 4 3 3 3 3 3 3 3 3 3 3 3 2 2 2 2 2 2 2 
97 94 88 84 79 77 73 70 69 63 57 56 56 56 53 52 52 50 50 49 47 47 46 44 43 42 41 41 41 41 39 37 36 36 32 31 28 27 27 26 25 25 24 22 22 21 21 21 18 18 18 18 16 16 16 16 16 16 13 12 11 11 11 11 11 11 11 11 11 10 9 7 7 7 6 5 5 5 5 5 5 5 5 5 5 5 5 5 5 4 3 3 3 3 3 3 3 3 3 3 3 2 2 2 2 1 1 1 1 
97 94 85 81 78 76 73 69 66 59 57 56 56 54 52 51 48 48 47 47 46 44 43 42 41 41 39 39 38 36 36 34 34 34 31 28 27 27 26 25 24 24 23 22 22 20 19 19 18 18 16 16 15 12 12 12 12 11 11 11 10 10 10 10 10 10 10 10 9 9 8 7 7 6 5 5 5 5 5 5 5 5 5 5 5 4 4 3 3 3 3 3 3 2 2 2 2 2 2 1 1 1 1 1 1 1 1 
97 91 84 78 78 71 65 64 63 59 56 56 55 54 52 50 48 48 46 46 46 43 40 40 39 38 38 35 33 31 31 31 30 30 29 27 27 24 24 24 23 22 21 21 20 19 19 18 17 16 16 13 13 11 11 11 11 11 11 10 10 10 10 10 10 9 9 9 9 9 7 5 5 5 5 5 5 4 4 4 3 3 3 3 3 3 3 3 2 2 1 1 1 1 1 1 
88 88 80 77 76 71 64 64 63 57 56 53 53 52 52 48 48 48 46 46 43 41 39 34 34 34 33 33 32 31 30 29 29 28 28 27 26 24 23 22 22 20 20 18 18 17 17 17 17 16 15 13 11 11 11 11 10 10 10 10 10 8 8 8 7 7 6 6 6 5 5 5 5 5 5 4 4 3 3 3 2 2 2 2 2 2 2 1 1 1 1 1 1 1 
87 86 76 75 74 70 63 63 62 56 54 53 53 52 49 48 46 42 42 42 38 37 34 33 33 33 33 30 29 27 27 26 26 26 26 25 24 23 23 21 21 20 20 17 17 16 16 16 15 12 11 11 11 11 9 9 9 9 9 9 9 8 7 7 7 6 5 5 5 5 5 5 3 3 3 2 2 2 2 2 2 2 2 2 2 2 2 1 1 1 1 1 1 
87 84 75 74 74 67 63 63 61 55 54 53 52 50 49 46 45 42 42 39 37 37 33 33 33 31 30 29 28 27 27 26 26 25 25 24 23 23 22 21 21 20 20 16 16 16 16 16 11 11 11 10 9 9 9 9 9 9 9 8 8 7 7 7 7 5 5 5 5 5 5 3 3 3 3 2 2 2 2 2 2 2 2 2 2 2 1 1 1 1 1 1 1 
82 82 75 73 70 66 62 60 58 54 54 53 50 49 46 44 43 42 41 39 37 35 33 33 30 30 30 29 27 26 24 24 24 24 24 24 23 22 22 21 20 18 18 16 16 16 14 14 9 9 9 9 9 9 9 9 9 9 8 8 8 7 7 4 4 4 4 4 4 4 4 3 3 2 2 2 2 2 2 2 2 2 2 2 2 2 1 1 
82 76 75 69 69 64 62 59 58 54 53 53 50 48 46 44 42 41 39 38 37 34 33 33 30 29 29 27 27 26 24 24 24 24 22 22 21 21 21 21 18 17 17 16 16 14 14 14 9 9 9 9 9 8 8 8 8 8 5 5 5 5 5 4 4 4 4 4 4 4 3 3 2 2 2 2 2 2 2 2 2 2 2 2 
80 76 75 68 64 63 60 58 57 54 53 52 49 48 44 42 38 38 38 36 33 33 31 31 30 28 26 26 26 26 24 24 21 21 20 20 20 19 19 19 18 15 15 15 14 12 12 12 9 9 9 8 8 8 8 8 8 6 5 5 5 4 4 3 3 3 3 3 3 2 2 2 2 2 2 2 2 2 2 2 2 1 1 1 
78 74 72 64 59 58 58 58 56 54 53 50 49 48 42 42 38 38 35 32 32 32 31 31 30 27 26 26 26 25 24 23 21 20 19 19 19 19 19 19 17 15 14 14 14 12 12 12 9 9 8 8 8 8 8 8 7 6 5 5 3 3 3 3 3 3 3 3 3 2 2 2 2 2 2 1 1 1 1 1 
78 73 70 64 59 58 56 55 54 54 52 50 47 47 42 42 37 35 35 32 31 31 31 30 30 27 26 25 25 24 24 23 21 19 19 19 19 19 19 18 17 15 12 12 12 11 11 10 9 7 7 7 7 7 7 7 6 3 3 3 3 3 3 3 3 3 3 2 2 2 2 2 2 2 1 1 1 1 1 
74 71 70 64 58 57 54 54 50 50 47 47 46 44 42 42 37 35 35 32 31 31 30 30 27 25 25 25 23 23 23 22 19 19 19 19 19 17 17 16 15 14 12 12 11 10 10 8 7 7 7 7 6 4 4 4 4 3 3 3 3 3 3 3 3 3 2 2 2 2 2 1 1 1 1 1 1 
73 68 68 60 57 51 50 50 48 48 47 45 45 43 42 42 36 34 33 31 31 30 28 28 26 25 24 24 23 21 21 21 19 19 19 19 19 17 17 16 12 12 11 11 11 9 9 7 7 7 6 5 5 4 4 4 4 3 3 3 3 3 3 3 3 2 2 2 2 2 1 1 1 1 1 1 1 
73 68 63 60 57 50 50 49 44 43 42 42 42 42 42 38 35 33 31 31 31 30 28 28 26 25 24 22 22 21 21 21 19 19 19 19 17 17 11 11 11 10 10 10 10 9 8 7 7 7 6 5 5 4 3 3 3 3 3 3 3 3 3 3 2 2 2 2 2 2 1 1 1 1 1 1 
73 68 62 59 57 50 49 46 43 42 42 42 40 39 36 34 33 33 31 31 29 28 27 27 26 25 24 22 21 21 20 19 18 17 16 16 16 15 11 10 10 10 10 10 8 8 8 7 7 7 6 5 4 3 3 2 2 2 2 2 2 2 2 2 2 2 2 2 1 1 1 1 1 1 1 1 
72 64 60 59 55 50 48 43 42 42 40 40 40 38 36 33 33 32 31 31 29 28 27 27 25 24 22 21 21 20 19 18 17 16 16 16 15 15 11 10 10 10 10 10 8 8 8 7 7 7 6 4 3 3 2 2 2 2 2 2 2 2 2 2 2 2 2 2 1 1 1 1 1 1 
66 64 60 58 51 48 47 43 42 42 40 40 40 38 34 33 32 32 31 28 28 27 27 26 23 22 22 21 20 19 17 16 16 15 14 14 14 12 11 10 10 10 10 9 8 8 8 7 4 4 4 4 3 3 2 2 2 2 2 2 2 2 2 2 1 1 1 1 1 1 1 1 1 
66 62 59 54 51 48 47 43 42 38 37 37 34 34 32 32 31 29 29 28 27 27 24 22 22 21 20 20 19 18 16 16 16 14 14 14 14 12 10 10 10 10 10 9 8 8 8 7 4 4 4 3 2 2 2 2 2 2 2 2 1 1 1 1 1 1 1 1 1 1 1 1 1 
63 60 58 53 50 47 44 42 39 35 34 34 34 33 32 31 29 29 29 28 26 26 23 22 21 21 20 20 18 18 16 15 14 12 12 11 11 11 10 10 10 10 10 9 8 8 6 6 4 4 4 3 2 2 2 2 2 2 2 1 1 1 1 1 1 1 1 1 1 1 1 
63 59 53 53 49 45 42 40 38 34 34 33 33 31 31 31 29 29 25 24 24 22 21 21 19 19 19 17 17 16 16 14 13 11 11 11 11 10 10 10 10 9 8 8 7 7 6 6 3 3 3 2 2 2 2 2 2 2 2 1 1 1 1 1 
62 57 49 49 47 43 40 36 35 34 33 32 32 31 31 28 28 25 25 24 23 21 21 19 19 18 18 15 14 14 14 13 12 10 10 10 10 9 9 9 9 9 7 7 6 6 5 5 3 3 2 2 2 2 2 2 2 2 1 1 1 1 1 
62 54 48 48 44 41 40 35 35 34 33 32 31 31 29 28 27 25 24 24 22 21 20 19 19 17 17 15 14 14 13 12 10 9 9 9 9 9 9 9 9 8 7 7 6 6 4 3 3 3 2 2 2 2 2 2 2 2 1 1 1 1 1 
61 54 48 45 43 39 37 35 35 34 32 31 31 28 28 27 25 24 24 23 22 21 20 19 19 16 16 14 14 13 13 12 10 9 9 9 9 9 9 9 8 8 6 6 5 5 3 3 3 3 2 2 2 2 2 2 2 2 1 1 1 1 1 
58 53 47 45 43 37 37 34 34 33 32 30 29 28 26 25 25 24 24 22 22 20 20 19 18 15 14 14 14 13 12 12 10 9 9 9 9 9 9 8 8 8 6 5 5 3 3 3 3 3 2 2 2 2 2 2 2 2 1 1 1 1 1 
57 53 46 44 42 37 36 34 32 32 30 29 29 28 26 25 25 24 22 22 20 20 19 19 17 14 14 14 14 12 12 12 9 9 9 9 9 7 7 7 7 6 5 5 5 3 3 3 3 3 2 2 2 2 2 2 2 2 1 1 1 
57 52 46 43 38 36 36 33 32 30 28 27 27 27 26 25 24 23 22 21 18 18 17 13 12 12 12 12 12 12 12 11 9 9 9 9 9 7 7 7 7 5 4 4 4 2 2 2 2 1 1 1 1 1 1 1 1 1 1 1 
55 52 46 39 36 36 35 32 32 29 27 26 26 26 26 25 24 19 18 18 18 16 15 13 12 12 11 11 11 11 11 11 9 9 9 9 7 7 7 6 5 5 4 3 1 1 1 1 1 1 1 1 1 1 1 1 1 1 1 1 
53 51 46 39 36 35 34 32 31 28 27 26 26 25 23 23 22 19 17 17 16 16 15 12 12 11 11 11 11 11 11 11 9 9 9 8 7 7 5 5 5 4 4 3 1 1 1 1 1 1 1 1 1 1 1 1 1 
52 50 45 38 36 34 33 31 28 27 27 26 25 25 22 21 20 18 17 17 16 13 13 12 11 11 11 11 11 11 11 10 9 8 8 8 7 6 5 5 5 4 3 2 1 1 1 1 1 1 1 1 1 1 1 
49 49 45 37 36 34 33 28 28 27 26 25 25 22 22 20 20 18 16 15 15 12 12 12 11 11 11 11 11 11 10 9 9 8 8 8 7 6 5 5 4 4 2 2 1 1 1 1 1 1 1 1 1 1 1 
49 47 42 37 36 34 32 27 27 25 25 25 24 21 20 20 18 17 16 13 13 11 11 11 11 11 11 11 11 9 9 8 8 8 8 8 5 5 5 5 4 4 2 2 1 1 1 1 1 1 1 1 
48 47 42 36 35 33 31 26 26 24 23 23 23 21 20 18 17 16 16 13 13 11 11 11 11 11 10 10 10 9 9 7 7 7 7 6 5 4 4 4 3 3 2 2 1 1 1 1 1 1 
46 46 42 35 33 31 31 25 25 23 23 22 21 19 19 17 16 16 14 13 12 11 11 11 11 10 10 10 9 8 7 7 6 5 5 5 4 4 4 2 2 2 2 1 1 1 1 1 1 1 
46 46 42 33 32 30 30 25 25 23 22 21 19 19 17 16 16 16 13 13 11 11 11 11 10 9 9 9 9 7 7 6 5 4 4 4 4 3 2 2 2 2 1 1 1 1 
46 44 42 32 32 30 29 25 24 23 20 19 19 18 16 16 16 15 13 12 11 11 11 10 10 9 9 9 9 7 7 6 4 4 4 4 3 3 2 2 2 1 1 1 1 
43 43 39 32 31 30 28 25 24 21 20 19 18 15 15 15 13 13 12 12 11 11 10 9 9 9 8 8 8 7 7 6 4 4 4 4 2 2 2 2 1 1 1 1 1 
43 41 34 31 31 28 27 25 22 21 20 18 15 15 15 15 13 13 11 11 11 10 10 9 9 9 8 8 8 7 7 4 4 4 4 3 2 2 2 2 1 1 1 1 
42 40 34 30 30 26 25 25 21 20 19 17 15 15 15 15 13 12 11 11 11 10 9 9 9 7 6 6 6 6 6 4 4 4 2 2 2 2 2 1 1 1 1 1 
40 36 33 30 30 24 24 23 21 20 17 16 15 15 15 14 12 12 11 11 11 10 9 9 8 6 6 6 6 6 5 4 4 4 2 2 2 2 2 1 1 1 1 1 
39 35 33 30 28 24 23 23 21 19 16 16 15 15 15 14 12 12 11 11 10 10 9 9 6 6 6 4 4 4 4 4 4 3 2 2 2 1 1 1 1 1 1 1 
38 33 32 30 27 24 23 22 21 19 16 16 15 15 14 13 12 11 11 10 10 9 9 7 5 5 4 4 4 4 4 3 3 3 2 2 2 1 1 1 1 1 1 1 
37 32 31 30 27 23 23 22 21 18 16 16 15 14 13 13 12 11 11 10 10 9 8 7 5 5 4 4 4 4 3 3 3 3 2 2 2 1 1 1 1 
33 31 30 30 26 23 23 22 18 18 16 16 15 14 13 12 12 11 11 10 10 9 8 7 5 4 4 4 4 4 3 3 3 3 2 2 1 1 1 1 
32 31 29 29 24 23 21 21 18 18 16 15 13 12 12 12 12 11 11 9 7 7 6 6 5 4 4 4 4 4 3 2 2 2 2 1 1 1 1 
32 29 29 29 24 23 21 21 17 17 16 14 12 12 12 11 11 11 10 7 7 7 6 6 4 4 4 4 4 4 2 2 2 1 1 
30 29 29 26 22 22 21 21 17 17 16 14 12 11 11 11 11 11 9 7 7 6 6 5 4 4 4 4 4 4 2 2 2 1 
30 29 28 26 22 22 21 19 17 16 15 14 12 11 11 11 11 11 9 7 7 6 6 5 4 4 3 3 3 3 2 2 2 1 
30 29 27 24 22 21 20 19 16 14 13 12 12 11 11 11 11 10 8 7 6 6 6 5 4 4 3 3 2 2 1 1 1 1 
29 28 27 24 22 21 19 19 15 14 12 12 11 11 11 11 10 10 8 7 5 5 5 5 4 4 3 3 2 2 1 1 1 1 
29 28 24 23 21 19 19 18 15 14 12 12 11 11 11 10 10 9 6 5 5 5 5 4 4 4 3 3 2 2 1 1 1 1 
27 27 24 23 19 18 18 17 15 14 12 12 11 11 11 10 9 9 5 5 5 5 4 4 4 4 3 3 2 2 1 1 1 
27 27 23 23 19 18 18 17 15 12 10 10 10 10 10 10 9 7 5 5 5 5 4 4 4 3 2 2 1 1 1 1 1 
27 27 23 23 18 18 18 16 15 12 10 10 10 10 9 9 9 7 5 5 4 4 4 4 4 3 2 2 1 1 1 
27 27 23 23 18 18 17 15 15 12 10 10 10 10 9 9 9 5 5 5 4 4 4 4 2 2 2 2 1 1 1 
27 27 22 21 18 17 14 12 12 11 10 10 10 9 9 9 9 5 5 5 4 4 4 4 2 2 1 1 1 1 1 
27 24 21 20 17 16 11 11 10 10 10 9 9 9 9 9 8 5 5 5 4 4 4 4 2 2 1 1 1 1 
25 24 21 19 17 16 11 10 10 10 9 9 9 9 9 8 8 5 5 5 4 4 4 3 2 2 1 1 1 1 
24 24 21 18 16 14 10 10 10 10 9 9 9 9 8 8 8 5 5 5 4 3 3 3 2 1 1 1 1 1 
24 24 21 17 16 11 10 10 10 9 9 9 8 8 7 6 6 5 5 4 4 3 3 3 2 1 1 1 1 
24 23 21 15 14 11 10 10 9 9 9 8 8 6 6 6 6 5 4 3 3 3 3 3 2 1 1 
24 23 21 14 14 11 10 10 9 9 9 8 8 5 5 5 5 4 3 3 3 3 3 2 2 1 1 
23 23 21 14 14 10 10 10 8 8 8 8 8 5 5 5 5 4 3 3 3 3 2 2 1 1 1 
23 23 21 14 14 10 10 8 8 8 8 8 8 5 5 4 4 4 3 3 2 2 2 1 1 1 
23 22 20 14 14 9 8 8 8 8 8 8 7 5 5 4 4 4 3 3 2 2 2 1 1 1 
23 22 20 14 13 9 8 8 8 8 8 8 6 5 5 4 4 4 2 2 2 2 1 1 1 1 
23 21 17 14 13 9 8 8 8 8 8 6 5 5 5 4 4 3 2 2 2 1 1 1 1 1 
23 21 16 13 13 9 8 8 8 8 8 6 5 4 4 4 4 3 2 2 1 1 1 1 1 1 
23 21 15 13 13 9 8 8 8 7 5 5 5 4 4 3 3 2 2 1 1 1 1 1 
23 20 15 13 11 9 8 7 7 7 5 5 5 4 4 3 3 2 1 1 1 1 1 1 
23 19 14 13 11 8 8 7 7 7 5 4 4 4 4 3 2 2 1 1 1 1 1 1 
23 18 14 13 11 8 8 7 7 6 5 4 4 4 3 3 2 1 1 1 1 1 1 
23 18 14 11 11 8 8 7 6 6 5 4 4 4 3 3 1 1 1 1 1 1 1 
23 18 14 11 11 8 7 6 6 4 4 4 4 4 3 2 1 1 1 1 1 1 1 
20 18 14 11 9 8 7 6 6 4 4 4 4 2 2 1 1 1 1 1 1 1 
20 18 13 11 9 8 7 6 6 4 4 4 4 2 1 1 1 1 1 1 1 1 
20 17 13 11 9 8 6 6 6 4 4 4 4 2 1 1 1 1 1 1 1 1 
19 17 13 11 8 8 6 6 6 4 4 4 2 2 1 1 1 1 1 1 1 1 
19 16 12 10 8 8 6 6 6 4 4 3 1 1 1 1 1 1 1 
18 15 12 10 8 8 6 6 5 4 4 3 1 1 1 1 1 1 
18 15 12 9 8 8 6 5 5 4 4 3 1 1 1 1 1 1 
18 15 12 9 8 8 6 5 4 4 4 3 1 1 1 1 1 
16 15 12 9 8 8 6 5 4 4 4 3 1 1 1 1 1 
16 14 12 8 8 8 6 5 4 4 4 1 1 1 1 1 1 
14 13 12 8 8 7 6 5 4 4 4 1 1 1 1 1 1 
12 12 12 8 7 7 5 4 4 4 4 1 1 1 1 1 1 
12 12 11 8 6 6 5 4 4 4 3 1 1 1 1 1 
12 12 11 8 6 6 5 4 4 4 3 1 1 1 1 1 
12 12 11 8 6 6 5 4 4 4 3 1 1 1 1 1 
12 12 11 8 6 6 5 4 4 4 3 1 1 1 1 
12 12 11 8 6 6 5 4 4 4 2 1 1 1 
12 12 11 8 6 5 5 3 3 3 1 1 1 1 
12 12 10 7 6 5 5 3 3 2 1 1 
12 11 10 7 6 5 2 2 2 2 1 1 
12 11 10 7 5 5 2 2 2 2 1 
12 11 10 5 5 5 2 2 2 2 1 
12 11 9 5 5 5 2 2 2 2 1 
12 11 9 5 5 5 2 2 2 2 1 
12 10 8 5 5 5 2 2 2 1 1 
12 10 8 5 5 4 2 2 1 1 
11 10 8 5 5 4 2 2 1 1 
11 10 8 5 5 4 2 2 1 1 
11 8 7 5 5 4 2 2 1 1 
11 7 7 5 5 4 2 1 1 1 
11 7 7 5 5 4 2 1 1 
11 7 6 5 5 3 1 1 1 
11 7 6 5 5 3 1 1 
10 7 5 5 5 3 1 1 
10 7 5 4 4 3 1 1 
10 7 5 4 4 3 
10 7 5 4 4 2 
10 7 5 4 3 2 
9 7 5 4 3 1 
9 6 4 3 
9 6 3 3 
8 6 3 3 
8 6 3 3 
8 6 3 3 
8 6 3 3 
8 6 3 3 
8 5 3 2 
7 5 2 2 
7 5 2 2 
7 5 2 2 
7 3 2 2 
6 3 2 2 
6 3 2 1 
6 3 2 1 
6 3 2 1 
5 3 2 1 
5 3 2 1 
4 3 1 1 
4 3 1 1 
4 2 1 1 
3 1 1 1 
3 1 1 1 
3 1 1 1 
2 1 1 1 
1 1 1 1 
1 1 1 1 
1 1 1 1 
1 1 1 1 
1 1 1 
1 1 1 
1 1 1 
1 1 1 
1 1 
1 1 
1 1 
1 1 
1 1 
1 1 
1 1 
1 
1 
1 
1 
1 
1 
1 
1 
1 
1 
1 
1 
1 
1 
1 
1 
