180 151 150 130 128 125 123 117 110 110 107 107 82 79 76 76 74 74 74 74 73 73 72 72 72 72 70 70 64 59 59 55 55 50 50 46 45 40 40 40 39 39 39 39 39 38 36 36 36 35 34 34 34 34 34 34 33 32 31 31 31 30 30 30 30 29 29 29 29 29 29 29 25 25 25 25 25 25 25 25 25 25 24 24 24 24 23 21 20 20 17 17 16 16 16 16 16 16 13 13 13 13 13 13 13 12 11 10 10 10 10 10 10 10 10 10 10 9 9 9 9 9 9 8 8 7 7 7 6 6 6 6 4 3 3 3 2 1 1 1 1 1 1 1 1 1 1 1 1 1 1 
162 147 140 127 120 111 111 109 102 98 98 97 78 76 76 74 73 73 73 73 73 73 71 67 63 60 60 58 56 56 52 47 47 46 44 43 42 40 35 35 35 34 33 32 32 32 30 28 28 28 28 28 27 27 27 27 27 27 27 27 27 26 26 26 26 25 25 25 25 24 21 20 20 20 19 18 18 18 16 14 14 13 13 13 13 13 13 13 13 13 13 13 13 11 9 9 8 8 8 7 7 7 7 7 7 7 7 6 6 6 6 6 6 6 6 6 6 6 6 5 5 5 5 5 4 4 3 3 3 3 3 3 3 3 2 1 1 1 1 1 1 1 1 1 1 1 1 1 1 1 1 
147 141 135 125 115 107 106 106 92 88 86 86 76 76 74 74 72 72 72 71 71 71 65 64 60 56 55 54 50 47 46 45 44 44 37 37 37 35 34 33 32 32 32 31 31 31 30 28 28 28 27 27 27 27 27 27 25 25 25 25 25 25 25 25 25 24 24 24 24 21 20 20 18 18 18 17 16 14 14 14 13 13 13 13 13 13 13 13 13 13 13 13 13 10 8 8 8 7 7 7 7 7 7 6 6 6 6 6 6 6 6 5 5 5 5 5 5 5 4 3 2 2 2 2 2 2 2 2 2 2 2 2 2 2 1 1 1 1 1 1 
139 132 127 120 115 107 105 99 91 87 84 84 74 73 72 71 70 69 66 64 61 60 60 59 53 53 50 48 44 44 42 41 40 40 37 37 31 31 31 31 31 31 31 30 30 30 29 28 28 27 25 25 24 24 24 24 24 24 24 23 23 23 23 22 20 20 20 20 20 20 19 18 18 14 14 14 14 14 14 14 13 13 13 13 13 13 12 12 12 11 11 10 9 9 8 8 8 7 6 6 6 6 6 6 5 5 5 5 5 5 5 5 5 5 5 5 3 3 2 2 2 2 2 2 2 1 1 
138 120 116 104 104 100 98 95 86 84 77 77 74 71 70 69 67 64 62 61 57 57 56 56 53 52 46 43 42 41 41 38 37 36 36 35 31 31 30 30 30 30 30 30 30 30 29 28 27 25 25 24 24 24 24 24 24 24 24 23 21 21 20 20 19 19 18 18 17 17 17 16 15 14 14 14 12 12 11 11 11 10 10 10 9 9 9 9 9 9 9 9 9 8 7 7 6 6 6 5 5 5 5 5 5 4 4 2 2 2 1 1 1 1 1 1 1 1 1 1 1 1 1 1 1 
126 120 105 104 102 99 92 86 84 75 75 70 69 69 68 68 65 60 59 58 57 54 53 53 53 52 44 41 41 40 40 37 36 36 35 33 31 31 30 30 30 30 27 27 26 26 26 26 26 25 25 24 23 22 21 21 21 21 21 21 21 20 19 19 19 18 18 17 16 16 15 15 15 14 14 14 12 11 11 10 10 10 10 8 7 7 6 6 6 6 6 6 6 6 6 6 5 5 5 4 4 3 3 3 2 1 1 1 1 1 1 1 1 1 1 1 1 1 1 1 1 1 1 1 1 
115 114 103 103 91 90 90 83 82 74 72 68 68 68 59 57 55 55 53 51 49 47 47 47 45 45 44 41 40 39 35 35 35 33 33 32 31 30 30 27 27 27 26 26 26 26 22 21 21 21 21 21 21 21 21 21 21 21 20 20 20 18 18 18 17 17 17 17 16 15 14 14 12 12 12 12 11 11 10 9 6 6 6 6 6 6 6 6 6 6 6 5 4 4 4 4 4 4 4 4 3 1 1 1 1 1 1 1 1 1 1 1 1 1 1 1 1 1 1 1 1 1 1 1 1 
114 108 102 94 90 90 89 80 74 73 72 63 60 57 54 53 52 52 52 51 49 47 47 47 44 44 40 40 39 39 35 33 32 32 29 29 29 29 28 27 27 24 24 23 23 23 22 21 21 21 20 20 20 19 19 19 19 19 19 18 17 17 17 17 17 17 17 15 14 11 11 10 10 10 10 10 10 9 9 7 6 6 6 6 6 6 5 5 5 5 5 5 4 4 4 4 4 4 4 4 3 1 1 1 1 1 1 1 1 1 1 1 1 1 1 1 1 1 1 1 1 1 
112 107 98 93 90 88 82 76 72 69 68 61 57 57 52 50 50 50 49 49 48 47 47 42 41 41 40 39 39 38 33 32 32 32 29 29 29 29 27 27 26 22 22 22 22 22 21 21 21 21 19 19 19 19 19 19 19 19 19 17 17 16 16 14 14 12 11 11 11 11 10 10 10 9 9 9 9 7 6 6 6 6 6 6 6 5 4 4 4 4 4 4 4 4 4 4 3 2 2 2 2 1 1 1 1 1 1 1 1 1 1 1 1 1 
109 105 96 90 89 85 82 71 71 68 59 57 55 53 51 50 49 49 48 48 48 45 45 41 41 41 38 38 38 35 32 32 32 31 29 29 29 26 25 25 24 22 22 22 22 21 21 21 20 20 19 19 19 19 19 17 17 17 16 16 16 15 13 13 11 11 11 11 11 10 10 10 10 9 9 9 9 7 6 6 6 6 6 6 5 5 4 4 4 4 4 4 4 4 3 2 2 2 2 2 2 
105 103 93 89 82 81 76 70 68 63 56 56 55 50 47 47 46 46 46 45 44 42 40 40 39 39 38 38 38 35 32 32 31 30 29 29 29 25 25 24 23 22 22 22 22 21 21 19 19 19 18 17 17 17 17 17 17 16 16 15 15 15 12 12 11 11 11 11 10 10 10 9 8 8 7 7 7 6 6 6 6 6 5 5 5 4 4 4 3 3 2 2 2 2 1 1 1 1 1 1 
105 100 92 89 79 76 72 67 62 62 55 55 52 49 47 46 44 43 43 41 41 41 40 39 39 38 38 38 34 32 32 32 30 30 28 28 26 24 24 23 23 22 22 22 22 21 20 19 19 17 17 17 17 17 15 15 15 14 14 13 13 13 10 10 10 9 9 9 9 9 8 8 8 8 7 7 7 6 6 5 5 5 5 5 4 4 4 3 3 2 2 2 1 1 1 1 1 1 1 1 
104 98 83 79 78 71 71 67 62 61 55 54 51 47 46 44 43 42 42 40 39 39 39 37 36 36 36 34 33 32 30 30 29 29 26 23 23 23 22 22 22 22 22 21 20 20 20 19 19 17 17 16 15 15 15 14 14 13 11 11 11 10 9 9 9 9 9 9 9 8 8 8 8 7 6 6 6 5 5 5 5 5 5 5 4 4 4 3 3 2 2 2 1 1 1 1 1 1 1 
103 94 81 78 76 66 64 62 62 56 55 54 50 46 46 44 43 42 41 40 39 39 38 37 35 32 32 32 32 31 28 28 26 26 23 23 23 23 22 22 22 22 22 21 20 20 20 19 17 17 16 15 15 15 13 13 11 11 11 10 10 10 9 9 9 8 8 7 6 6 6 6 6 6 5 5 4 4 3 3 3 3 3 3 3 3 2 1 1 1 1 1 1 1 1 1 
101 92 79 78 75 64 63 62 58 56 55 52 49 46 46 42 42 41 40 39 39 38 37 35 34 32 31 30 30 29 26 26 26 26 23 22 21 21 21 21 21 21 21 21 19 17 17 17 16 16 15 15 13 13 13 10 10 10 10 10 9 9 9 9 8 7 7 6 5 5 5 5 5 4 4 4 4 3 3 3 3 3 3 3 3 3 1 1 1 1 1 1 1 1 1 
98 89 79 78 71 62 62 62 56 56 53 50 49 45 43 42 42 41 39 39 38 37 29 29 28 28 28 28 28 26 25 23 23 23 23 21 21 21 21 20 20 20 20 20 19 17 17 16 15 15 15 13 13 12 11 10 10 9 9 9 9 9 9 8 8 7 7 5 5 5 5 4 4 3 3 3 3 3 3 3 3 3 3 3 3 1 1 1 1 1 1 1 1 1 1 
96 86 78 74 67 61 61 59 54 52 50 49 48 45 38 37 35 35 35 35 35 33 29 29 28 28 28 28 26 26 25 23 23 23 20 20 20 20 20 20 19 17 17 16 16 16 16 16 15 14 14 13 11 11 10 10 10 9 9 8 7 6 6 6 6 6 6 5 4 4 4 4 3 3 3 3 3 3 3 2 2 2 2 2 2 1 1 1 1 1 1 1 1 1 
88 79 74 68 66 61 61 59 52 52 50 49 47 43 37 36 34 34 34 34 32 31 29 29 28 28 27 26 25 24 24 23 23 23 20 20 18 18 18 18 18 17 17 16 16 16 15 15 14 14 12 12 10 10 10 10 10 9 7 7 7 6 6 6 6 6 5 5 4 4 4 4 3 3 3 3 3 3 3 2 2 2 2 2 2 1 1 1 1 1 1 1 1 1 
87 79 74 68 66 61 59 56 52 48 48 48 46 43 35 34 34 33 32 32 29 28 27 27 27 27 24 24 24 24 24 23 20 19 19 19 18 18 18 18 17 16 16 15 15 15 15 13 12 12 11 10 10 10 10 9 9 8 7 6 6 6 6 6 5 4 4 4 4 4 4 3 3 3 3 3 3 3 2 2 2 2 2 2 1 1 1 1 1 1 
82 77 72 68 62 61 53 51 48 48 47 47 43 42 34 34 32 31 29 29 28 28 25 25 25 25 24 22 22 22 22 22 19 19 19 18 18 16 16 15 15 15 15 15 15 15 14 12 12 12 10 10 10 9 9 8 7 7 6 6 6 5 5 5 5 4 4 4 3 3 3 3 3 3 3 3 3 2 2 2 2 2 2 1 1 1 1 
81 77 72 65 62 61 53 50 48 48 44 43 42 40 34 33 31 31 29 29 26 25 25 25 25 24 24 22 22 22 22 22 19 19 19 18 17 16 16 15 15 15 15 15 15 14 12 12 11 10 9 9 9 9 9 5 5 5 4 4 4 4 4 4 4 4 4 4 3 3 3 3 3 3 2 2 2 2 1 1 1 1 
80 72 71 64 58 57 51 50 46 44 44 42 39 37 34 31 28 28 28 28 25 25 25 24 24 24 24 22 20 19 19 19 18 18 17 16 16 16 16 15 15 15 15 15 14 14 12 12 11 9 9 9 9 8 6 4 4 4 4 4 4 4 4 4 4 4 4 4 3 3 3 2 2 2 2 1 1 1 1 1 1 1 
79 72 70 64 56 56 51 49 46 43 41 40 39 37 34 29 28 28 28 28 25 25 25 24 24 24 23 22 20 19 19 19 17 17 17 16 15 15 15 15 15 15 15 14 14 14 12 12 11 9 9 8 8 8 6 4 4 4 4 4 4 4 4 4 4 4 3 3 3 3 2 2 1 1 1 1 1 1 1 1 1 1 
78 70 69 63 56 54 47 47 46 43 40 40 38 34 34 29 28 28 27 27 25 24 23 23 22 22 22 19 19 19 19 18 17 17 17 16 15 15 15 15 15 14 14 14 13 12 11 9 9 9 8 8 8 8 6 4 4 4 4 4 4 4 4 4 4 3 3 3 2 2 1 1 1 1 1 1 1 1 1 1 
77 70 67 63 56 52 46 46 44 41 40 37 37 34 34 29 28 27 27 27 25 24 23 23 22 22 21 19 18 18 18 17 16 16 16 16 15 15 15 15 14 13 13 13 12 9 9 9 9 8 8 7 7 7 6 4 4 4 4 4 4 4 4 3 3 3 3 2 2 2 1 1 1 1 1 1 1 
77 70 67 61 51 49 43 43 42 39 38 35 35 34 33 28 28 27 27 26 25 24 20 20 20 20 20 18 18 18 18 16 16 16 15 15 15 15 13 12 12 12 12 11 11 9 9 9 8 7 7 7 7 7 6 4 4 4 4 4 4 4 4 3 3 2 2 2 2 2 1 
68 67 66 58 48 43 41 41 41 38 35 35 34 31 31 28 26 25 25 24 24 23 20 20 19 18 18 18 17 17 17 16 16 16 15 15 15 15 13 12 12 12 12 11 11 9 9 7 7 7 6 6 6 5 5 4 4 4 3 3 3 3 3 2 2 2 2 2 2 1 1 
66 65 60 58 48 41 40 38 34 34 34 33 33 31 27 26 26 25 23 23 23 22 20 19 19 18 18 18 17 17 17 16 15 15 15 15 15 14 12 12 12 12 12 11 10 9 6 6 6 6 6 6 6 5 5 4 3 3 3 3 3 2 2 2 2 2 1 1 1 
64 63 57 57 48 41 38 38 34 34 34 33 33 31 26 26 25 25 23 23 22 22 19 19 19 18 18 18 17 16 16 15 15 15 15 12 12 12 12 12 12 11 10 10 9 8 6 6 6 6 6 5 5 5 5 4 3 3 3 2 2 2 2 2 2 1 1 1 
64 63 57 56 48 41 38 38 34 34 33 32 31 30 25 25 25 24 23 21 21 21 19 19 18 18 18 17 16 16 16 15 15 15 15 12 12 12 12 11 10 10 8 8 8 7 6 6 6 4 4 4 3 3 3 3 3 2 2 2 2 2 2 1 1 1 
64 63 56 54 43 37 36 36 34 33 32 30 30 27 25 25 24 24 22 21 21 21 19 19 18 17 17 16 16 16 15 15 15 15 14 12 12 12 9 8 8 8 7 6 4 4 4 4 3 3 3 3 3 3 3 3 3 2 2 2 2 1 1 1 1 
62 61 56 48 42 36 36 35 34 33 32 30 28 27 25 22 22 22 21 20 18 17 17 17 17 17 17 16 16 16 15 15 14 14 14 12 12 9 8 8 7 7 7 5 4 4 4 3 3 3 3 3 3 3 3 3 3 2 2 2 2 1 1 1 
62 60 55 48 42 35 35 35 33 33 31 30 28 24 24 21 21 20 18 18 17 17 17 17 17 17 16 16 16 16 15 15 14 13 13 12 12 9 8 7 7 7 5 5 4 3 3 3 3 3 3 3 3 3 3 3 3 2 2 1 1 1 1 
62 59 49 47 40 35 35 33 33 33 31 30 28 23 22 21 21 20 18 18 17 17 16 16 16 16 16 16 12 12 12 12 12 12 12 12 11 8 8 7 7 7 5 4 4 3 3 3 3 3 3 3 3 3 3 2 2 2 2 1 
61 55 47 42 40 35 35 33 32 29 29 26 26 22 22 21 21 19 18 18 17 17 16 16 16 16 15 15 12 12 12 12 11 10 10 10 10 8 8 7 5 5 5 4 4 3 3 3 3 3 3 3 3 2 2 2 2 1 1 1 
57 54 45 42 40 35 35 33 31 29 28 25 22 22 21 21 19 18 18 18 17 16 16 16 16 15 13 13 12 12 11 11 10 10 10 10 9 8 8 7 4 4 4 4 3 3 2 2 2 2 2 2 2 2 2 2 2 1 1 
56 54 45 42 40 33 33 31 31 29 23 23 22 21 21 20 19 18 18 17 17 16 15 15 14 14 13 13 12 11 10 10 10 10 10 8 8 7 4 4 4 4 4 4 3 2 2 2 2 2 2 2 1 
54 53 45 42 40 33 33 31 30 29 22 22 22 21 21 20 18 17 17 17 17 15 14 13 13 13 13 12 11 10 10 10 10 10 10 8 8 7 4 4 4 4 4 3 3 2 2 2 2 
53 53 43 38 38 33 33 31 29 29 22 22 21 21 21 20 18 17 17 16 15 14 14 13 13 13 13 12 11 10 10 10 9 9 9 8 6 4 4 4 4 4 4 3 3 2 2 2 2 
53 51 41 38 37 33 33 31 29 27 22 22 21 21 18 18 18 17 17 14 14 14 14 13 13 13 13 12 11 10 10 9 9 9 7 7 6 4 3 2 2 2 2 2 2 2 2 1 1 
53 50 40 38 37 31 29 29 29 27 21 21 21 21 18 18 16 16 15 14 14 14 13 13 12 12 12 11 10 10 10 9 9 9 7 7 4 4 2 2 2 2 2 2 2 2 2 1 1 
51 50 40 36 33 31 29 28 28 26 21 21 21 21 18 18 16 15 14 14 14 13 13 12 12 12 12 10 10 9 9 9 7 6 6 6 4 4 2 2 2 2 2 2 2 2 1 1 
49 49 40 36 33 30 28 28 28 26 21 21 21 20 18 18 16 15 14 14 14 12 12 12 12 12 11 10 9 9 8 8 6 5 5 5 3 2 2 2 2 1 1 1 1 1 1 1 
47 47 36 36 33 30 28 28 27 25 21 21 21 19 18 18 15 15 14 14 13 12 12 12 12 12 11 8 7 7 7 7 6 5 5 4 3 2 2 2 2 1 1 1 1 1 1 1 
47 46 36 36 33 29 28 26 25 24 21 21 19 17 17 17 15 15 14 12 12 12 12 12 12 11 10 7 7 7 7 7 5 5 4 3 2 2 2 2 2 1 1 1 1 1 1 1 
47 46 36 35 32 29 26 26 25 23 21 21 19 17 17 16 15 15 14 12 12 11 11 11 9 9 9 7 7 7 6 5 5 5 4 3 2 2 1 1 1 1 1 1 1 1 
46 46 35 35 30 28 26 26 24 23 20 20 17 17 17 16 15 14 12 12 12 11 11 11 9 9 9 7 7 7 5 4 3 3 3 3 2 2 1 1 1 1 1 1 1 1 
46 45 34 34 30 27 26 22 22 22 19 14 14 14 11 11 10 10 10 10 10 10 10 10 9 9 8 7 7 7 5 3 3 3 3 3 2 2 1 1 1 1 1 1 1 
43 43 34 32 26 26 26 22 22 22 18 14 14 14 11 11 10 10 10 10 10 10 10 10 9 9 8 7 7 6 5 3 3 3 3 2 2 2 1 1 1 1 1 1 1 
42 41 33 30 26 26 26 22 21 20 13 13 13 13 11 10 10 10 10 10 10 10 10 9 9 9 6 6 6 6 5 3 3 3 3 2 1 1 1 1 1 1 1 1 
42 39 30 30 26 26 26 22 20 20 13 13 13 13 10 10 10 10 10 10 10 10 10 7 7 7 6 6 6 6 5 3 3 3 2 2 1 1 1 1 1 1 
42 39 30 29 26 26 25 22 20 20 13 13 13 12 10 10 10 10 10 10 10 10 10 7 7 7 6 6 6 3 3 2 2 2 1 1 1 1 
41 36 30 29 26 26 24 22 20 19 13 12 12 11 10 10 10 10 10 10 10 10 10 7 7 6 6 6 5 3 3 2 2 2 1 1 
40 36 28 28 26 25 22 22 20 19 13 12 12 11 10 10 10 10 10 10 8 8 8 7 7 6 6 5 4 2 2 2 2 1 1 1 
39 36 28 28 25 25 21 21 19 19 12 12 12 11 10 10 10 10 10 10 8 8 7 7 6 6 5 4 4 2 2 2 2 1 1 1 
39 34 28 26 25 23 20 20 19 16 12 11 11 11 10 10 10 9 9 8 8 7 7 6 6 5 5 4 3 2 2 2 2 1 1 1 
37 34 28 25 25 21 20 20 19 15 12 10 10 10 10 10 10 9 9 8 8 7 6 5 5 4 4 4 3 2 2 2 2 1 1 
37 32 28 23 23 21 20 19 19 14 12 10 10 10 10 10 10 9 9 8 8 6 6 4 4 4 4 4 3 2 2 2 2 1 
37 32 24 23 22 21 20 19 18 14 11 10 10 10 10 10 8 8 8 7 7 6 4 4 4 4 4 4 3 2 2 2 2 1 
35 32 22 21 21 20 18 18 18 14 11 10 10 10 10 10 8 8 6 5 5 4 4 4 4 4 4 4 3 2 2 2 2 1 
34 28 21 21 21 19 18 18 18 13 11 10 10 10 10 10 8 8 6 5 4 4 4 4 4 4 4 3 2 2 2 2 2 1 
33 27 21 21 21 19 18 18 17 13 11 10 10 10 10 10 8 8 6 5 4 4 4 4 4 4 3 2 2 2 2 1 1 
32 27 21 21 21 18 17 16 15 12 11 10 10 8 8 8 7 7 5 4 4 4 4 4 4 4 3 2 2 2 2 1 1 
31 24 21 21 20 16 16 15 15 12 10 10 10 8 8 7 7 6 5 4 4 4 4 4 4 3 3 2 2 2 2 1 1 
28 24 21 20 19 16 15 15 15 11 10 10 10 8 7 7 6 6 5 4 4 4 4 4 4 3 3 2 2 2 1 
27 24 20 20 19 16 14 14 14 11 10 10 10 8 7 7 6 5 5 4 4 4 4 4 3 3 3 2 2 2 1 
27 24 18 18 18 16 14 13 11 10 10 10 9 7 7 6 5 5 5 4 4 4 4 3 3 3 2 2 2 
24 23 18 17 16 16 14 13 10 10 10 9 8 7 7 5 5 5 5 4 4 3 2 2 2 2 2 2 2 
23 20 18 17 16 16 13 13 10 10 9 9 8 7 7 5 5 5 5 4 3 3 2 2 2 2 2 1 1 
23 20 16 16 15 15 12 11 10 10 9 9 8 7 6 5 5 5 4 4 3 3 2 2 2 2 2 1 1 
23 19 16 15 15 14 12 10 10 9 9 8 8 6 6 5 5 5 4 4 3 3 2 2 2 1 1 1 
23 19 16 15 15 14 12 10 9 9 9 8 8 6 6 5 5 4 3 3 3 3 2 2 2 1 1 1 
23 19 16 15 14 12 11 10 9 9 9 7 7 6 6 5 5 4 3 3 2 2 2 2 1 1 1 
23 19 16 14 12 12 10 10 9 9 8 7 7 6 6 5 4 2 2 2 2 2 2 1 1 1 1 
23 17 16 14 12 11 10 10 9 6 6 6 6 6 5 4 4 2 2 2 2 2 1 1 1 
23 17 15 14 12 11 9 9 9 6 6 6 6 6 4 4 4 2 2 2 2 2 1 1 1 
23 14 14 13 12 11 9 9 8 6 6 6 5 5 4 2 2 1 1 1 1 1 1 1 1 
23 14 13 13 12 10 9 9 8 6 6 5 4 4 4 2 2 1 1 1 1 1 1 1 1 
21 13 13 12 11 10 9 9 8 6 6 5 4 4 4 2 2 1 1 1 1 1 1 1 1 
20 13 12 12 11 10 9 9 8 6 5 5 4 4 3 2 2 1 1 1 1 1 1 1 
20 13 11 10 10 10 8 8 7 6 5 5 4 4 3 2 1 1 1 1 1 1 1 1 
19 13 11 10 10 9 8 8 6 6 5 5 4 4 3 1 1 1 1 1 1 1 
19 12 11 10 9 9 8 7 6 6 5 5 4 2 2 1 1 1 1 1 1 1 
19 11 11 10 9 9 8 7 6 6 5 5 4 2 2 1 1 1 1 1 1 
19 11 11 10 9 9 7 7 6 6 5 5 4 2 2 1 1 1 1 1 1 
19 11 11 9 9 8 7 7 6 5 5 5 4 2 2 1 1 1 1 1 1 
19 11 10 9 8 8 7 7 6 5 5 5 4 2 2 1 1 1 1 1 
18 11 10 9 8 8 7 7 6 5 5 5 4 2 2 1 1 1 
16 11 10 9 8 8 7 7 6 5 5 5 4 2 2 1 1 1 
16 10 10 9 8 8 7 6 5 5 5 4 4 2 2 1 1 1 
15 10 9 9 8 7 7 5 4 4 4 4 4 2 1 1 1 1 
14 10 9 8 8 7 6 5 4 4 3 3 3 2 1 1 1 
14 10 9 8 8 7 6 4 4 3 3 3 2 1 1 1 1 
13 10 9 8 6 6 6 4 4 2 2 2 2 1 1 1 1 
13 10 9 8 6 6 6 4 3 2 2 2 2 1 1 1 1 
9 8 8 8 6 6 5 4 3 2 2 2 2 1 1 1 1 
9 8 8 8 6 5 5 3 3 2 2 2 2 1 1 
9 8 8 7 6 5 5 3 3 2 2 2 2 1 
9 8 8 7 6 5 4 3 3 2 2 2 1 1 
9 8 8 7 6 5 4 3 3 2 2 2 1 
9 8 7 7 6 5 4 3 2 2 2 2 
9 8 7 7 6 5 4 3 2 1 1 
9 8 7 7 6 5 3 3 2 1 1 
8 8 6 6 6 4 3 3 2 1 1 
8 8 6 6 6 4 3 1 1 1 
8 8 6 6 6 4 3 1 1 1 
8 8 6 6 5 4 3 1 1 1 
8 8 6 6 5 4 2 1 1 1 
8 7 6 6 5 3 2 1 1 
7 7 6 6 4 3 2 1 1 
7 7 6 6 4 3 1 1 1 
7 7 6 6 3 3 1 1 
7 7 6 6 3 3 1 1 
7 6 6 6 3 2 1 1 
7 6 6 6 3 2 1 
7 6 6 5 3 2 1 
7 6 4 4 3 2 1 
7 5 4 4 3 2 1 
7 5 4 4 3 2 1 
7 5 4 4 3 1 1 
7 5 4 4 2 1 
7 5 4 3 2 1 
7 4 3 3 2 1 
7 4 3 1 1 1 
7 4 3 1 1 1 
6 3 3 1 1 1 
6 3 2 1 1 
6 3 2 1 1 
5 2 2 1 1 
5 2 1 1 1 
2 2 1 1 1 
2 2 1 1 1 
2 1 1 1 1 
2 1 1 1 1 
2 1 1 1 1 
2 1 1 1 1 
2 1 1 1 1 
2 1 1 1 
2 1 1 1 
1 1 1 1 
1 1 1 1 
1 1 1 1 
1 1 1 1 
1 1 1 1 
1 1 1 1 
1 1 1 1 
1 1 1 
1 1 1 
1 1 
1 1 
1 1 
1 1 
1 1 
1 1 
1 1 
1 
1 
1 
1 
1 
1 
