145 128 128 126 118 117 114 109 104 104 99 99 99 98 97 97 93 89 83 80 79 79 78 75 75 74 72 72 72 71 69 68 64 56 54 53 53 51 51 51 51 49 46 46 46 46 42 39 39 37 35 35 35 35 34 34 34 34 34 34 34 33 33 31 30 30 29 29 29 28 27 27 25 24 23 23 23 22 22 22 22 22 20 20 19 19 15 14 13 13 13 13 13 13 13 12 10 10 10 10 10 10 8 8 7 7 7 7 7 6 6 6 6 6 5 5 5 5 5 5 5 5 5 5 5 5 5 5 5 5 5 4 4 4 4 3 3 1 1 1 1 1 1 1 1 
138 126 122 120 118 116 107 107 102 99 98 91 87 87 82 80 77 76 75 75 75 75 75 72 72 71 70 70 68 68 68 59 58 56 53 51 51 51 49 49 48 46 46 46 44 41 40 38 37 36 35 35 35 32 30 30 30 30 30 30 30 28 28 28 27 25 25 25 25 23 23 23 23 22 22 20 20 20 18 18 18 18 18 18 17 16 13 13 13 13 13 12 12 11 10 10 10 10 9 9 8 7 7 7 6 6 6 6 6 6 6 6 6 5 5 5 5 5 5 5 5 5 5 5 5 5 5 5 3 2 2 1 1 1 1 1 1 1 1 
135 123 119 117 117 111 105 104 98 93 90 90 87 83 81 77 77 75 75 75 75 72 72 58 55 53 53 53 53 53 52 52 52 52 52 51 50 49 47 47 43 41 41 41 38 38 38 35 35 34 32 31 31 28 28 28 27 27 27 26 26 26 25 22 22 22 19 18 17 17 17 17 17 17 17 17 17 17 17 17 16 16 16 16 16 14 13 12 12 12 11 11 9 9 9 9 9 9 8 7 7 6 6 6 6 6 5 5 5 5 5 5 5 4 4 4 4 4 4 4 4 2 2 2 1 1 1 1 1 1 1 1 
132 114 112 108 108 105 102 102 97 93 88 88 80 79 76 74 72 71 71 70 70 65 64 57 53 53 53 52 52 52 50 50 49 47 45 45 44 43 43 42 40 37 34 34 34 34 31 31 31 31 30 29 28 28 28 28 26 26 25 23 23 23 22 22 21 20 18 17 17 17 17 16 15 14 14 13 13 13 13 13 12 12 11 11 11 11 10 10 10 10 6 6 6 6 6 6 6 6 6 6 6 6 5 5 5 5 5 4 4 4 4 4 4 4 3 3 3 3 3 3 3 2 2 2 1 1 1 1 1 1 1 1 
132 113 107 106 100 98 98 98 91 90 86 83 79 78 75 71 71 68 67 67 66 62 59 56 53 52 52 52 52 51 49 49 47 44 43 43 41 41 39 37 37 37 34 34 34 32 31 31 26 26 26 26 26 22 22 21 19 19 19 19 19 19 19 19 19 17 16 14 14 14 14 14 14 13 13 13 13 13 13 11 11 11 11 11 11 11 10 9 9 8 6 6 6 6 6 6 6 6 6 6 6 6 5 4 4 4 4 4 3 2 2 2 2 2 2 2 2 2 2 2 2 2 1 1 1 1 1 
122 113 106 105 100 98 90 90 88 85 83 77 76 73 71 69 69 67 64 63 61 60 59 56 53 52 52 52 50 50 44 44 44 44 40 40 40 39 38 37 37 36 34 34 34 32 31 26 26 26 26 25 23 22 21 19 19 19 19 19 19 19 19 16 16 16 15 14 14 13 13 13 13 12 12 12 11 11 11 11 11 11 11 10 9 9 7 7 7 7 6 6 6 6 6 5 5 5 5 5 5 3 3 3 3 3 2 2 2 2 2 2 2 2 2 2 2 2 2 1 1 1 1 1 
115 110 104 99 98 95 89 89 77 75 71 71 68 68 66 62 62 57 57 57 54 54 54 51 49 49 48 46 46 46 44 43 41 39 39 39 39 38 33 33 33 32 32 32 30 30 28 26 26 25 24 24 22 21 19 19 18 18 18 18 17 17 17 16 15 15 14 14 12 12 12 12 12 12 12 11 9 8 8 8 8 8 8 8 7 7 6 6 6 5 5 5 5 5 5 5 5 4 4 4 2 2 2 2 2 2 2 2 2 2 2 2 2 2 1 1 1 1 1 1 1 1 
110 105 102 95 93 87 87 80 72 72 66 66 65 62 62 62 58 57 55 55 52 52 52 50 49 48 45 45 45 45 43 43 41 39 39 37 32 32 32 32 32 32 31 30 30 27 27 25 23 23 22 19 19 19 18 16 16 16 16 16 16 16 13 12 12 12 12 12 12 12 12 12 11 11 11 11 9 8 8 8 8 8 8 6 6 5 5 5 5 5 5 5 5 5 4 3 3 3 2 2 2 2 2 2 2 2 2 2 2 1 1 1 1 1 1 1 1 1 1 
109 105 101 93 91 82 80 74 70 67 66 66 63 62 62 61 58 56 55 51 50 49 49 48 47 46 45 45 45 42 39 37 35 34 34 34 31 31 31 30 28 28 28 27 27 27 25 25 22 21 21 19 19 19 16 16 15 15 15 15 13 13 12 12 12 12 12 12 12 12 11 11 11 11 11 10 8 8 8 7 7 7 7 6 5 5 5 5 5 4 4 4 4 4 3 3 3 3 2 2 2 2 1 1 1 1 
109 103 98 91 89 81 80 69 66 66 64 62 62 62 61 61 57 56 51 51 49 49 47 39 37 37 37 37 37 36 36 36 34 34 31 30 30 30 30 28 27 26 26 23 23 21 21 21 20 19 19 18 18 18 16 16 15 15 15 15 13 12 12 12 12 12 11 11 11 11 10 10 10 10 10 8 7 7 7 6 6 5 5 4 4 4 4 4 4 4 4 4 4 3 3 3 2 
108 97 97 90 84 81 76 67 66 63 62 61 59 59 56 55 55 54 51 48 47 47 43 37 37 37 37 37 36 35 35 35 32 31 30 29 29 29 29 27 26 26 22 22 22 20 20 20 20 19 18 18 18 18 16 16 15 15 13 13 13 12 12 12 12 12 11 11 11 10 10 10 10 9 8 7 7 6 6 6 6 5 5 4 4 4 4 4 4 4 4 3 3 3 2 1 1 
106 97 88 88 78 75 75 65 62 58 58 58 58 54 54 53 53 53 48 47 44 40 39 37 37 37 37 37 36 35 35 33 30 29 29 29 28 28 27 25 25 24 21 20 20 20 20 19 19 19 18 17 17 17 16 15 14 14 13 12 12 12 12 12 12 10 10 9 9 9 9 9 7 7 6 6 6 5 5 5 5 5 4 4 4 4 3 3 3 2 2 2 2 2 1 1 1 
105 94 88 84 76 75 72 62 59 58 58 58 57 53 52 52 50 46 46 46 42 39 39 37 36 35 35 33 32 32 32 32 28 27 27 26 26 25 25 24 24 22 21 20 20 19 19 19 19 18 17 17 17 14 14 14 14 13 13 12 12 12 8 7 7 7 7 6 6 6 6 6 6 5 5 5 5 5 5 4 4 4 4 4 4 4 3 2 2 2 2 2 1 1 
102 92 85 79 73 67 66 62 59 58 58 56 56 52 52 47 46 44 44 44 42 37 37 36 35 35 34 32 32 32 30 30 28 26 26 25 24 23 21 21 21 21 20 20 20 19 19 17 15 15 13 13 13 13 13 11 11 11 11 11 11 11 7 7 7 7 7 6 6 6 6 6 5 5 5 5 5 5 5 4 4 4 4 3 3 2 2 2 2 2 2 1 
102 90 76 75 70 67 66 62 57 57 57 55 54 48 47 47 46 42 42 40 40 36 36 36 35 35 33 32 32 31 30 30 27 26 26 23 21 21 21 19 19 19 18 18 18 17 16 15 14 13 12 12 12 12 11 11 11 11 11 11 10 10 7 7 7 7 6 6 6 5 5 5 5 5 4 4 3 3 3 3 2 2 2 2 2 1 1 1 1 1 1 
101 86 74 74 66 66 61 61 55 55 55 53 50 46 40 40 40 40 39 39 39 35 34 34 34 31 31 29 28 28 28 28 27 23 21 21 21 21 19 19 18 18 18 18 17 17 13 13 13 13 12 10 10 9 9 9 9 9 9 9 9 8 7 7 7 6 6 6 5 5 5 5 4 4 4 4 3 3 3 3 2 2 2 2 2 1 1 1 1 1 1 
101 85 73 72 65 65 61 61 55 55 54 49 47 46 40 40 40 40 39 39 38 34 33 33 33 30 30 28 28 28 26 26 24 23 21 21 20 20 19 17 17 17 17 17 16 15 13 13 12 12 12 10 10 9 9 9 9 9 9 8 8 8 7 7 6 6 6 5 5 4 4 4 4 4 3 3 3 3 3 2 2 2 1 1 1 1 1 1 1 1 1 
101 83 73 71 63 63 61 61 55 54 50 49 47 43 40 40 40 39 38 36 35 34 33 32 32 30 29 28 27 27 25 24 23 21 21 19 19 18 17 17 17 17 15 15 15 13 13 13 12 12 11 10 9 8 8 8 8 8 8 8 8 7 6 6 6 5 4 4 4 3 3 3 3 3 3 3 3 2 1 1 1 1 1 1 1 1 1 
97 80 73 69 63 62 61 61 54 54 44 44 43 41 40 40 40 39 38 36 35 33 32 32 31 28 27 25 25 23 23 23 21 21 20 19 19 14 14 14 14 14 13 13 13 13 13 13 10 10 10 9 9 8 8 8 8 8 8 8 8 7 6 6 4 4 4 4 4 3 3 3 3 3 2 2 2 1 1 1 1 1 1 1 1 1 
96 80 72 69 62 61 58 54 54 53 43 42 41 40 39 39 39 34 32 32 31 31 30 29 29 23 21 21 19 19 19 19 19 19 19 17 17 14 14 14 14 14 13 13 13 11 11 11 10 10 8 8 8 8 8 8 8 8 8 7 7 6 6 5 4 4 4 3 3 3 3 3 2 2 2 2 1 1 1 1 
94 79 69 66 60 59 58 54 54 51 42 42 40 39 39 39 33 32 29 29 24 23 23 23 23 22 21 19 19 18 16 16 16 16 16 16 15 14 14 13 13 13 13 13 10 10 10 10 10 10 8 8 8 8 8 8 8 7 7 7 6 6 5 5 3 3 3 3 3 3 3 3 2 2 2 2 1 1 
87 78 69 66 60 59 57 54 52 45 42 39 38 36 36 36 32 30 29 24 23 23 23 23 23 21 19 19 19 17 16 16 16 16 16 15 13 13 13 13 13 12 12 10 10 10 10 10 8 8 8 8 8 8 7 7 7 7 6 5 5 5 5 4 3 3 3 3 3 3 2 2 2 2 2 2 1 1 
86 77 69 66 58 58 57 53 51 45 42 38 37 36 32 32 30 29 29 23 23 23 23 23 21 20 19 19 18 17 16 16 16 16 14 13 13 13 13 12 11 11 11 10 10 10 10 10 8 8 8 7 7 6 6 6 6 6 5 5 5 4 3 3 3 3 2 2 2 2 2 2 2 2 1 1 1 1 
79 73 61 59 58 58 54 49 48 45 40 37 35 35 30 30 30 29 27 23 22 20 20 18 18 17 17 17 17 17 16 16 15 14 13 12 12 12 12 11 11 11 11 9 9 9 9 9 8 8 8 7 6 6 6 5 5 5 5 4 4 3 3 3 3 3 2 2 2 2 2 2 
77 73 61 59 58 56 53 47 47 45 40 36 35 32 30 30 29 28 27 22 21 20 20 17 17 17 17 17 17 17 16 14 14 14 13 12 12 12 12 11 10 10 10 9 9 9 9 8 7 7 6 6 6 6 6 4 3 3 3 3 3 3 3 3 3 2 2 2 1 1 
77 72 59 59 58 53 53 47 44 43 38 36 35 32 30 29 28 28 26 22 21 20 20 17 17 17 17 16 16 16 15 14 13 12 11 11 11 11 10 9 9 9 9 9 9 9 9 8 6 6 6 5 5 5 5 4 3 3 3 3 2 2 2 2 2 2 2 2 1 
76 67 57 56 56 53 52 47 44 43 38 36 34 32 30 29 28 27 26 22 21 19 19 17 17 16 16 16 15 14 14 13 12 12 11 10 9 9 9 9 9 9 9 9 8 8 8 8 6 6 6 5 5 5 3 3 3 2 2 2 2 2 2 2 2 2 2 1 1 
61 61 56 56 52 49 48 46 43 43 38 36 34 32 30 27 27 23 21 21 21 18 18 17 17 16 16 16 14 14 13 13 12 11 9 9 9 9 9 9 8 8 7 7 7 7 7 7 6 6 4 3 3 3 3 3 3 2 2 2 2 2 2 2 2 1 1 1 1 
58 56 56 55 51 49 47 45 40 40 36 36 34 30 27 25 24 23 21 21 18 18 17 16 16 16 16 14 14 14 13 13 11 11 9 9 9 9 9 9 8 8 7 7 7 7 7 6 6 6 4 3 3 3 3 3 3 2 2 2 2 2 2 1 
56 56 53 52 48 48 47 42 39 38 36 34 33 29 27 24 23 22 21 18 17 17 17 16 16 15 14 12 12 11 11 10 10 10 9 9 9 9 8 8 8 8 7 7 7 7 6 6 5 5 4 3 3 2 2 2 2 2 2 2 2 2 2 1 
56 56 52 50 48 48 43 39 39 38 36 33 32 28 26 22 22 22 19 16 16 16 16 16 14 14 14 12 11 11 11 10 10 9 9 9 9 9 8 8 8 7 7 7 7 7 6 6 4 4 4 3 3 2 2 2 2 2 2 2 2 1 1 
54 53 50 48 48 48 41 39 37 34 34 33 31 28 25 22 20 19 17 16 16 16 16 14 14 13 12 11 11 11 11 10 9 9 9 9 9 8 8 8 8 7 7 7 6 5 4 3 3 3 3 3 3 2 2 2 2 1 1 1 1 1 1 
53 51 50 48 46 41 38 38 34 34 34 33 30 24 24 22 19 19 16 16 16 16 15 14 14 13 12 11 11 10 9 9 9 9 9 8 8 8 8 8 8 7 7 7 6 5 4 3 3 3 3 3 3 2 2 1 1 1 1 1 1 
53 49 48 46 44 40 38 36 34 34 34 32 29 24 22 20 18 18 16 16 15 15 15 13 13 13 12 11 11 10 9 8 8 8 8 8 8 8 8 7 7 6 4 4 3 3 2 2 2 2 2 2 1 1 1 1 1 1 1 
51 49 48 46 40 40 38 36 34 32 32 31 29 21 20 20 18 16 15 15 14 14 11 11 11 11 10 10 10 9 9 8 8 8 8 8 8 8 5 5 4 4 4 4 3 3 2 2 2 2 2 2 1 1 1 1 1 1 
49 46 44 42 36 36 32 32 32 30 30 30 26 21 20 19 17 15 15 15 14 14 10 10 10 8 8 8 8 8 8 8 8 8 8 8 8 6 5 4 4 4 4 4 3 2 2 2 2 2 2 2 1 1 1 1 
49 46 40 40 34 33 32 32 30 30 29 29 23 20 18 18 17 15 15 15 14 14 10 10 9 8 8 8 8 8 8 8 8 8 8 8 8 6 5 4 4 4 3 3 3 2 2 2 2 2 2 1 1 1 1 
46 44 37 37 34 33 32 32 30 27 27 26 21 17 17 17 17 15 15 14 13 13 10 8 8 8 8 8 8 8 8 8 8 8 7 7 6 6 4 4 4 2 2 2 2 2 2 1 1 1 1 1 1 1 1 
45 43 35 35 33 33 32 31 29 27 27 26 21 17 17 17 16 15 14 14 11 11 10 8 8 8 8 8 8 8 8 8 8 7 7 6 6 4 4 4 3 2 2 2 2 2 2 1 1 1 1 1 1 1 
44 41 35 33 33 32 31 30 29 26 26 26 20 17 17 17 16 14 14 14 11 11 10 8 8 8 8 8 8 7 7 7 7 7 6 4 4 4 3 2 2 2 2 2 2 2 1 1 1 1 1 1 1 1 
43 39 33 32 32 32 31 29 28 26 24 23 20 17 17 17 16 14 13 13 11 11 10 8 8 8 8 8 7 7 6 6 6 6 5 4 4 3 3 2 2 2 2 2 2 2 1 1 1 1 1 1 1 
43 38 33 32 32 31 30 28 26 26 23 23 20 17 17 17 16 13 12 12 11 9 9 8 8 8 8 6 6 6 6 6 6 5 4 4 3 3 3 2 2 2 2 2 2 2 1 1 1 1 1 1 
41 38 32 32 32 31 29 27 26 24 23 21 18 17 17 16 15 12 12 12 10 9 9 8 8 8 6 6 6 6 5 5 5 4 4 4 3 3 2 2 2 2 2 2 2 1 1 1 1 1 1 
41 38 32 32 32 31 29 26 26 22 20 19 17 16 15 15 14 12 12 12 9 9 8 8 8 7 6 6 6 6 5 5 5 4 3 3 3 2 2 2 2 2 2 2 1 1 1 1 1 1 
41 37 32 32 31 30 28 26 26 18 18 18 17 16 15 14 13 12 12 10 9 9 8 8 8 6 6 6 6 6 5 5 5 4 3 3 2 2 2 2 2 2 2 2 1 1 1 1 1 
40 37 32 32 31 30 28 25 25 18 18 17 16 16 15 14 13 12 12 10 9 9 8 8 8 6 6 6 6 5 5 5 5 4 3 3 2 2 2 2 2 1 1 1 1 1 1 1 
40 37 32 31 31 27 26 24 21 18 18 16 16 15 13 13 13 12 11 10 9 9 8 8 8 6 6 6 5 5 5 5 3 2 2 2 2 2 2 2 2 1 1 1 1 1 1 1 
40 36 32 31 30 27 25 24 21 18 17 16 16 14 12 12 12 12 11 10 9 9 8 8 8 6 6 5 5 5 5 4 3 2 2 2 2 2 1 1 1 1 1 1 1 1 1 1 
40 36 32 31 30 27 24 24 21 18 16 16 16 14 12 12 12 12 11 10 9 9 8 8 8 6 6 5 5 3 3 3 2 2 2 2 2 2 1 1 1 1 1 1 1 
36 35 32 31 29 27 24 22 21 17 16 16 16 14 12 12 12 12 11 9 9 8 8 8 6 6 5 5 5 3 3 3 2 2 2 2 2 2 1 1 1 1 1 1 1 
35 35 31 31 29 24 23 20 20 17 16 16 13 13 12 12 12 11 11 9 8 8 6 6 6 6 5 5 4 3 3 3 2 2 2 2 1 1 1 1 1 1 1 1 
35 33 31 30 28 24 21 19 18 17 16 15 13 13 12 12 12 10 10 8 8 8 6 6 6 6 5 3 3 3 3 2 2 2 2 1 1 1 1 1 1 1 1 1 
34 33 29 27 26 24 21 19 18 15 15 14 13 13 12 11 11 10 9 7 7 7 6 6 6 6 4 3 2 2 2 2 2 2 1 1 1 1 1 1 1 1 1 
34 32 28 27 26 24 21 18 17 15 15 14 13 13 12 11 10 10 9 7 7 7 6 6 6 5 4 3 2 2 2 2 2 2 1 1 1 1 1 1 1 1 1 
34 32 27 26 24 21 21 17 17 15 15 14 13 13 11 11 10 10 9 7 7 7 6 5 5 5 2 2 2 2 2 2 2 2 1 1 1 1 1 1 1 1 
33 32 27 26 23 21 21 17 17 15 15 13 13 12 11 10 10 10 9 7 7 7 5 5 5 5 2 2 2 2 2 2 2 2 1 1 1 1 1 1 1 1 
33 30 27 26 23 21 20 17 17 15 15 13 13 11 11 10 10 10 9 7 7 5 5 5 4 4 2 2 2 2 2 2 1 1 1 1 1 1 1 
32 29 27 26 23 21 18 17 17 14 14 13 13 11 11 9 9 8 7 7 7 5 5 5 4 4 2 2 2 2 1 1 1 1 1 1 
32 28 26 26 22 21 18 17 16 14 14 13 13 11 10 8 8 7 7 7 5 5 5 5 4 3 2 2 2 2 1 1 1 1 1 1 
32 28 26 26 22 20 18 17 15 14 14 13 13 10 9 8 8 7 7 6 5 5 5 4 3 3 2 1 1 1 1 1 1 1 1 
31 28 26 25 22 20 16 15 14 14 12 12 12 9 9 8 8 7 5 5 4 4 4 4 3 3 2 1 1 1 1 1 1 1 
31 28 25 25 22 20 16 15 14 14 12 12 9 9 9 7 7 7 5 5 4 3 3 3 3 3 2 1 1 1 1 1 1 
31 25 25 25 21 18 16 13 13 13 12 12 9 8 8 7 7 6 5 5 4 3 3 3 3 2 2 1 1 1 1 1 1 
31 25 24 23 21 18 13 12 12 12 12 11 8 7 7 7 7 6 5 5 4 3 3 3 3 2 2 1 1 1 1 1 1 
31 25 24 23 21 17 12 12 12 12 12 11 7 7 6 6 6 6 4 4 3 3 3 3 3 2 2 1 1 1 1 
28 24 23 22 21 16 12 12 12 12 10 10 7 6 6 6 6 4 4 3 3 3 3 3 3 2 2 1 1 1 1 
27 23 22 21 20 15 12 12 12 12 10 10 7 6 6 6 6 4 4 3 3 3 3 3 2 2 2 1 1 1 1 
27 22 22 21 20 14 12 12 12 11 10 7 7 6 6 6 4 4 3 3 3 3 3 3 2 1 1 1 1 1 
24 22 22 20 18 14 12 12 12 9 8 7 6 6 5 5 4 4 3 3 3 3 3 3 2 1 1 1 1 1 
24 22 22 20 17 14 12 12 10 8 8 7 6 5 5 5 4 4 3 3 3 3 3 3 2 1 1 1 1 
24 22 22 20 17 14 12 10 9 8 8 7 6 5 5 4 4 4 3 3 3 3 2 2 2 1 1 1 1 
24 21 21 20 13 13 12 10 9 8 7 7 6 5 5 4 4 4 3 3 3 2 2 2 2 1 1 
22 21 21 19 13 11 11 9 9 8 7 5 5 5 5 4 4 4 3 3 3 2 2 1 1 1 1 
22 21 19 19 12 11 10 9 9 7 7 5 5 5 5 4 4 3 3 3 3 2 2 1 1 1 1 
22 21 19 19 9 9 9 9 9 7 6 5 5 5 4 3 3 3 3 3 3 2 2 1 1 1 
22 21 19 19 9 9 9 9 9 7 6 5 5 5 4 3 3 3 3 3 3 2 1 1 1 1 
22 21 19 19 9 9 9 9 9 5 5 5 5 5 4 3 3 3 3 3 3 2 1 1 
22 19 19 18 9 9 9 8 8 5 5 5 5 5 4 3 3 3 3 3 2 2 1 1 
21 19 19 16 9 8 8 8 8 5 5 5 5 4 4 3 3 3 3 3 1 1 1 1 
21 19 18 15 9 8 8 8 7 5 4 4 4 4 4 3 3 3 3 3 1 1 1 1 
21 19 17 15 9 8 6 6 6 5 4 4 4 4 3 3 3 3 3 3 1 1 1 1 
21 19 17 14 9 8 6 6 6 4 4 4 3 3 3 3 3 3 3 3 1 1 1 1 
21 19 17 14 9 8 6 6 4 4 4 4 3 3 3 3 3 3 3 3 1 1 1 
20 19 17 13 9 8 6 6 4 4 4 4 3 3 3 3 3 3 3 2 1 1 1 
20 19 15 12 9 8 6 6 4 4 4 4 3 3 3 3 3 3 3 1 1 1 
20 18 15 12 8 8 6 6 4 4 4 4 3 3 3 3 2 2 2 1 1 1 
18 18 15 10 8 7 6 6 4 4 4 3 3 3 3 3 2 2 1 1 1 1 
18 17 15 10 8 7 6 6 4 4 3 3 3 3 3 3 2 2 1 1 1 1 
18 17 15 10 8 7 6 6 4 4 3 3 3 3 3 2 2 2 1 1 1 
18 16 15 10 8 7 5 5 4 4 3 3 3 3 3 2 2 1 1 1 1 
18 16 15 10 8 6 5 5 4 4 3 3 3 3 3 2 1 1 1 1 
18 16 14 10 8 6 5 5 4 4 2 2 2 2 2 2 1 1 1 1 
18 16 14 10 7 6 5 5 3 3 2 2 2 2 2 2 1 1 
18 15 13 10 7 6 5 4 3 3 2 2 2 2 2 1 1 
17 15 12 10 7 5 5 4 3 3 2 2 2 2 1 1 1 
16 14 12 10 7 5 4 4 3 3 2 2 2 2 1 1 
16 14 12 10 7 5 4 4 3 3 2 2 2 2 1 1 
16 14 12 10 6 5 4 4 3 3 2 2 2 1 1 1 
16 14 11 9 6 5 4 4 3 3 2 2 2 1 1 1 
16 14 11 9 6 4 4 4 3 3 2 2 1 1 
16 13 10 9 6 4 4 4 3 2 2 2 1 
16 13 9 8 6 4 4 3 2 2 2 2 1 
16 12 9 6 6 4 4 3 2 2 2 1 1 
16 12 7 6 6 4 3 2 2 1 1 
16 9 6 6 6 3 3 2 1 1 1 
16 9 6 6 6 3 3 1 1 1 1 
16 8 6 6 6 3 3 1 1 1 
14 7 6 6 4 3 3 1 1 1 
14 7 5 5 4 3 3 1 1 
14 6 5 5 4 3 3 1 1 
9 6 5 5 4 3 3 1 1 
9 6 5 4 4 3 3 
9 6 5 4 4 3 3 
9 6 4 4 4 3 2 
9 6 4 4 3 3 1 
9 6 4 3 3 3 1 
9 5 4 3 3 3 1 
9 5 4 3 3 3 1 
7 5 4 3 3 3 1 
7 5 3 3 3 3 1 
7 5 3 3 3 3 
7 5 3 3 3 2 
5 4 3 3 3 2 
5 4 3 3 3 2 
5 4 3 3 3 2 
5 4 3 3 1 
5 4 3 3 1 
5 3 3 3 1 
5 3 3 3 
4 3 3 3 
4 3 3 2 
4 3 3 2 
4 3 3 1 
4 3 1 1 
4 3 1 1 
4 3 1 
4 3 1 
4 3 1 
4 3 1 
4 3 1 
4 3 
3 2 
3 2 
3 2 
3 2 
3 2 
3 2 
2 2 
2 2 
2 2 
2 2 
2 2 
2 2 
2 1 
2 1 
1 
1 
1 
1 
1 
1 
