155 146 135 134 133 125 123 119 116 116 115 111 104 96 95 95 95 92 89 83 79 74 72 72 66 66 64 60 59 57 57 56 56 56 56 56 56 53 53 50 50 50 50 47 46 44 44 43 41 39 38 38 37 37 37 35 35 35 35 35 35 33 33 32 31 27 27 27 26 26 26 26 23 23 23 23 22 22 20 20 20 17 17 17 17 17 17 17 17 17 17 17 17 16 16 15 15 15 15 15 15 15 15 14 12 12 11 9 8 8 8 8 8 8 8 8 8 7 7 7 6 5 5 5 4 4 4 4 4 4 2 2 2 2 2 2 2 2 2 2 2 2 2 2 2 2 2 1 1 1 1 1 1 1 1 1 1 1 1 1 1 1 1 1 1 1 1 1 1 1 
134 134 131 124 116 116 115 114 101 100 100 96 87 87 85 83 82 82 80 78 77 72 67 62 60 60 58 56 56 56 56 56 55 53 51 48 48 48 47 47 47 47 45 45 44 43 41 38 37 37 36 36 36 34 34 31 30 30 30 30 30 30 30 27 27 27 25 24 23 22 22 22 21 21 18 18 12 12 12 12 12 12 12 12 12 12 12 12 11 11 11 11 11 11 11 11 11 11 10 9 9 9 9 9 9 9 8 8 8 7 7 6 6 6 6 5 5 5 5 5 5 5 5 5 4 4 4 4 3 3 2 2 2 2 2 2 2 2 1 
124 120 119 119 107 107 105 99 96 92 87 86 85 84 83 82 81 79 75 73 71 64 62 62 54 54 51 51 51 51 49 46 46 46 45 44 44 41 40 36 36 36 36 34 33 33 33 31 29 29 29 29 29 29 29 28 27 26 26 26 25 25 25 25 22 22 22 22 22 22 21 18 18 18 15 15 12 12 12 12 12 12 12 12 12 12 11 11 11 11 11 10 10 10 9 9 9 9 8 8 8 8 8 7 7 4 4 4 4 4 3 3 3 3 3 2 2 2 2 2 2 2 2 2 2 2 2 2 1 1 1 1 1 1 1 1 1 1 1 
122 119 117 116 107 106 99 89 89 86 83 82 81 81 75 75 68 67 67 67 67 64 60 57 52 51 49 49 47 47 45 45 44 43 39 39 39 36 36 32 32 32 32 32 32 32 30 30 29 29 29 28 26 26 26 26 25 25 25 25 23 21 21 19 19 19 19 19 19 18 18 18 17 17 15 15 12 12 12 12 12 12 12 12 12 11 10 10 10 7 7 7 7 7 7 7 7 7 7 6 6 6 6 5 4 4 4 4 3 3 3 3 3 3 2 2 2 1 1 1 1 1 1 1 1 1 1 1 1 1 1 
120 117 117 115 105 100 95 86 85 81 81 80 78 76 74 70 67 67 67 66 65 61 60 57 51 50 49 46 46 45 45 44 44 42 37 37 37 36 35 32 32 32 32 32 32 30 30 30 28 26 26 26 25 24 24 24 23 22 21 21 21 21 20 19 19 17 16 15 12 12 12 12 12 12 12 12 11 10 10 10 10 10 10 9 9 8 7 7 7 7 7 7 7 7 6 6 6 6 6 6 6 6 6 5 4 3 3 3 3 2 2 1 1 1 1 1 1 1 1 1 1 1 1 1 1 1 1 1 1 
120 113 107 107 103 92 91 85 81 81 80 79 77 76 74 68 67 66 65 65 56 56 53 53 50 50 46 46 46 44 43 43 41 38 37 37 36 34 33 32 32 32 30 30 28 28 28 28 25 25 25 25 23 23 22 22 21 21 21 21 21 21 15 15 15 15 14 14 12 12 12 12 12 10 10 9 9 9 9 9 9 9 8 7 7 7 7 6 6 6 6 6 6 6 6 6 5 5 5 5 5 5 5 4 4 3 3 3 1 1 1 1 1 1 1 1 1 1 1 1 1 1 1 1 
118 107 107 105 96 92 85 82 80 79 79 73 73 71 69 68 66 62 62 62 56 56 53 53 50 47 46 46 44 43 41 40 40 37 37 36 34 32 30 29 27 27 27 25 23 23 23 23 23 22 22 22 22 22 22 21 20 19 18 18 18 18 15 15 14 14 14 14 12 12 12 10 10 9 9 9 9 8 8 8 8 7 6 6 6 6 6 6 5 5 5 5 5 5 5 5 5 4 4 4 4 2 2 2 2 2 2 2 1 1 1 1 1 1 1 1 1 1 1 
118 107 106 93 93 91 85 79 79 79 72 68 67 66 65 64 63 61 59 59 56 51 51 50 50 45 45 43 42 40 39 39 38 35 35 34 33 30 30 28 26 26 25 25 23 23 23 23 22 22 22 21 21 21 21 19 19 18 18 17 17 17 14 14 14 13 13 13 12 11 11 10 10 9 9 9 8 8 8 7 7 7 6 5 5 5 5 5 5 5 5 5 4 4 4 4 4 4 3 3 3 2 2 2 2 1 1 
118 106 102 92 91 87 84 77 77 76 71 67 65 64 64 62 60 59 59 54 51 51 50 49 48 45 42 42 41 39 39 38 36 35 34 33 31 29 27 27 26 24 24 24 23 23 23 23 22 22 22 21 19 19 19 19 19 18 16 16 12 12 11 11 11 10 10 10 10 10 10 10 9 8 8 8 8 6 6 6 6 5 5 5 5 5 5 5 5 5 5 5 4 4 4 4 3 3 3 2 2 2 1 1 1 
107 105 99 91 88 86 74 74 73 73 70 67 64 60 60 59 58 56 56 52 50 49 49 49 47 43 42 42 40 39 38 36 35 34 34 31 29 27 26 26 26 24 24 24 23 23 22 22 22 22 22 19 19 19 18 17 16 16 15 15 12 11 11 11 11 10 10 10 10 10 10 8 7 7 7 7 6 6 6 6 6 5 5 5 5 5 5 5 5 4 3 3 3 3 3 3 3 2 2 2 2 2 1 
107 96 95 90 88 78 73 73 73 73 65 64 63 60 60 58 57 56 56 51 49 49 47 47 45 42 42 41 39 37 37 35 31 31 31 30 28 26 26 26 25 23 23 21 20 19 19 19 18 18 17 17 17 16 15 15 14 14 13 13 12 11 11 10 10 10 10 9 8 8 8 7 7 7 7 7 6 6 6 6 5 5 5 5 4 4 4 4 3 3 3 3 3 3 3 1 1 1 1 1 1 1 
106 93 93 89 86 76 73 73 73 69 64 63 62 60 56 54 54 48 48 47 47 45 45 43 42 40 39 39 37 37 34 34 30 30 28 28 28 26 26 25 24 22 22 21 19 19 19 19 17 17 17 17 17 16 15 15 13 13 9 9 8 8 8 8 8 8 8 8 8 8 8 7 7 7 7 6 6 6 5 5 5 5 5 4 4 4 4 2 2 2 2 2 2 2 2 1 1 1 1 1 1 
103 93 90 82 82 75 73 71 69 66 62 61 59 58 55 52 49 47 47 47 46 45 44 43 42 39 38 38 37 35 34 33 30 30 27 26 26 25 25 25 24 22 21 19 19 18 18 18 17 17 17 17 12 12 12 12 12 11 8 8 8 8 8 8 8 8 8 8 7 7 7 7 7 7 6 6 6 6 5 5 5 4 4 4 4 4 3 2 2 2 2 2 2 1 1 1 1 1 1 1 
100 91 86 82 82 75 72 70 66 64 58 58 56 55 53 51 48 47 42 42 41 41 40 39 39 39 36 36 36 34 34 32 30 30 27 26 23 22 19 19 19 18 18 18 17 17 17 17 17 17 14 14 12 12 10 9 9 9 8 8 8 8 8 8 8 8 8 8 7 7 7 7 6 6 6 5 5 5 4 4 4 4 3 3 3 3 2 2 2 2 2 1 1 1 1 1 1 1 1 1 
98 90 85 82 81 70 70 68 63 62 56 54 53 51 51 48 45 45 42 40 40 40 39 38 38 38 36 36 33 33 33 31 29 29 27 26 22 22 19 18 18 18 18 17 17 17 17 17 13 13 13 12 11 9 9 9 9 8 8 8 8 8 8 8 7 7 7 7 6 6 6 6 6 6 5 5 5 5 4 4 4 3 3 2 2 
96 89 85 78 71 68 68 66 61 59 53 53 53 47 47 45 45 45 41 40 40 39 38 36 34 33 33 33 33 31 31 27 25 24 24 24 20 20 19 18 18 18 18 17 16 15 15 15 13 11 11 10 8 8 8 8 8 8 8 8 7 7 7 7 7 7 7 7 6 6 5 5 5 5 4 4 4 3 3 3 2 2 2 
80 79 79 78 67 66 66 66 57 56 53 52 52 47 47 44 44 43 37 35 35 35 35 35 33 33 33 31 30 28 24 21 21 21 21 21 20 20 19 18 18 18 17 16 15 15 14 12 12 11 11 8 8 8 8 8 8 8 8 8 7 7 7 7 7 7 7 6 5 5 5 4 4 4 4 4 4 2 2 2 2 2 1 
79 79 79 74 67 66 66 61 56 54 51 48 48 46 46 44 44 41 36 34 34 34 34 34 33 33 29 28 27 26 22 21 21 21 21 20 19 19 19 18 18 18 15 15 13 12 12 12 12 11 9 8 8 8 8 8 8 8 8 7 7 6 6 6 6 6 6 5 5 5 4 4 4 4 4 2 2 2 2 1 1 1 
79 79 72 71 66 65 64 61 55 50 49 46 43 43 43 43 41 38 35 34 34 33 33 33 29 29 27 27 26 25 21 21 21 21 20 20 19 19 19 17 17 17 15 12 12 12 12 12 12 10 9 8 8 8 8 8 7 7 7 6 6 6 6 6 4 4 4 4 4 4 4 4 3 3 1 1 
79 79 71 67 65 64 62 59 55 49 47 43 43 43 43 42 40 38 34 34 34 32 32 31 28 28 27 27 26 25 21 19 18 18 18 18 18 18 17 14 12 12 12 12 12 12 12 10 10 10 9 8 8 7 7 7 5 5 5 5 5 5 4 4 4 4 4 4 4 4 4 3 3 1 1 1 
79 79 68 67 64 64 59 59 54 49 46 43 41 41 41 38 37 33 33 32 32 32 32 30 28 27 25 25 24 24 21 19 18 18 18 17 15 15 15 14 12 12 11 11 11 11 11 10 10 10 9 8 7 7 7 7 5 5 5 5 5 5 4 4 4 4 3 3 3 3 2 2 2 1 1 
79 77 68 66 63 63 57 57 54 47 46 43 40 40 39 37 37 32 32 32 32 30 30 29 26 26 25 24 23 23 21 18 18 18 18 15 15 14 12 12 12 12 11 11 10 10 9 9 9 9 8 7 7 7 7 5 5 5 5 5 5 4 4 4 4 4 3 3 3 2 1 
77 72 67 64 63 56 54 52 51 47 46 39 38 38 38 37 35 32 32 32 30 28 27 27 26 26 24 23 22 22 21 18 18 18 17 13 13 13 12 12 12 11 11 11 10 9 8 7 6 6 6 6 6 6 6 5 5 5 4 4 4 4 4 4 4 3 3 3 3 1 
77 70 67 61 61 54 51 47 47 46 46 38 38 37 36 34 34 31 30 30 30 27 26 26 26 25 23 21 21 20 20 18 17 17 14 13 13 13 12 12 12 9 8 8 8 6 6 6 6 6 6 5 4 4 4 4 4 4 4 4 4 3 3 3 3 3 2 2 2 1 
77 68 64 61 60 52 51 47 45 44 40 38 38 37 35 34 33 31 30 30 28 26 26 26 25 22 21 21 18 18 18 15 15 14 14 12 12 11 11 9 9 8 8 7 7 6 5 5 5 5 4 4 4 4 4 4 4 4 4 4 4 3 3 3 3 3 2 1 
76 68 64 55 55 52 48 47 45 43 40 38 37 37 33 30 28 28 28 27 27 25 25 25 24 22 20 20 18 18 15 15 15 14 14 12 12 10 10 7 7 7 7 7 6 6 5 5 5 4 4 4 4 4 4 4 4 4 4 3 3 3 3 3 2 2 2 
71 67 60 52 52 50 48 47 44 43 40 38 35 35 30 30 28 28 27 25 25 25 19 19 18 18 18 18 17 17 15 14 14 13 13 12 12 10 10 7 7 7 7 6 5 5 5 5 5 4 4 4 4 4 4 4 4 4 3 3 2 2 2 2 2 1 1 
71 64 57 52 51 48 48 46 43 42 39 37 35 35 30 28 28 28 27 24 21 20 19 19 18 18 18 18 17 17 13 13 11 10 10 10 10 9 9 7 7 7 5 5 5 5 5 4 4 4 4 4 4 4 3 3 3 3 3 2 2 2 2 2 2 1 1 
71 64 55 50 50 46 43 40 40 40 37 35 34 34 29 28 27 26 23 22 21 19 18 18 18 18 18 18 17 15 13 12 10 10 8 8 8 8 6 6 6 6 5 5 5 5 5 4 4 4 4 4 4 2 2 2 2 2 2 2 2 2 2 1 1 1 1 
70 64 54 47 47 45 43 39 39 39 37 35 34 34 29 28 26 26 22 21 18 18 18 17 17 17 17 16 15 14 13 12 10 10 8 8 8 8 6 6 6 6 5 5 5 5 4 4 4 4 4 4 3 2 1 1 1 1 1 1 1 1 1 
67 61 49 46 46 44 42 39 38 38 35 35 34 30 29 28 26 23 22 20 18 18 17 17 16 16 16 16 13 13 11 11 9 9 8 7 7 5 5 5 5 5 5 5 5 4 4 4 4 4 4 3 3 2 1 1 1 1 1 
66 61 49 45 45 41 41 39 37 37 35 34 34 28 27 27 25 23 20 19 18 17 17 16 16 16 16 16 12 11 10 9 9 9 8 7 7 5 5 5 5 5 5 5 5 4 4 3 1 1 1 1 1 1 1 1 1 1 
66 58 47 45 43 41 41 38 37 37 35 34 29 26 26 26 25 21 18 18 18 17 16 16 15 14 14 13 12 11 10 9 9 9 7 7 7 5 5 5 5 5 5 5 5 4 2 2 1 1 1 1 1 1 1 1 1 
64 57 46 45 43 41 40 37 37 37 34 34 29 26 26 25 23 19 18 18 16 16 16 16 15 12 10 10 10 10 9 9 7 7 7 7 7 5 5 5 5 5 4 2 1 1 1 1 1 1 1 1 1 1 
63 57 45 45 43 38 38 37 37 37 34 34 26 26 25 25 22 19 18 18 16 16 16 16 14 10 8 8 8 8 8 8 7 7 7 6 6 5 5 5 5 4 3 2 1 1 1 1 1 1 1 1 1 
61 57 45 42 42 38 38 37 32 32 32 32 26 25 25 23 22 19 18 18 16 16 16 15 14 10 8 8 8 8 8 8 7 7 7 6 6 5 5 5 5 3 2 1 1 1 1 1 1 1 1 
60 56 43 40 40 38 38 37 32 32 32 30 26 25 24 21 20 19 18 18 16 15 15 14 12 10 8 8 8 7 7 7 7 7 6 5 5 5 5 4 4 3 1 1 1 1 1 1 1 1 
59 54 43 40 40 36 36 36 32 31 31 27 26 25 23 21 19 19 17 16 16 15 15 13 12 8 8 8 8 7 7 7 7 7 6 5 5 4 3 3 3 2 1 1 1 1 1 1 
58 52 43 40 40 36 35 33 32 28 25 25 25 22 21 20 17 16 15 14 14 14 13 11 11 8 8 7 7 7 7 7 7 6 5 4 2 2 2 2 1 1 1 1 1 1 
53 49 43 40 37 36 33 33 32 26 25 25 25 21 18 17 17 16 15 14 13 13 12 11 10 8 7 7 7 7 7 7 7 6 4 3 2 2 2 2 1 1 1 1 1 
49 46 43 39 34 33 33 32 27 26 24 24 22 18 17 17 16 15 14 13 13 13 12 11 10 8 7 7 7 7 7 7 5 5 4 2 2 2 2 1 1 1 1 
48 45 40 39 34 33 33 31 27 24 24 24 20 18 16 16 16 15 14 13 13 13 11 11 10 8 7 7 7 7 7 6 5 5 4 2 2 2 2 1 1 1 
48 45 40 38 33 33 31 31 27 24 24 21 20 18 16 16 14 14 13 13 13 13 11 11 8 8 7 7 6 6 6 5 4 4 3 2 2 2 2 1 1 1 
48 45 37 37 33 33 31 30 27 24 24 21 20 18 16 16 13 13 12 12 12 11 10 10 8 8 7 6 6 6 6 4 3 3 3 2 2 1 1 1 1 1 
47 45 37 37 32 32 31 30 27 24 22 21 17 17 16 15 13 13 12 11 11 11 7 7 7 7 7 6 6 6 6 4 3 3 2 2 1 1 1 1 
46 43 37 36 32 31 29 29 25 24 20 20 16 16 15 14 13 13 12 10 10 10 7 7 6 6 6 6 6 4 4 3 3 2 2 1 1 1 1 1 
46 43 37 36 31 31 29 25 25 22 20 19 16 16 15 13 12 10 10 10 10 9 7 7 6 6 5 5 5 4 4 3 2 2 2 
45 43 37 36 31 30 28 25 25 22 19 19 16 16 15 13 11 10 10 10 10 9 7 7 6 6 5 4 4 4 4 3 1 1 1 
44 42 36 36 30 26 25 24 23 21 19 19 16 16 14 12 11 10 10 10 10 9 7 7 6 5 4 4 4 4 3 2 1 1 
44 40 36 35 30 26 25 24 23 21 19 19 16 16 14 12 11 10 9 9 9 8 6 6 5 5 4 4 4 4 3 1 1 1 
44 40 36 33 28 26 25 23 22 19 18 18 16 16 14 12 11 9 9 8 8 8 6 5 5 5 4 3 3 3 3 1 1 1 
44 38 33 32 26 26 25 23 21 18 18 18 16 15 13 12 10 9 9 7 7 7 6 5 5 5 3 3 3 2 2 1 1 1 
43 37 32 32 26 26 24 22 20 18 18 15 15 13 13 11 10 9 7 7 7 7 6 5 5 4 3 3 3 2 2 1 1 
40 37 32 32 26 26 22 19 19 17 14 14 14 13 12 10 10 9 7 7 7 7 6 5 5 4 3 3 3 2 2 1 1 
40 36 32 32 26 23 21 19 17 17 14 14 14 13 11 10 9 9 7 6 6 6 6 4 4 4 3 2 2 1 1 1 1 
36 34 32 31 26 23 21 19 17 16 14 13 13 13 11 10 9 9 7 6 6 6 6 4 4 4 3 2 2 1 1 1 
36 34 32 30 26 21 21 19 17 15 13 13 11 11 10 9 7 7 7 6 6 6 5 4 4 4 3 2 2 1 1 1 
36 34 32 29 26 21 18 18 15 14 13 12 11 11 10 9 7 7 7 6 6 6 4 4 4 4 3 1 1 1 1 1 
35 33 30 29 26 21 18 18 14 13 13 11 11 11 8 8 7 7 6 6 6 6 4 4 4 4 3 1 1 1 1 1 
35 33 30 29 24 20 18 16 14 12 11 11 11 11 8 7 7 7 6 6 6 4 4 4 4 4 2 1 1 1 1 1 
35 33 26 25 24 20 18 16 13 12 11 11 11 9 8 7 7 6 5 5 4 4 4 4 3 3 2 1 1 1 1 1 
34 33 26 25 24 20 18 16 13 11 11 11 11 9 8 7 7 5 5 5 4 4 4 4 3 3 1 1 1 1 1 1 
34 32 26 21 20 18 16 15 13 11 11 10 10 9 8 7 7 5 5 5 4 4 4 3 2 2 1 1 1 1 1 1 
31 29 26 21 19 18 15 15 13 11 10 9 9 9 8 7 7 5 5 5 4 4 3 3 2 2 1 1 1 1 1 
28 28 25 19 19 18 15 14 13 11 10 9 8 8 6 6 5 5 5 5 4 4 3 2 2 2 1 1 1 1 
25 24 24 19 19 18 15 14 13 11 9 9 8 8 6 6 5 5 4 4 3 3 2 2 1 1 1 1 1 
25 24 24 19 19 15 15 14 13 11 9 9 8 8 6 6 5 5 4 4 3 2 2 1 1 1 1 1 1 
24 24 23 19 19 13 13 13 13 10 9 9 8 7 6 6 5 5 4 3 2 1 1 1 1 1 1 1 
24 24 23 18 18 13 13 12 10 10 9 9 8 7 6 6 5 4 3 3 1 1 1 1 1 1 1 1 
24 24 23 18 18 13 12 12 10 10 9 9 8 6 6 5 5 4 3 2 1 1 1 1 1 1 
24 24 23 18 18 13 12 10 10 10 9 9 7 6 6 5 5 4 2 2 1 1 1 1 1 1 
24 24 23 18 16 13 10 10 10 10 9 9 7 6 6 5 5 3 2 2 1 1 1 1 1 1 
24 23 21 18 16 12 10 10 10 9 7 7 7 6 6 5 5 3 2 2 1 1 1 
22 21 20 18 16 12 10 10 10 9 7 7 5 4 4 4 4 3 2 2 1 1 1 
22 20 18 17 15 12 10 9 9 9 7 7 5 4 4 3 3 3 2 2 1 1 1 
22 20 18 17 15 10 10 8 8 7 7 7 4 4 4 3 3 3 2 2 1 1 1 
22 18 18 17 15 10 10 8 8 6 6 6 4 4 4 3 3 3 2 1 1 1 1 
20 17 16 15 14 10 9 8 7 6 6 6 4 4 4 3 3 2 2 1 1 1 1 
20 16 16 15 14 9 9 8 7 6 6 5 4 4 4 3 3 2 2 1 1 1 1 
18 15 15 15 14 9 9 8 7 6 6 5 4 4 4 3 2 2 2 1 1 1 
17 15 15 14 12 9 9 8 7 6 6 5 4 4 4 3 2 2 2 1 1 1 
16 15 15 12 11 9 9 7 7 6 4 4 4 4 4 3 2 2 2 1 1 1 
16 15 13 12 11 9 9 7 6 6 4 4 4 4 3 2 2 1 1 1 1 1 
16 13 10 10 10 9 9 6 6 4 4 4 4 3 2 2 2 1 1 1 1 1 
16 13 10 10 9 9 9 6 5 4 3 3 3 3 2 2 2 1 1 1 1 1 
16 12 10 9 9 9 6 5 5 3 3 3 3 2 2 2 2 1 1 1 1 1 
15 12 9 9 8 5 5 5 4 3 3 3 3 2 2 2 1 1 1 1 
15 12 9 9 8 5 5 5 4 3 2 2 2 2 2 1 1 1 1 
15 10 9 9 7 5 5 5 4 3 2 2 2 2 2 1 1 1 1 
14 10 9 9 7 5 5 4 4 3 2 2 2 2 1 1 1 1 1 
14 10 9 9 7 5 4 4 3 3 2 2 2 2 1 
14 9 9 7 6 5 3 3 2 2 2 2 2 2 
11 9 9 7 5 5 2 2 2 2 2 2 2 1 
11 9 9 7 5 3 2 2 2 2 2 2 2 1 
10 9 7 7 3 3 2 2 2 2 2 2 1 1 
10 9 7 7 3 3 2 2 2 2 2 1 1 1 
10 9 7 7 3 3 2 2 2 2 2 1 1 1 
9 9 7 7 3 2 2 2 2 2 2 1 1 
9 9 7 7 3 2 2 2 2 2 2 1 1 
9 9 7 7 3 2 2 2 2 2 2 1 1 
9 9 7 7 3 2 2 2 2 2 2 
9 9 7 7 2 2 2 2 2 2 2 
9 9 7 7 2 2 2 2 1 1 1 
9 9 6 5 2 2 2 1 1 1 1 
9 9 6 5 2 2 2 1 1 1 1 
9 8 6 5 2 2 2 1 1 1 
9 8 6 5 2 2 2 1 1 1 
9 8 6 5 2 2 2 1 1 1 
9 7 5 5 2 2 2 1 1 
9 7 5 4 2 2 1 1 1 
8 6 4 4 2 2 1 1 1 
8 5 4 4 2 2 1 1 1 
7 5 4 4 2 1 1 1 
7 5 4 3 2 1 
6 5 4 3 2 1 
6 5 3 3 2 1 
6 5 3 3 2 1 
5 4 3 3 2 1 
5 4 3 3 2 1 
5 4 3 3 2 
5 4 3 3 2 
5 4 3 3 1 
5 4 3 3 1 
5 4 2 2 1 
5 4 1 1 1 
3 2 1 1 1 
3 2 1 1 1 
3 2 1 1 1 
3 2 1 1 1 
3 2 1 1 1 
3 2 1 1 
3 2 1 
3 2 1 
2 2 1 
2 1 1 
2 1 
2 1 
2 1 
2 1 
2 1 
2 1 
2 1 
2 1 
2 1 
2 1 
1 1 
1 1 
1 1 
1 1 
1 1 
1 
1 
1 
1 
1 
1 
1 
1 
1 
1 
1 
1 
1 
1 
1 
