157 155 150 141 129 118 118 118 117 111 106 105 103 99 97 94 92 87 78 77 77 77 73 71 70 69 69 63 63 61 61 58 58 58 51 51 50 48 48 47 45 45 45 43 40 40 38 38 38 38 38 38 37 37 35 32 31 30 29 29 29 29 29 29 28 28 28 28 28 27 26 24 24 24 23 23 23 23 22 21 21 21 21 21 21 20 20 20 19 18 18 18 18 18 16 14 13 13 13 13 12 12 12 12 12 12 11 11 10 9 9 9 9 9 9 9 8 8 8 8 7 7 7 4 4 4 4 4 4 4 4 4 4 3 3 2 2 2 2 2 2 2 2 2 2 1 1 1 1 1 1 1 1 1 1 1 1 1 1 1 1 1 1 1 1 1 1 1 1 1 1 1 1 1 1 1 1 1 
156 146 130 128 113 107 105 102 98 98 93 93 92 91 89 89 88 87 77 77 76 75 70 69 65 62 58 52 52 49 49 49 48 48 44 43 43 40 40 40 39 39 37 37 37 36 36 36 36 35 35 35 35 34 32 30 30 30 29 29 29 27 27 27 27 27 26 24 24 24 24 20 20 20 20 20 20 20 20 19 19 19 16 16 16 16 15 13 13 13 13 13 12 12 10 10 10 10 10 8 7 7 6 6 6 6 6 6 6 6 6 5 5 5 5 4 4 4 4 4 4 4 4 4 2 2 2 2 2 2 2 2 2 2 2 2 2 2 2 2 1 1 1 
148 144 124 115 107 105 102 98 97 96 93 92 89 84 84 82 79 78 77 73 73 68 68 63 62 58 56 52 51 48 48 46 46 46 43 40 40 40 38 38 38 37 37 36 36 36 36 36 35 33 32 32 31 30 30 30 29 29 28 25 25 25 25 24 22 22 20 20 18 17 17 16 16 16 15 15 15 15 14 14 14 14 13 12 12 12 12 12 12 12 12 12 12 11 10 8 7 7 7 7 7 7 6 5 5 5 4 4 4 4 3 3 3 3 3 3 3 3 3 3 3 3 2 2 2 2 2 2 2 2 1 1 1 1 1 1 1 1 1 
148 141 113 112 100 96 94 92 91 89 88 84 83 83 80 77 77 75 73 66 64 64 63 63 59 52 48 46 46 46 46 46 46 41 41 40 38 38 38 38 37 36 36 36 35 30 30 30 30 26 24 24 23 23 20 20 20 20 20 19 19 19 19 19 19 18 16 16 16 15 15 15 14 14 13 13 13 13 13 13 13 13 13 12 12 12 12 12 12 12 12 10 9 9 9 8 7 7 7 7 6 6 5 4 4 4 4 4 3 3 3 3 3 3 3 3 3 3 3 2 2 2 2 2 2 2 2 1 1 1 1 1 1 1 1 1 1 1 1 
125 123 108 108 97 94 92 90 86 86 85 79 79 73 73 72 71 70 70 65 64 63 61 60 57 48 46 46 46 45 45 44 43 41 36 36 35 35 35 34 34 34 34 33 31 30 30 30 28 25 23 23 22 21 20 19 19 19 18 18 18 18 17 17 17 17 16 15 15 15 14 14 14 13 13 13 12 12 11 11 10 10 10 10 10 9 8 8 8 8 7 7 7 7 7 5 5 5 5 4 4 4 4 3 3 3 3 3 3 3 3 3 2 2 2 2 2 2 2 2 2 2 2 1 1 1 1 1 1 1 1 1 1 1 1 
119 113 107 104 93 88 88 82 81 79 79 74 72 72 66 65 63 60 60 59 59 54 53 52 51 47 46 46 46 42 41 40 40 40 36 36 35 35 35 34 34 34 33 32 31 30 26 25 25 24 22 22 21 20 20 19 19 18 17 17 17 17 16 15 15 14 14 14 14 14 14 14 13 13 13 13 12 11 10 10 10 10 10 9 8 8 7 7 7 7 6 6 5 4 4 4 4 4 4 4 4 4 4 3 3 3 3 3 3 3 2 2 2 2 2 2 2 2 2 2 2 2 1 1 1 1 1 1 1 1 1 
116 112 106 100 93 88 87 81 77 76 75 68 68 62 61 60 60 58 55 52 52 52 51 49 49 47 46 46 45 41 40 40 40 39 36 36 35 35 34 34 34 33 31 31 30 28 25 25 25 22 22 22 21 20 19 19 17 17 17 17 17 16 12 12 11 11 10 10 10 10 10 10 10 10 10 10 10 10 9 9 9 8 7 7 7 7 7 6 6 5 5 5 5 4 4 4 3 3 3 3 3 3 3 3 3 2 2 2 2 2 2 2 2 2 2 2 2 2 2 2 2 2 1 1 1 1 1 1 1 1 1 
115 112 105 97 84 81 80 74 74 71 70 67 62 58 56 54 53 51 51 51 49 48 48 48 46 46 46 46 42 40 40 39 38 38 36 33 33 33 32 32 32 30 28 28 27 27 25 25 23 22 21 21 20 19 18 17 16 16 16 16 16 15 12 11 11 10 10 10 10 10 10 10 10 10 9 9 9 9 9 9 8 7 7 7 7 7 6 6 6 5 5 4 4 3 3 3 3 3 3 3 3 3 3 2 2 2 2 2 2 2 2 2 2 2 2 2 2 2 2 1 1 1 1 1 1 1 
112 104 97 97 82 79 75 74 73 70 67 61 58 55 53 52 49 49 49 48 48 48 48 47 46 46 46 45 42 40 39 39 36 34 28 28 28 28 26 26 24 24 24 24 24 24 23 22 19 19 18 18 18 17 17 17 16 16 16 16 16 13 12 10 10 10 10 10 10 10 10 10 10 9 9 8 7 7 7 7 7 7 7 7 7 6 5 5 5 5 5 4 4 3 3 3 3 3 3 3 3 3 2 2 2 2 2 2 2 2 2 2 1 1 1 1 1 1 1 1 1 1 1 1 1 
111 94 91 89 80 79 73 71 68 68 62 57 56 55 51 50 48 48 48 48 47 47 47 46 46 44 44 39 39 39 34 32 30 28 27 27 27 25 25 24 24 24 24 22 22 21 21 21 19 19 18 18 18 17 16 16 16 16 16 15 13 12 12 10 10 10 10 10 10 10 10 10 10 9 7 7 7 7 7 7 7 6 6 6 5 5 5 4 4 3 3 3 3 3 2 2 2 2 2 2 2 2 2 2 2 2 2 2 2 1 1 1 1 1 1 
111 93 91 88 78 75 72 71 68 62 60 55 55 53 51 49 48 48 48 47 47 47 46 46 44 43 41 38 36 31 31 29 29 27 26 25 24 24 24 23 23 23 23 22 22 21 21 21 19 18 18 18 16 16 16 16 16 14 14 12 12 12 11 10 10 10 10 10 9 9 9 8 8 8 7 7 7 6 6 6 5 5 5 5 4 4 4 4 3 3 2 2 2 2 2 2 2 2 2 2 2 2 2 2 2 2 2 2 1 1 
109 93 88 86 75 72 69 67 66 61 55 55 53 51 49 49 48 48 47 47 46 45 44 41 41 41 39 38 34 31 31 28 25 25 24 24 23 23 23 23 22 22 21 21 21 21 21 20 18 16 16 16 15 15 15 14 14 12 12 11 11 10 9 9 9 9 9 9 9 8 8 8 8 6 6 6 6 5 5 5 5 5 5 4 3 3 3 3 3 3 2 2 2 2 2 2 2 2 2 2 2 2 2 2 1 1 1 1 1 
105 91 88 78 75 71 66 66 64 58 55 53 52 50 49 48 47 46 45 45 43 42 41 41 41 38 32 32 32 30 28 25 25 24 24 24 23 23 23 21 21 20 20 20 19 17 17 17 16 15 15 14 11 11 10 10 10 10 10 10 10 9 9 9 9 9 9 9 9 8 8 8 8 6 6 6 6 5 5 5 4 4 4 3 3 3 3 3 3 3 2 2 2 2 2 2 2 2 1 1 1 1 1 1 1 1 1 1 1 
100 90 86 78 74 70 66 64 64 57 55 51 51 49 48 47 45 45 45 44 41 41 40 32 32 32 28 27 27 27 27 23 23 23 23 23 23 22 19 17 16 16 16 15 15 14 12 12 11 11 11 11 11 11 10 9 9 9 9 9 9 9 9 9 8 8 7 7 6 6 6 6 6 6 6 5 5 4 4 4 4 4 3 3 3 3 3 3 2 2 2 2 2 2 2 2 2 1 1 1 1 1 1 1 1 1 1 
99 83 83 77 74 69 65 64 62 55 53 50 50 49 47 47 45 44 44 44 40 39 39 32 29 29 28 27 27 26 25 23 23 20 19 19 19 19 17 16 13 13 13 13 13 11 11 11 11 11 11 11 11 9 9 9 9 9 9 9 9 9 9 9 6 6 6 6 6 6 6 6 6 6 4 4 4 4 4 4 4 3 3 3 3 3 3 2 2 2 2 2 2 2 2 2 2 1 1 1 1 1 1 1 
93 79 79 75 73 67 65 63 59 54 53 50 50 48 47 47 45 44 40 40 37 37 36 32 27 27 26 24 24 24 23 21 20 20 19 19 19 19 15 15 13 13 13 13 12 11 11 11 11 11 11 11 11 9 9 9 9 9 9 9 9 9 8 8 6 6 6 6 6 6 6 6 5 5 4 4 4 4 4 4 4 3 3 3 3 3 3 2 2 2 2 1 1 1 1 1 1 1 1 1 
87 79 79 72 71 62 62 60 58 54 48 47 47 45 45 45 45 44 40 39 37 34 31 30 27 27 25 24 24 24 22 21 20 19 19 18 18 18 15 13 13 13 13 13 11 11 11 11 11 10 10 10 10 9 9 9 8 8 8 8 8 8 8 6 6 6 5 5 5 5 5 5 5 5 4 4 4 4 4 4 3 3 3 3 2 2 2 2 2 1 1 1 1 1 1 1 1 1 1 1 
84 79 79 70 69 62 61 57 57 54 47 45 45 45 45 45 39 39 37 37 36 34 31 28 27 26 22 22 22 21 21 17 17 14 14 14 14 14 13 13 13 13 13 12 11 11 11 11 11 10 10 10 8 8 7 7 7 7 7 7 7 6 6 6 6 6 5 5 5 5 5 5 5 4 4 4 4 4 4 4 3 3 1 1 1 1 1 1 1 1 1 1 1 1 1 1 1 1 1 
83 79 79 70 69 62 60 57 57 53 47 45 45 45 45 45 38 37 36 36 36 33 31 28 27 25 22 21 21 20 19 17 17 14 14 14 14 14 13 13 13 13 13 12 11 11 11 11 11 10 9 9 8 7 7 7 7 7 7 7 7 6 6 6 6 6 5 5 5 5 5 5 5 4 4 4 2 2 2 2 2 2 1 1 1 1 1 1 1 1 1 1 1 1 1 
82 79 74 67 67 60 60 56 56 51 47 45 45 45 45 44 38 36 36 35 35 33 27 26 25 25 22 21 16 16 16 15 15 14 14 14 14 14 13 12 11 11 11 11 11 11 11 11 9 9 8 8 8 7 7 7 7 7 7 7 7 6 6 5 5 5 4 3 3 3 3 3 3 3 3 3 2 2 2 2 2 2 1 1 1 1 1 1 1 1 1 1 1 1 
81 79 69 66 65 60 60 54 53 49 46 45 45 43 43 43 38 36 35 31 29 29 26 26 25 24 22 20 16 16 15 15 15 14 14 14 14 14 13 11 11 11 11 11 11 10 10 10 7 7 7 7 7 7 7 7 6 6 6 6 6 5 4 3 3 3 3 3 3 3 3 3 3 3 3 3 2 2 2 2 2 1 1 1 1 1 1 1 1 1 1 1 
79 77 66 65 64 60 60 52 50 48 45 45 45 42 42 41 38 35 34 30 29 28 25 25 24 24 19 17 15 15 15 15 15 14 14 14 14 14 13 11 11 11 11 11 10 10 10 9 7 7 7 7 7 7 5 5 5 5 5 5 5 4 4 3 3 3 3 3 3 3 3 3 3 3 3 3 2 2 2 1 1 1 1 1 1 1 1 1 1 
77 77 66 64 62 60 59 51 50 45 43 43 43 41 41 39 37 32 32 30 28 27 25 25 24 19 17 17 15 15 15 14 14 14 14 14 14 14 12 11 11 11 11 11 10 10 9 8 7 7 7 7 7 7 5 5 5 4 4 4 4 4 3 3 3 3 3 3 3 3 3 3 3 3 3 2 2 1 1 1 1 1 1 1 
77 74 64 58 58 58 54 50 49 45 43 41 41 41 41 37 33 32 30 29 28 27 25 25 24 19 17 16 15 15 15 14 14 14 14 14 13 13 12 11 11 11 11 11 10 10 8 8 7 7 7 7 6 5 4 4 4 4 4 4 4 4 3 3 3 3 3 3 3 3 3 2 2 2 1 1 1 1 1 1 
77 69 62 58 56 54 52 50 49 45 43 41 41 41 40 36 33 30 30 28 27 27 25 23 23 19 17 15 15 15 15 14 14 14 14 13 13 13 12 11 11 11 11 10 10 9 8 7 7 7 6 6 5 5 4 4 4 4 4 3 3 3 3 3 3 3 3 3 3 3 1 1 1 1 1 1 1 1 
75 68 58 58 53 51 46 45 44 43 42 40 40 40 39 34 32 30 30 28 27 26 23 23 23 17 16 15 14 14 14 14 14 14 13 12 12 12 11 11 11 11 9 9 9 8 7 5 5 5 5 4 4 4 4 4 4 4 4 3 3 3 3 3 3 3 2 2 1 1 1 1 1 1 1 
69 68 58 58 49 49 44 44 43 42 42 39 39 38 38 33 32 30 30 28 27 25 23 23 22 17 16 15 14 14 14 14 14 14 13 12 12 12 11 10 10 9 9 7 6 6 5 5 5 5 5 4 4 4 4 4 4 4 3 3 3 3 3 3 2 2 1 1 1 1 1 1 1 1 
69 68 58 56 49 48 43 43 42 41 41 39 39 38 37 32 31 29 29 26 26 23 23 22 22 17 16 15 14 14 14 14 14 14 13 12 12 12 11 9 9 9 9 7 6 5 5 5 5 5 5 3 3 3 3 3 3 3 3 3 3 3 3 2 1 1 1 1 1 1 1 1 1 
68 66 55 55 49 48 43 42 42 39 39 39 39 34 33 31 30 29 28 26 26 23 23 21 20 17 16 14 14 14 14 13 13 13 13 12 12 12 10 9 9 8 8 6 6 5 5 5 5 4 4 3 3 3 3 3 3 3 3 3 2 2 1 1 1 1 1 1 1 1 1 1 1 
67 65 55 55 48 48 43 42 39 39 37 36 35 34 33 30 29 28 26 26 24 22 22 18 18 16 15 14 13 13 13 13 13 13 13 12 11 10 10 9 8 8 7 6 6 5 5 5 3 3 3 3 3 3 3 3 3 3 3 3 2 1 1 1 1 1 1 1 1 
67 60 55 54 48 48 43 42 39 39 36 34 33 33 33 30 28 28 26 26 23 22 21 18 17 15 15 13 13 13 13 13 13 13 12 11 9 9 9 8 8 7 7 4 4 4 3 3 3 3 3 3 3 3 3 3 3 3 2 2 2 1 1 1 1 1 1 1 
63 60 55 54 48 47 43 42 39 39 36 33 31 31 31 30 27 27 26 25 22 19 18 18 17 15 13 13 13 13 13 13 12 11 11 10 9 8 8 7 7 7 6 4 4 3 3 3 3 3 3 3 3 3 2 2 2 2 2 2 1 1 1 1 1 1 
63 59 55 53 48 43 43 41 39 37 34 33 31 31 31 29 27 26 26 25 22 19 16 16 16 15 13 13 13 13 13 13 12 11 11 9 8 8 8 7 6 6 5 4 4 3 3 3 3 3 3 3 3 2 2 2 2 2 2 2 1 1 1 1 1 1 
62 56 54 50 48 41 41 41 38 37 33 32 31 30 30 27 26 26 25 22 20 18 16 16 15 14 13 13 13 13 13 12 10 9 9 8 8 8 7 7 6 6 5 4 3 3 3 3 3 3 3 3 3 2 2 2 2 1 1 1 1 1 1 1 1 
62 55 51 49 47 41 41 39 36 36 32 31 31 30 27 26 25 24 22 22 19 18 16 16 14 14 13 13 10 10 10 10 9 9 9 8 8 7 7 7 6 4 3 3 3 3 3 3 3 3 2 2 2 2 2 2 2 1 1 1 1 1 1 1 
59 50 50 49 47 41 40 39 36 34 32 31 30 30 27 26 24 22 22 19 19 18 15 13 13 13 13 13 10 10 10 9 8 8 8 7 7 6 6 6 4 3 3 3 3 3 3 3 3 2 2 2 2 2 2 2 2 1 1 1 1 1 1 1 
59 49 47 47 46 40 40 36 35 33 32 31 28 27 26 26 23 22 20 19 19 18 14 13 13 13 13 13 10 10 10 9 8 7 7 7 7 6 6 4 3 3 3 3 3 3 3 2 2 2 2 2 1 1 1 1 1 1 1 1 
59 49 47 44 44 40 39 36 35 32 32 31 28 27 24 24 23 20 18 18 17 15 14 13 13 13 13 12 10 10 9 9 7 7 7 7 6 6 6 4 3 3 3 3 3 2 2 2 2 1 1 1 1 1 1 1 1 1 1 1 
56 49 47 44 43 40 39 36 32 30 30 30 27 23 23 21 21 19 18 17 17 15 14 13 13 12 12 12 9 9 9 8 7 7 7 6 5 5 5 4 3 3 3 3 3 2 2 2 2 1 1 1 1 1 1 1 1 1 
56 49 46 39 39 39 39 35 32 30 30 27 23 23 22 21 20 19 18 17 17 15 14 13 13 12 10 9 8 8 8 7 7 7 6 5 5 5 5 3 3 3 2 2 2 2 2 2 2 1 1 1 1 1 1 1 1 
54 48 45 39 38 37 35 33 31 26 26 26 23 23 21 21 20 19 18 17 17 15 13 13 13 11 9 9 8 7 7 7 7 6 5 5 5 5 5 3 3 3 2 2 2 2 2 2 2 1 1 1 1 1 1 1 
50 47 44 38 37 35 34 31 30 26 26 26 23 20 20 19 19 16 16 16 16 14 11 11 10 10 8 7 7 7 6 6 6 6 5 5 5 5 5 3 3 2 2 2 2 2 1 1 1 1 1 1 1 
50 46 44 36 36 35 33 31 30 26 26 26 22 20 19 19 18 16 16 15 15 13 11 10 10 7 7 7 7 6 6 6 5 5 5 5 5 3 2 2 2 2 2 2 2 2 1 1 1 1 1 1 1 
47 44 41 36 36 34 33 29 29 26 26 24 22 20 19 19 18 15 15 15 15 11 11 10 9 7 7 7 7 6 6 6 5 5 3 2 2 2 2 2 2 2 1 1 1 1 1 1 1 1 1 1 1 
46 44 37 36 35 32 31 27 27 26 26 24 20 15 15 15 15 15 14 13 13 11 11 10 9 7 7 7 7 6 6 6 5 5 2 2 2 2 2 1 1 1 1 1 1 1 1 1 1 1 1 1 
45 44 37 34 34 32 30 27 27 26 23 21 17 15 15 15 13 13 12 12 12 10 10 9 9 7 7 7 6 5 5 5 5 4 2 2 2 2 2 1 1 1 1 1 1 1 1 1 1 1 1 1 
45 43 37 34 32 30 30 27 23 23 20 19 15 15 15 15 13 13 12 12 11 10 10 9 9 7 7 6 6 5 5 4 4 3 2 2 2 2 2 1 1 1 1 1 1 1 1 1 1 1 
45 42 37 34 28 27 26 26 23 21 19 18 15 15 15 13 12 12 11 10 10 10 10 8 8 7 7 6 5 5 5 4 4 3 2 2 2 2 1 1 1 1 1 1 1 1 1 1 1 1 
42 41 35 34 27 27 26 26 21 21 18 18 15 15 15 13 11 9 9 9 9 8 8 8 8 7 6 5 5 5 5 4 4 3 2 2 1 1 1 1 1 1 1 1 1 1 1 1 1 
41 41 35 34 27 27 26 25 20 19 17 17 15 15 14 13 10 9 8 8 8 8 7 7 7 7 6 5 5 5 5 3 2 2 2 2 1 1 1 1 1 1 1 1 
41 40 35 33 27 24 24 24 18 18 17 16 15 15 14 10 10 9 8 8 8 7 7 7 7 6 5 5 5 5 4 3 1 1 1 1 1 1 1 1 1 1 1 
40 40 33 33 25 24 21 20 18 18 16 15 14 14 14 10 10 9 8 8 8 7 7 6 6 6 5 5 5 5 4 3 1 1 1 1 1 1 1 1 1 1 1 
40 34 33 33 25 24 21 20 18 18 15 15 14 14 12 9 9 9 6 6 6 5 5 5 5 5 5 3 3 3 3 2 1 1 1 1 1 1 1 1 1 1 1 
39 33 32 32 24 24 19 17 16 16 15 14 14 11 11 9 9 6 6 6 5 5 5 5 5 5 5 3 3 3 3 2 1 1 1 1 1 1 1 1 1 1 1 
36 33 31 31 24 22 18 17 16 15 14 14 14 10 9 9 7 6 6 6 5 5 5 5 5 5 5 3 3 3 3 2 1 1 1 1 1 1 1 1 1 
35 33 30 30 23 22 18 16 16 15 14 14 12 9 8 8 7 6 6 5 5 5 5 5 5 5 4 3 3 3 2 2 1 1 1 1 1 1 1 1 1 
35 33 30 26 22 22 18 16 16 15 14 14 12 9 7 6 6 6 5 5 5 5 5 5 5 4 4 3 3 3 2 2 1 1 1 1 1 1 1 1 1 
34 32 27 26 22 20 18 16 15 15 14 13 12 9 7 6 6 5 5 5 5 5 5 5 5 3 3 3 3 2 2 2 1 1 1 1 
34 32 25 22 20 18 18 16 15 14 12 12 10 9 7 5 5 5 5 5 5 5 5 4 4 2 2 2 2 2 1 1 1 1 1 1 
31 23 23 22 20 18 16 15 14 14 12 11 10 8 7 5 5 5 5 5 5 5 5 3 3 2 2 2 2 2 1 1 1 1 1 
31 23 21 20 18 18 16 15 13 12 10 9 8 8 6 5 5 5 5 5 5 5 5 3 3 2 2 2 2 1 1 1 1 1 1 
30 22 21 19 17 17 16 15 13 12 10 8 8 8 6 5 5 5 5 5 5 5 5 3 3 2 2 2 2 1 1 1 1 
29 21 20 18 17 17 15 14 12 11 10 8 8 8 6 5 5 5 5 5 4 4 4 3 3 2 2 2 1 1 1 
29 19 18 18 17 17 14 14 12 10 9 8 8 8 5 5 5 5 4 4 4 4 3 3 2 2 2 2 1 1 1 
29 18 18 17 17 17 13 12 12 10 9 8 8 8 5 5 5 4 4 4 4 4 3 3 2 2 2 2 1 1 1 
29 18 18 17 17 15 12 12 11 10 9 8 7 7 5 5 5 4 4 4 4 3 3 3 2 2 2 2 1 
29 18 17 17 17 15 12 11 11 9 9 8 6 6 5 5 5 4 4 3 3 3 3 3 2 2 2 2 1 
29 18 17 17 17 15 12 11 11 9 9 8 6 6 5 5 4 4 4 3 3 3 2 2 2 2 2 2 1 
29 18 17 17 17 15 12 11 10 9 8 8 6 5 5 4 4 3 3 3 2 2 2 2 2 2 2 
28 18 17 16 16 15 11 11 9 8 8 8 6 5 5 4 4 3 3 3 2 2 2 2 2 2 2 
28 17 17 15 15 13 11 10 9 8 8 7 6 5 5 4 3 3 3 2 2 2 2 1 1 1 1 
25 17 15 15 15 13 11 10 9 7 7 7 6 5 5 4 3 3 2 2 2 1 1 1 1 1 1 
25 17 15 15 14 13 11 10 8 7 6 5 5 4 4 4 3 2 1 1 1 1 1 1 1 1 1 
24 17 15 12 12 12 11 9 8 7 6 5 4 4 4 4 2 2 1 1 1 1 1 1 1 1 
24 17 15 12 12 10 10 9 8 7 6 5 4 3 3 2 2 2 1 1 1 1 1 1 1 1 
22 17 15 12 11 10 10 9 8 7 6 5 4 3 3 2 2 1 1 1 1 1 1 1 1 1 
21 17 15 12 10 9 8 8 8 7 6 4 4 3 3 1 1 1 1 1 1 1 1 1 1 1 
21 17 15 12 10 9 8 8 8 7 5 4 3 3 2 1 1 1 1 1 1 1 1 1 1 1 
21 17 15 12 10 9 8 8 8 7 5 4 3 2 2 1 1 1 1 1 1 1 1 1 1 1 
21 16 14 12 9 9 8 8 7 7 5 3 2 1 1 1 1 1 1 1 1 1 1 1 
21 16 14 12 9 9 8 8 7 4 3 3 2 1 1 1 1 1 1 1 1 1 1 1 
21 16 14 11 9 9 8 8 6 4 3 3 1 1 1 1 1 1 1 1 1 1 
21 15 14 10 8 8 8 7 5 3 2 2 1 1 1 1 1 1 1 1 1 1 
19 14 14 10 8 8 7 7 5 2 2 2 1 1 1 1 1 1 1 1 1 1 
19 14 11 10 8 8 7 7 4 2 2 2 1 1 1 1 1 1 1 
19 14 11 10 8 7 7 7 3 2 2 2 1 1 1 1 1 1 1 
19 13 11 9 7 7 7 6 3 2 2 2 1 1 1 1 1 1 1 
19 12 11 9 7 7 6 6 3 2 2 2 1 1 1 1 
19 12 11 8 7 7 5 5 3 2 2 2 1 1 1 1 
19 12 11 8 7 7 5 5 3 2 2 2 1 1 1 1 
18 12 11 8 7 7 5 4 3 2 2 1 1 1 1 1 
18 11 11 8 6 5 5 4 3 2 2 1 1 1 1 1 
17 11 11 8 6 4 4 4 3 2 2 1 1 1 
17 11 11 8 6 4 4 3 3 2 2 1 1 1 
16 11 8 7 6 4 4 3 3 2 1 1 1 1 
16 10 7 7 6 4 4 3 3 2 
15 10 7 7 6 4 4 3 3 2 
15 10 7 7 6 4 4 3 2 2 
14 10 7 6 6 4 4 3 2 1 
14 8 7 6 6 4 4 3 2 1 
14 8 7 6 6 4 4 2 1 1 
14 7 6 6 6 4 3 1 1 1 
14 7 6 6 6 4 3 1 1 1 
14 7 6 6 6 4 3 1 1 1 
14 7 6 6 6 4 3 1 1 1 
13 7 6 6 6 4 3 1 1 1 
13 6 6 6 6 4 3 1 1 
11 6 6 6 5 4 2 1 1 
10 6 6 5 5 3 2 1 1 
10 6 5 5 5 3 2 1 1 
7 6 5 5 5 3 2 1 1 
7 6 5 5 5 3 2 1 
7 6 4 4 4 3 2 1 
7 6 4 4 4 3 2 1 
7 6 4 3 3 3 2 1 
7 6 4 3 3 3 1 
7 6 4 3 3 1 1 
7 6 3 3 3 1 1 
7 6 3 3 3 1 1 
7 6 3 3 2 1 
7 6 3 3 2 1 
7 5 3 3 2 
7 5 2 2 2 
7 3 2 2 1 
7 3 2 2 1 
7 3 2 2 1 
7 3 2 2 1 
7 3 2 2 1 
4 3 2 2 1 
4 3 2 2 
4 3 2 2 
4 3 2 
4 3 2 
3 3 2 
3 2 2 
3 1 1 
3 1 1 
3 1 1 
3 1 1 
3 1 1 
3 1 1 
3 1 1 
3 1 1 
3 1 1 
3 1 1 
3 1 1 
3 1 1 
3 1 
3 1 
3 1 
3 1 
3 1 
1 1 
1 1 
1 1 
1 1 
1 
1 
1 
1 
1 
1 
1 
1 
1 
1 
1 
1 
1 
1 
