180 162 150 139 134 131 123 121 116 107 100 99 95 89 89 88 86 86 79 78 78 69 69 67 67 66 66 66 66 63 60 60 59 58 56 54 53 53 53 51 51 49 46 42 42 42 42 41 41 38 38 37 34 34 34 34 34 33 33 32 32 32 31 31 30 29 29 28 28 27 25 24 23 23 23 21 21 20 20 20 20 20 20 20 20 19 19 18 17 17 17 17 16 16 16 16 16 15 15 15 15 15 15 14 14 12 12 12 12 11 11 11 11 11 10 10 9 9 7 7 7 6 6 6 6 6 5 5 5 5 4 4 4 4 4 4 4 3 2 2 2 2 1 1 1 1 1 1 1 1 1 1 1 1 1 1 1 1 1 1 1 1 1 1 1 
162 147 126 125 122 122 111 110 105 105 99 94 88 83 82 81 79 79 77 75 70 69 68 67 63 61 60 60 60 52 52 51 51 51 51 51 48 46 45 45 44 44 44 42 42 41 41 36 35 33 32 32 30 29 29 29 28 26 26 26 26 25 25 25 23 23 22 22 22 22 21 21 21 20 20 20 20 20 20 20 19 19 19 18 18 17 17 17 16 16 16 16 15 14 14 12 11 11 10 10 10 10 10 10 10 10 8 8 8 8 8 8 8 7 7 7 7 7 6 6 5 5 4 4 4 4 4 4 4 4 4 4 4 4 3 2 2 2 2 2 1 1 1 1 1 1 1 1 1 1 1 1 1 1 1 1 1 1 1 1 1 1 
154 131 120 117 117 110 100 100 96 92 92 92 88 81 81 80 78 78 74 72 66 62 62 61 58 58 56 56 55 52 52 51 50 48 48 42 42 41 39 38 38 37 35 35 34 34 34 33 32 31 30 30 28 28 28 27 25 25 25 25 24 24 24 24 23 21 21 20 20 20 20 20 20 19 19 17 17 15 15 15 15 15 15 15 15 15 14 13 13 12 12 12 12 12 12 11 11 11 10 10 10 10 9 8 8 8 8 8 8 8 7 7 6 6 6 6 6 5 5 4 4 4 4 4 4 3 3 3 3 3 3 3 2 2 2 2 2 1 1 1 1 1 1 1 1 1 1 1 
151 123 116 113 110 108 100 99 93 92 92 91 80 79 79 78 72 69 64 63 63 61 61 60 58 56 56 55 54 51 51 44 44 44 42 42 40 37 36 36 36 36 34 34 32 32 32 32 30 30 30 29 28 28 27 25 25 25 24 24 24 24 24 23 21 21 21 20 19 17 16 16 15 15 15 14 13 12 12 12 12 12 12 9 9 9 9 9 9 9 9 8 7 7 7 7 7 7 6 6 6 6 6 5 5 5 5 5 5 4 4 4 2 2 2 2 2 2 2 2 2 2 1 1 1 1 1 1 1 1 1 1 1 1 1 1 1 1 1 1 1 1 1 1 1 1 
136 118 115 104 103 100 90 84 84 84 84 82 78 78 76 73 72 67 64 61 58 57 55 55 55 55 55 54 49 48 47 44 41 40 40 37 37 36 35 34 33 33 33 30 30 27 27 27 27 27 26 26 26 25 25 24 23 22 18 18 16 16 15 15 15 15 15 15 14 14 14 14 14 14 12 12 12 11 10 10 10 10 10 9 9 9 9 9 9 9 7 7 7 7 7 7 7 5 5 5 5 4 4 4 4 4 4 4 4 3 3 3 2 2 2 2 2 2 2 2 2 2 1 1 1 1 1 1 1 1 1 1 1 1 1 1 1 1 1 1 
130 118 115 102 98 96 89 84 83 80 80 79 75 74 69 69 62 59 59 57 56 55 55 54 51 50 50 45 45 43 43 41 38 38 38 36 36 34 34 34 30 30 29 27 27 25 24 24 22 22 22 22 22 22 22 20 20 18 18 15 15 15 15 15 13 13 13 12 12 12 12 12 12 10 10 10 10 9 8 8 7 7 7 7 7 7 7 7 7 7 6 6 6 6 6 5 5 5 4 4 4 4 3 3 3 3 3 3 3 3 3 3 2 2 1 1 1 1 1 1 1 1 1 1 1 1 1 1 1 1 1 1 1 
126 112 106 99 94 92 88 83 81 79 78 78 75 71 62 60 59 59 56 54 54 53 50 50 48 47 44 44 43 39 39 37 37 37 35 35 34 30 30 30 30 27 27 26 24 23 23 23 22 22 22 22 20 20 19 19 19 18 16 15 15 15 15 13 13 12 12 12 12 11 11 10 10 10 9 9 8 8 8 8 7 7 7 7 7 7 7 7 6 6 5 5 5 5 5 5 4 4 4 4 4 3 3 3 3 3 3 3 3 3 2 2 2 1 1 1 1 1 1 1 1 1 1 1 1 1 1 1 1 
124 105 100 95 91 91 82 81 77 77 76 73 73 63 59 58 57 57 55 53 50 49 47 47 47 45 44 41 39 39 37 37 33 31 31 31 30 30 28 27 27 27 24 22 22 21 21 21 21 20 19 18 17 16 16 16 16 16 16 15 15 14 14 12 12 12 12 12 12 10 9 9 9 9 9 9 8 8 8 7 7 7 6 6 6 6 6 6 5 5 5 5 5 4 4 4 4 4 4 4 4 3 3 3 2 1 1 1 1 1 1 1 1 1 1 1 1 1 1 1 1 1 1 1 1 1 1 
120 102 97 90 89 86 80 79 76 71 69 68 65 62 59 55 55 53 52 52 50 48 47 46 45 43 40 39 38 36 33 32 31 29 28 27 27 27 27 26 25 25 24 22 22 21 21 21 20 19 19 18 16 16 16 16 16 14 14 13 12 12 12 12 12 11 11 11 10 7 7 7 7 7 7 7 7 7 7 7 6 6 6 5 5 5 5 5 5 5 5 4 4 4 4 4 4 4 3 3 3 3 3 2 1 1 1 1 1 1 1 1 1 1 1 1 1 1 
116 100 94 89 85 85 77 73 73 71 68 68 64 62 57 54 53 52 52 47 46 46 45 44 42 41 39 33 33 32 28 27 27 27 27 25 24 24 24 24 24 24 22 21 21 21 21 21 20 18 18 16 16 16 15 15 14 14 14 13 12 12 12 12 12 11 10 9 9 7 7 7 7 7 7 6 6 6 6 6 6 6 6 5 5 5 5 5 4 4 4 4 3 3 3 3 3 3 3 3 3 3 1 1 1 1 1 1 1 1 1 1 1 1 
113 99 92 85 84 82 73 71 70 69 66 63 61 58 55 53 50 49 49 42 42 41 41 41 41 36 30 30 26 26 26 26 26 25 24 24 24 24 24 23 21 21 20 20 20 20 20 19 19 17 16 16 16 16 15 14 14 14 13 13 12 12 12 11 10 10 10 9 8 7 7 7 7 7 7 6 6 6 6 6 5 5 5 5 5 4 3 3 3 3 3 3 3 3 3 2 1 1 1 1 1 1 1 1 1 1 1 1 1 1 1 1 
110 95 89 82 80 77 72 71 65 65 64 61 60 56 53 52 50 49 44 41 41 40 40 40 40 36 29 28 25 25 25 25 25 25 24 24 24 24 24 22 21 20 20 20 19 19 19 18 16 16 16 16 14 13 13 13 12 12 12 12 12 12 11 11 10 10 9 8 8 7 7 7 6 6 6 6 6 6 6 5 5 5 5 4 4 3 3 3 3 3 3 3 3 3 3 1 1 1 1 1 1 1 1 1 1 1 1 1 1 1 
109 91 82 81 79 77 71 66 64 64 63 61 60 54 51 49 49 46 44 41 40 40 39 39 39 35 28 28 25 25 25 25 25 25 24 24 24 24 23 21 21 20 20 20 19 18 17 17 16 15 15 15 13 13 13 12 12 12 12 12 11 11 11 11 8 8 8 8 7 7 7 6 6 6 6 6 6 6 4 4 4 4 4 4 3 3 3 3 2 2 2 2 1 1 1 1 1 1 1 1 1 1 1 1 1 1 1 1 1 1 
109 82 80 79 77 76 65 65 64 62 60 57 56 53 50 48 48 46 43 40 38 38 38 35 35 34 27 27 25 25 25 25 25 25 24 23 23 21 21 21 21 20 20 17 16 16 16 16 16 15 15 13 13 13 12 12 11 11 11 11 10 10 10 10 8 8 8 7 7 7 6 6 6 4 4 4 4 4 4 4 4 3 2 2 2 2 2 2 2 2 2 2 1 1 1 1 1 1 1 1 1 1 1 1 
108 80 75 75 74 72 65 63 63 61 60 57 56 52 49 47 46 42 40 39 38 38 34 34 34 34 27 27 25 25 25 25 25 24 23 21 21 20 19 19 19 19 19 17 16 16 16 14 14 13 13 13 13 13 12 12 11 11 11 11 10 10 10 8 8 8 8 7 7 6 5 4 4 4 4 4 3 3 3 3 3 2 2 2 2 2 2 2 1 1 1 1 1 1 1 1 1 1 
101 78 75 75 72 65 65 59 59 59 59 57 55 52 49 46 46 40 40 39 38 38 34 34 34 33 26 25 25 25 25 24 24 23 21 20 19 18 18 18 16 16 16 16 16 15 15 13 13 13 13 13 13 12 12 12 11 11 11 11 10 9 8 8 8 7 7 7 6 5 4 4 4 3 3 3 3 3 3 3 2 2 2 2 2 2 1 1 1 1 1 1 1 1 
98 76 75 74 62 62 62 59 55 54 54 51 51 50 48 44 44 40 40 38 38 38 34 34 32 31 26 25 25 25 25 24 22 22 21 19 18 16 16 16 16 16 15 15 12 12 12 12 12 12 12 12 11 10 10 9 9 9 9 9 8 7 7 7 7 6 5 5 4 4 4 4 4 3 3 3 3 3 3 3 2 2 2 2 1 1 1 1 1 1 1 1 1 
97 75 75 73 62 61 61 59 55 54 52 50 50 48 46 43 41 39 39 38 38 33 32 31 31 29 26 25 25 24 23 23 21 20 18 18 18 16 16 15 15 14 14 13 12 12 12 12 12 12 10 10 9 8 8 7 7 7 7 6 6 6 6 6 5 4 4 4 4 4 3 3 3 3 3 3 3 3 3 3 1 1 1 1 1 1 1 1 1 1 1 1 1 
95 75 74 73 61 61 60 55 54 52 52 49 49 44 43 43 41 38 38 38 36 31 30 30 30 29 26 25 24 23 21 21 21 20 18 18 18 16 16 15 15 14 13 13 12 12 12 12 11 11 8 8 7 7 7 7 7 7 6 6 6 5 5 5 5 4 4 4 4 3 3 3 3 3 3 3 3 2 2 2 1 1 1 1 1 1 1 1 1 1 1 1 1 
86 75 73 71 61 61 60 51 51 51 51 47 45 42 41 41 40 37 36 36 36 30 29 28 25 25 23 22 22 22 21 21 19 18 17 17 16 16 15 15 14 14 12 12 12 12 12 11 10 10 8 8 7 7 7 7 7 7 6 6 5 5 5 4 4 4 4 4 4 3 3 3 3 3 3 3 3 2 2 2 1 1 1 1 1 1 1 1 1 
82 75 71 69 61 60 57 51 50 50 48 45 41 39 38 37 37 36 35 35 34 30 29 28 25 25 22 22 22 22 20 19 19 17 17 16 16 16 14 14 13 13 12 12 11 11 10 7 7 6 6 6 6 6 6 6 6 6 4 4 4 4 4 4 4 4 4 4 4 3 3 3 3 3 3 2 2 2 1 1 1 1 1 1 1 1 
78 73 71 68 61 57 54 51 49 48 48 45 40 38 37 37 35 35 34 31 28 27 26 25 24 24 22 22 22 22 20 19 17 17 17 16 16 15 13 13 12 12 12 12 11 8 8 7 7 6 6 6 6 5 5 5 5 4 4 4 4 4 4 4 4 4 4 4 4 3 3 3 3 2 2 2 1 1 1 1 1 1 1 1 1 
77 72 69 67 61 54 53 50 49 48 47 45 39 37 37 35 35 35 34 29 28 27 25 24 23 23 22 22 22 21 19 18 17 17 17 16 15 13 12 12 12 11 11 11 9 8 8 7 6 6 6 6 6 5 5 5 4 4 4 4 4 4 4 4 4 4 4 4 3 3 2 2 2 2 2 2 1 1 1 1 1 1 1 1 1 
75 71 69 67 60 53 52 50 48 48 46 43 39 37 35 34 33 33 33 27 26 26 25 24 23 23 22 21 21 20 19 18 17 15 15 13 13 13 12 12 11 11 11 11 7 7 6 6 6 6 6 6 5 5 5 5 4 4 4 4 4 4 4 4 4 4 4 3 3 2 2 2 1 1 1 1 1 1 1 1 1 1 
74 70 64 59 58 52 52 49 46 46 44 42 39 36 33 33 31 31 29 26 25 25 24 24 23 22 22 21 18 18 18 18 16 15 14 13 13 11 11 9 9 9 9 9 7 7 6 6 6 6 5 5 5 5 5 4 4 4 4 4 4 4 4 4 4 4 3 3 3 2 2 2 1 1 1 1 1 1 1 1 
74 70 62 58 50 49 48 48 45 43 43 40 38 36 33 33 31 29 27 26 25 25 24 24 22 22 20 19 18 18 17 16 15 14 14 12 12 11 11 9 9 9 9 8 7 7 6 6 6 6 5 5 4 4 4 4 4 4 4 4 4 4 3 3 3 3 2 2 2 2 2 2 1 1 1 1 1 1 1 
73 70 59 58 49 49 48 47 45 43 42 40 37 36 33 32 31 29 27 25 25 25 24 22 22 20 19 18 18 18 16 15 15 14 14 10 10 10 10 9 9 9 7 7 6 6 6 6 6 5 5 4 4 4 4 4 4 4 4 4 4 4 3 3 3 3 2 2 2 2 2 2 1 1 1 1 1 1 
72 68 59 56 49 49 48 47 45 43 42 39 36 31 31 30 26 26 26 25 24 24 23 22 22 20 19 18 18 17 15 15 14 14 14 10 10 10 10 9 9 8 7 7 6 6 6 6 5 5 4 4 4 4 4 4 4 4 4 4 4 4 3 3 3 3 2 2 1 1 1 1 1 1 1 1 1 
71 64 59 56 49 49 48 43 43 42 38 29 28 28 27 27 26 26 24 23 23 22 21 20 20 18 17 17 17 15 14 14 14 14 14 10 10 10 10 9 9 7 7 7 6 6 4 4 4 4 4 4 4 4 4 4 3 3 3 3 3 3 2 2 2 2 2 2 1 1 1 1 1 1 1 
69 61 58 51 48 46 45 43 43 39 37 27 27 27 27 26 26 25 23 23 23 21 20 20 18 17 17 17 16 14 14 13 13 13 12 10 10 10 10 9 8 7 7 7 6 6 4 4 4 4 4 4 4 4 4 2 2 2 2 2 2 2 1 1 1 1 1 1 1 1 1 1 1 1 
66 61 58 51 48 45 44 39 36 36 32 27 27 27 27 25 25 25 23 23 23 19 19 19 18 17 17 16 16 14 14 13 13 13 11 10 10 10 10 6 6 6 5 5 5 5 4 4 4 4 4 4 4 4 3 2 2 2 2 2 2 2 1 1 1 1 1 1 1 1 1 1 
64 60 56 50 47 45 44 38 36 36 32 27 25 25 24 24 23 23 23 23 20 19 19 18 16 16 16 16 15 14 14 13 13 12 11 8 8 8 8 6 5 5 5 4 4 4 4 4 4 4 4 4 3 3 3 2 2 2 2 2 1 1 1 1 1 1 1 1 1 1 1 
63 59 56 50 46 44 40 37 36 32 32 27 25 24 23 23 23 23 23 22 20 19 18 18 16 16 16 16 14 14 14 13 12 11 11 8 7 7 7 6 5 4 4 4 4 4 4 4 4 3 3 3 3 3 3 2 2 2 2 2 1 1 1 1 
60 56 56 50 45 44 39 36 35 32 30 27 25 24 23 23 23 20 20 19 19 19 18 17 16 16 14 14 14 13 13 12 11 10 10 8 7 6 6 6 5 4 4 4 4 4 4 4 3 3 3 3 3 3 2 2 2 2 2 1 1 1 1 
59 56 50 47 43 42 37 36 34 31 29 27 24 24 23 23 23 20 19 19 19 19 18 17 16 16 14 12 12 12 12 12 10 9 8 8 7 6 6 5 4 4 4 4 3 3 3 3 3 2 2 2 2 2 2 1 1 1 1 1 1 
59 54 46 44 42 39 37 35 33 31 27 25 23 23 23 22 18 18 18 18 18 18 18 17 16 16 14 12 12 12 10 10 10 9 8 8 7 5 5 4 4 4 4 3 3 3 3 3 2 2 2 2 2 2 2 1 1 
55 54 46 44 38 37 37 35 29 28 26 24 22 22 22 19 18 18 18 18 17 16 16 15 15 15 14 12 12 11 9 7 7 7 7 7 7 5 5 4 4 4 4 3 3 3 3 2 2 2 2 2 2 1 1 1 1 
54 51 44 42 38 37 35 33 27 26 23 22 22 22 21 18 18 18 18 17 17 16 16 15 15 15 14 12 11 11 9 7 7 7 7 7 7 5 5 4 4 3 3 3 3 2 2 2 2 2 2 2 1 1 1 
53 51 42 42 37 36 33 33 27 23 23 22 22 21 19 18 18 17 16 16 15 15 15 15 14 13 13 12 11 11 7 7 7 7 7 7 6 5 3 3 3 3 2 2 2 2 2 2 2 1 1 1 1 1 1 
53 50 39 38 35 35 32 27 26 23 23 21 20 20 19 18 17 17 16 16 15 15 15 14 13 12 12 12 10 10 7 7 7 7 7 6 4 3 3 3 3 3 2 2 1 1 1 1 1 1 1 1 
51 48 39 36 35 34 30 26 26 23 23 20 20 20 18 18 16 16 16 15 15 15 14 12 12 11 11 11 10 8 7 7 7 7 7 5 4 3 3 3 3 3 1 1 1 1 1 1 1 
49 48 39 36 35 33 30 26 24 22 20 19 19 18 18 18 16 16 15 14 14 13 12 12 11 11 10 9 8 7 7 6 5 5 5 5 4 3 3 3 3 2 1 1 1 1 1 
48 46 38 35 32 32 29 26 21 21 19 19 18 17 17 16 16 15 12 12 12 12 12 11 10 10 10 9 8 7 7 6 5 5 5 4 4 2 2 2 2 1 1 1 1 1 
48 45 37 34 32 32 29 24 20 20 19 19 18 17 17 15 15 13 12 12 12 12 11 10 10 10 9 8 7 7 6 5 5 5 5 4 3 2 2 1 1 1 1 1 1 1 
47 45 36 34 32 31 28 24 20 19 19 19 17 16 16 15 15 13 12 12 12 11 11 10 10 10 8 8 7 6 5 5 4 4 4 4 3 2 2 1 1 1 1 1 1 1 
47 44 33 33 31 31 27 24 19 19 19 17 16 16 15 15 15 13 12 10 10 10 10 10 10 9 8 8 6 5 5 4 4 3 2 2 2 2 2 1 1 1 1 1 
45 44 33 33 31 31 27 23 19 19 19 16 16 16 15 15 14 13 11 10 10 10 10 10 10 9 8 5 5 5 5 4 4 3 2 2 2 2 2 1 1 1 1 
45 44 33 33 31 31 27 23 19 19 19 16 16 16 15 13 13 11 10 10 10 10 9 9 8 8 8 5 5 5 5 4 4 2 2 2 2 1 1 1 1 1 1 
45 43 33 33 31 27 24 23 19 19 19 16 16 16 15 13 12 10 10 10 10 10 9 8 8 8 8 5 5 5 4 3 2 2 2 2 2 1 1 1 1 
45 41 31 31 27 26 24 23 19 19 19 16 16 16 15 12 11 10 10 10 10 9 8 7 7 6 6 5 5 5 3 2 2 2 2 2 2 1 1 1 
44 39 31 30 27 26 24 23 19 19 18 16 16 15 15 12 11 10 9 8 8 8 8 7 6 6 6 5 4 4 2 2 2 2 2 2 2 1 1 1 
44 39 31 29 27 26 24 20 19 19 17 16 16 15 14 11 10 10 8 8 7 7 7 5 5 5 5 5 4 3 2 2 1 1 1 1 1 1 1 1 
41 38 25 25 25 25 24 19 19 18 17 16 16 14 13 11 9 9 8 8 7 7 6 5 5 5 4 4 4 3 2 2 1 1 1 1 1 1 1 
33 33 25 25 25 25 21 19 18 18 17 16 16 14 12 10 9 9 8 8 7 6 6 5 5 5 3 3 3 2 2 2 1 1 1 1 1 1 
33 32 25 25 25 24 21 19 18 17 17 14 13 13 11 9 9 8 7 5 5 5 5 3 3 3 3 3 2 2 2 2 1 1 1 1 1 
32 31 25 25 24 24 19 19 18 17 17 13 13 11 11 9 7 6 5 5 5 5 4 3 3 3 3 2 2 2 2 1 1 1 1 1 1 
32 29 25 25 23 23 19 19 17 17 16 13 9 9 8 6 6 6 5 5 5 4 4 3 3 3 3 2 2 2 2 1 1 1 1 1 1 
28 26 25 25 23 22 19 17 17 16 14 11 9 9 6 6 6 6 5 5 5 4 4 3 3 3 2 2 2 2 2 1 1 1 1 1 
27 26 25 24 23 21 19 17 17 16 13 9 8 7 6 6 6 6 5 5 5 4 4 3 3 3 2 2 2 1 1 1 1 1 
27 26 25 24 22 21 18 17 17 16 13 9 8 7 6 6 6 5 5 5 4 4 4 3 3 2 2 2 1 1 1 1 1 
27 23 23 23 22 20 18 17 17 16 11 9 8 7 6 6 6 5 5 5 4 4 3 3 2 2 2 1 1 1 1 1 1 
26 23 23 23 22 19 18 17 15 15 10 8 7 6 5 5 5 5 5 2 2 2 2 2 2 2 2 1 1 1 1 
26 23 23 22 21 18 18 16 15 14 10 8 6 6 5 5 5 5 5 2 2 2 2 2 2 2 2 1 
25 23 22 22 20 18 17 16 15 14 10 8 5 5 5 5 5 5 5 2 2 2 2 2 2 1 1 
25 23 22 21 20 18 17 15 15 13 10 8 5 5 5 5 4 4 4 2 2 2 2 2 2 1 1 
23 23 22 21 20 18 16 15 15 13 10 8 5 5 5 5 4 4 3 2 2 2 2 2 2 1 1 
23 23 22 19 17 17 16 14 13 12 9 7 5 5 5 5 4 4 3 2 2 2 2 2 2 1 1 
23 21 21 19 17 17 15 13 13 12 9 6 5 5 5 4 4 4 2 2 2 2 2 2 2 1 1 
22 21 21 18 16 14 14 13 13 12 8 6 5 5 5 4 4 4 2 2 2 2 2 1 1 1 
21 21 20 18 16 14 14 13 11 10 8 5 5 5 5 4 4 2 2 2 2 2 2 1 1 1 
21 21 20 18 15 14 14 13 10 8 8 5 5 5 5 4 4 2 2 2 2 2 1 1 1 1 
21 21 20 15 14 14 14 13 9 8 8 5 5 5 5 4 4 2 2 2 2 1 1 1 1 
20 20 20 15 14 14 12 12 8 8 7 5 5 5 4 4 3 2 2 1 1 1 1 1 
20 20 20 15 14 14 12 11 8 7 7 5 5 4 4 4 2 2 2 1 1 1 
20 20 20 15 14 13 12 10 8 7 6 5 5 4 4 3 1 1 1 1 1 1 
20 19 19 15 14 12 11 10 8 7 6 5 5 4 4 2 1 1 1 1 1 1 
20 18 18 15 14 12 11 7 7 7 6 5 4 4 2 2 1 1 1 1 1 1 
20 18 18 14 14 11 11 7 7 7 6 5 4 4 2 2 1 1 1 1 1 
20 18 18 13 13 10 10 7 7 6 6 5 4 4 2 2 1 1 1 
20 18 18 13 13 10 8 7 6 6 5 5 3 2 2 1 1 1 
20 18 18 13 13 10 8 7 5 5 4 4 3 2 2 1 1 1 
20 18 16 13 11 9 8 7 5 5 4 4 3 2 2 1 1 1 
18 18 16 13 11 8 8 7 5 5 4 4 3 2 1 1 1 1 
17 17 16 13 11 8 8 7 5 5 4 4 3 2 1 1 
17 16 15 13 11 8 8 7 5 5 4 4 3 2 1 
17 16 13 13 11 7 7 7 5 5 4 3 1 1 
16 16 13 12 11 7 7 5 5 4 4 3 
16 16 13 12 9 7 7 5 4 4 4 2 
16 16 13 12 7 6 5 5 4 4 3 2 
16 15 13 12 7 5 4 4 4 4 3 2 
16 14 13 12 6 5 4 4 4 4 2 2 
16 14 13 10 5 5 4 4 4 2 2 2 
16 14 13 10 5 4 4 4 3 2 2 2 
15 14 12 10 5 4 4 4 2 2 2 1 
13 13 12 8 5 4 4 4 2 1 1 1 
13 13 12 8 5 4 4 4 2 1 1 1 
13 13 12 7 4 4 4 4 1 1 1 1 
12 12 11 7 4 4 3 2 1 1 1 
12 11 9 7 4 4 2 2 1 1 1 
12 11 9 7 4 4 2 2 1 1 1 
12 11 9 7 4 3 2 2 1 1 1 
12 11 9 7 4 2 2 2 1 1 1 
12 11 9 6 4 2 2 2 1 1 
12 11 9 6 4 2 2 2 1 1 
12 11 7 6 4 2 2 2 1 
12 9 7 5 4 2 2 2 1 
12 7 7 5 4 2 2 2 1 
11 7 7 4 3 2 2 2 1 
11 7 7 4 3 2 2 1 1 
11 7 7 4 3 2 2 1 1 
11 7 6 4 3 2 2 1 1 
10 7 4 3 3 2 2 1 1 
10 6 4 3 3 2 2 1 1 
10 6 3 3 3 2 2 1 1 
10 6 3 2 2 2 2 1 1 
10 6 3 2 2 2 2 1 
10 5 3 2 2 2 2 
8 5 3 2 2 2 1 
8 4 3 2 2 2 1 
8 4 3 2 2 2 1 
8 4 3 2 2 1 1 
7 4 3 2 1 1 1 
6 3 2 1 1 1 1 
6 3 2 1 1 1 1 
6 3 2 1 1 1 1 
6 3 2 1 1 1 1 
6 3 2 1 1 1 1 
6 2 2 1 1 1 1 
6 2 2 1 1 1 1 
4 2 2 1 1 1 
4 2 2 1 1 1 
4 2 2 1 1 1 
4 2 2 1 1 
4 2 1 1 1 
4 1 1 1 1 
4 1 1 1 1 
4 1 1 
4 1 1 
4 1 1 
4 1 1 
4 1 1 
4 1 1 
4 1 1 
4 1 1 
3 1 1 
3 1 1 
3 1 1 
3 1 1 
3 1 1 
3 1 1 
3 1 1 
3 1 1 
3 1 1 
3 1 1 
2 1 1 
2 1 
1 1 
1 1 
1 1 
1 1 
1 1 
1 1 
1 
1 
1 
1 
1 
1 
1 
1 
1 
1 
1 
1 
1 
1 
1 
1 
1 
1 
1 
1 
1 
1 
1 
