150 126 126 125 122 119 118 118 117 117 115 109 101 100 96 96 90 85 82 82 82 80 78 76 76 74 74 70 68 65 63 60 59 59 57 56 52 51 49 49 48 47 47 47 47 46 45 44 44 44 43 42 40 40 39 39 39 34 33 31 31 30 29 29 29 29 29 28 25 25 25 25 25 25 25 25 23 23 21 19 18 18 17 16 16 16 16 16 16 16 16 16 16 16 15 15 15 14 14 10 10 10 10 9 8 8 8 8 8 8 8 7 7 7 7 6 6 6 6 6 6 6 5 5 5 5 5 5 5 4 4 4 4 4 4 4 4 4 4 4 3 3 3 3 3 3 2 2 2 2 2 2 2 2 2 2 2 2 2 2 2 1 1 1 1 1 1 1 1 
148 125 125 124 116 115 115 112 105 105 105 101 89 83 83 78 78 75 75 75 74 72 72 72 68 67 62 61 61 59 56 56 55 54 54 54 52 50 48 47 45 44 43 43 42 41 39 39 38 36 36 36 36 35 31 31 31 28 27 27 27 25 25 23 22 22 22 21 21 21 21 21 20 20 20 20 20 20 20 19 18 17 16 16 16 16 16 15 12 12 12 12 12 10 10 9 9 9 9 9 9 9 9 8 8 8 8 8 6 6 6 6 6 6 6 6 6 6 5 5 5 5 5 5 4 4 4 4 3 3 3 3 3 3 3 3 2 2 2 2 2 1 1 1 1 1 1 1 1 
146 122 118 110 106 105 104 100 99 94 93 93 86 82 81 78 76 75 73 67 67 65 65 63 61 60 60 58 54 52 52 52 52 48 47 47 47 47 43 43 39 38 38 37 36 36 33 33 33 33 33 28 28 28 27 27 27 27 27 27 27 25 24 22 22 21 21 21 20 20 20 20 20 20 20 19 18 17 17 15 15 15 14 14 14 14 14 13 12 12 11 11 11 9 9 9 9 9 9 9 8 8 8 8 8 8 7 6 6 6 6 6 6 6 6 5 4 4 4 4 4 4 4 4 4 4 3 3 3 3 3 3 3 2 2 2 2 2 2 2 2 1 1 1 1 1 1 1 
137 122 112 106 105 105 103 100 93 93 92 91 84 81 78 76 70 69 67 67 67 64 61 60 58 58 57 53 52 51 50 50 50 47 46 45 43 43 40 40 37 37 34 34 34 34 32 30 30 29 29 28 28 27 27 26 26 26 24 24 23 23 23 22 22 21 19 19 19 19 19 19 19 17 16 16 15 14 14 14 13 13 13 12 11 11 11 11 10 10 10 10 10 9 9 9 9 8 7 7 6 6 6 6 6 5 5 5 4 4 4 4 4 4 4 4 4 4 4 4 4 4 4 3 2 2 2 2 2 2 2 2 2 2 2 2 2 2 1 1 1 1 1 1 
129 121 111 106 104 104 101 97 93 88 87 85 84 77 76 70 70 67 64 64 64 62 61 58 57 57 57 53 51 50 49 48 46 43 43 40 40 40 39 36 36 34 34 34 33 30 29 29 29 29 28 26 26 24 24 21 20 20 20 20 20 20 19 19 19 16 16 15 15 15 15 15 15 13 13 13 13 13 13 13 12 12 12 11 10 10 10 10 7 7 7 7 7 7 6 6 6 6 6 6 5 5 5 5 5 5 5 5 4 4 4 4 4 4 3 3 3 3 3 3 3 2 2 2 2 2 2 2 2 2 2 2 2 2 2 1 1 1 
125 119 106 104 103 102 99 96 92 88 80 77 76 76 74 68 66 64 64 63 57 56 54 54 51 50 47 46 46 46 46 46 46 41 41 40 40 40 37 36 34 34 33 33 31 29 29 29 28 28 26 26 26 24 24 21 20 20 20 20 18 18 17 17 16 16 16 15 15 15 15 14 14 13 13 13 12 11 11 11 11 11 11 10 10 9 9 8 7 7 6 6 6 6 6 6 6 6 6 5 5 5 5 5 5 4 4 4 3 3 3 3 3 3 3 3 3 3 3 2 2 2 2 2 2 2 2 2 2 2 2 1 1 
123 113 94 94 94 93 93 90 83 83 74 71 71 68 68 63 63 62 61 60 54 50 50 50 48 48 46 45 44 43 42 42 42 40 40 40 39 38 37 36 33 32 32 32 31 29 25 25 25 25 25 25 25 23 22 21 20 20 18 18 18 15 15 15 15 15 15 15 15 14 14 14 13 12 12 12 12 11 11 11 11 10 10 9 8 8 8 7 7 6 6 6 6 6 6 5 5 5 5 5 5 5 5 4 4 3 3 3 3 3 3 3 3 3 3 2 2 2 2 2 2 2 2 2 2 2 1 1 1 
120 110 94 91 90 89 88 85 77 69 62 62 62 58 58 57 57 56 54 52 51 50 50 47 45 43 42 41 41 36 35 35 35 34 34 34 34 34 34 32 32 31 31 28 28 28 25 25 25 25 24 24 23 22 20 20 20 20 18 17 16 15 15 15 15 15 14 14 14 14 12 12 12 12 12 11 11 11 11 9 9 9 8 8 8 7 7 7 6 6 5 5 5 5 5 5 5 5 5 5 5 5 4 4 4 3 3 3 3 3 3 2 2 2 2 2 2 2 2 1 1 1 1 1 1 1 
112 106 93 90 88 81 81 78 73 66 59 56 56 56 53 53 53 52 49 44 44 43 43 42 42 42 41 38 37 35 35 35 35 34 34 34 33 32 31 31 31 31 30 28 27 26 25 24 24 24 23 23 23 21 20 20 20 20 17 17 16 15 15 13 13 13 13 12 11 11 11 11 11 10 10 9 9 9 9 9 9 9 8 7 7 7 7 6 5 5 5 5 5 4 4 4 4 4 4 4 4 4 3 3 3 3 3 3 3 3 1 1 1 1 1 1 1 1 1 1 1 1 1 1 1 
112 102 93 83 83 81 80 78 70 62 57 56 55 55 53 53 53 49 49 44 44 42 42 42 42 40 37 37 36 35 34 34 34 34 34 33 31 30 29 29 28 27 26 26 25 23 23 23 22 22 22 21 20 19 19 19 19 19 16 16 16 15 15 13 13 13 11 11 10 10 10 10 10 10 9 9 8 7 6 6 6 6 6 4 4 4 4 4 4 4 4 4 4 4 4 4 4 4 4 4 4 4 3 3 3 3 3 3 3 2 1 1 1 1 1 1 1 1 1 1 1 
109 97 89 83 81 77 77 70 65 62 57 55 53 53 53 52 49 48 48 44 42 42 42 41 40 40 36 36 36 33 33 33 33 32 31 30 30 29 28 28 28 27 24 24 24 23 23 22 21 20 19 19 16 16 16 16 16 15 15 14 14 13 13 13 12 12 10 9 8 8 8 8 7 7 7 7 6 5 5 5 4 4 4 4 4 4 4 4 4 4 4 4 4 3 3 3 3 3 3 3 3 3 2 2 2 2 2 2 1 1 1 1 1 1 1 
106 93 88 83 81 70 70 70 64 61 55 55 53 51 50 49 48 47 47 44 42 41 41 40 38 37 34 34 33 33 31 31 31 31 29 29 28 26 26 26 25 24 24 21 21 20 19 19 19 17 17 16 16 16 16 14 10 10 10 10 10 10 10 9 9 9 8 8 8 8 8 7 6 6 5 5 5 5 4 4 4 4 4 4 4 4 4 4 4 4 3 3 3 3 3 3 2 2 2 2 2 2 2 2 2 2 2 2 1 1 1 1 1 1 
103 92 78 77 75 70 69 69 60 58 55 55 52 49 48 48 45 44 43 42 42 41 41 40 36 36 33 30 30 30 30 30 30 30 29 24 24 24 24 24 23 22 22 20 18 18 18 18 18 17 16 16 15 15 14 14 10 10 10 10 10 10 10 9 9 8 8 8 7 7 6 6 6 5 5 5 4 4 4 4 4 4 4 4 4 4 4 4 4 3 3 3 3 3 3 3 2 2 2 2 2 2 2 2 2 2 1 1 1 1 1 1 1 1 
100 86 77 76 75 68 68 64 57 55 55 55 52 49 48 47 45 44 43 41 38 38 38 38 36 34 33 30 30 30 30 30 30 26 23 23 22 22 22 21 21 20 18 18 16 16 16 16 16 16 16 15 13 13 12 12 10 10 9 9 9 9 9 9 8 8 7 7 7 6 5 5 5 5 4 4 4 4 4 4 4 4 4 4 4 4 4 3 3 3 3 2 2 2 2 2 2 2 2 2 2 2 2 1 1 1 1 1 1 1 1 1 
93 86 75 74 72 68 63 60 56 55 53 51 49 47 45 45 45 42 39 39 38 37 36 35 35 34 32 30 30 29 29 26 26 24 23 23 22 22 22 21 20 20 18 15 15 15 15 15 14 14 14 13 12 12 12 10 10 9 9 9 9 8 8 8 7 7 6 5 5 5 5 5 5 5 4 4 4 4 4 4 4 4 4 3 3 3 3 3 3 3 3 2 2 2 2 2 2 2 2 1 1 1 1 1 1 1 1 1 
90 82 75 71 71 67 63 58 55 50 49 46 45 45 43 43 43 40 39 38 38 36 36 34 34 32 31 30 29 28 26 26 26 24 22 22 21 21 20 20 20 19 16 15 15 15 15 15 12 12 12 12 11 11 11 10 9 9 9 9 8 8 7 7 7 5 5 5 5 5 5 5 5 5 4 4 4 4 4 4 4 4 4 3 3 3 3 3 3 3 2 2 2 2 2 2 2 1 1 1 1 1 1 1 1 
85 76 75 68 67 61 59 58 52 50 49 46 44 44 42 41 37 37 36 35 35 35 35 34 34 32 30 30 28 28 26 26 25 24 22 22 20 20 20 20 20 19 15 15 15 13 12 12 12 12 12 11 11 11 11 9 9 8 8 7 7 7 7 6 6 5 5 5 5 5 5 5 5 5 4 4 4 4 4 4 4 4 4 3 3 3 3 2 2 2 2 2 2 2 2 2 2 1 1 1 1 1 1 1 1 
85 76 69 65 65 59 58 56 51 49 46 44 43 40 39 39 37 36 35 35 35 34 34 34 32 32 30 26 26 23 23 23 22 22 22 22 20 20 18 18 18 18 15 15 15 12 12 12 11 10 10 9 9 9 9 9 8 8 7 7 7 7 7 6 5 5 5 5 4 4 4 4 4 4 4 4 4 4 4 4 3 3 3 3 3 3 2 2 2 2 2 1 1 1 1 1 1 1 1 1 1 1 1 
81 74 64 62 61 59 56 56 49 45 45 44 41 40 37 36 36 35 35 34 34 33 33 33 31 30 29 26 23 22 22 22 22 22 20 20 20 20 18 18 18 17 15 14 13 12 12 12 9 9 9 9 9 9 9 8 8 7 7 7 7 7 7 5 5 5 4 4 4 4 4 4 4 4 4 4 4 4 3 3 3 3 2 1 1 1 1 1 1 1 1 1 1 1 1 1 1 
79 67 64 62 60 57 56 56 46 45 44 42 40 37 37 36 36 35 35 34 32 32 31 29 29 26 24 24 23 22 22 21 21 20 20 19 19 19 17 17 17 16 15 14 13 12 11 11 9 9 9 9 9 9 9 8 8 6 6 6 6 6 5 5 5 5 4 4 4 4 4 4 4 3 3 3 3 3 3 2 1 1 1 1 1 1 1 1 
79 66 59 57 55 55 55 54 45 43 42 41 38 37 37 36 36 35 34 32 32 32 30 27 26 25 24 24 23 22 21 21 21 20 19 18 18 17 15 15 15 15 15 14 13 12 11 11 9 9 9 9 9 9 8 8 7 6 6 6 5 5 5 5 4 4 4 4 4 4 4 3 3 3 3 3 2 1 1 1 1 1 1 
78 64 59 57 55 55 55 51 45 41 40 39 38 37 36 36 36 35 33 31 31 27 26 24 24 23 23 23 22 22 21 21 20 19 19 18 17 17 15 14 13 13 12 12 12 12 11 11 9 9 9 9 8 8 8 8 7 6 5 5 5 5 5 4 4 4 4 4 4 4 3 3 3 3 3 2 2 1 1 1 1 
78 64 59 57 55 55 53 51 44 39 39 37 36 36 34 34 33 32 30 30 30 27 26 24 23 23 23 23 22 21 19 19 19 19 19 18 17 15 15 14 13 11 11 11 11 11 10 10 9 9 8 8 7 7 7 7 6 5 5 5 5 5 5 4 4 4 4 4 2 2 2 2 2 2 1 1 1 1 1 1 1 
76 64 56 56 55 51 51 51 42 38 37 37 36 35 31 31 29 28 28 28 28 26 26 23 23 23 21 21 19 19 18 18 18 18 16 16 16 15 13 13 11 11 11 11 11 11 10 9 9 9 8 8 7 7 7 7 6 5 5 5 5 5 5 4 4 3 3 3 2 1 1 1 1 1 1 1 1 1 1 1 1 
75 63 56 56 53 51 50 49 42 38 36 36 36 34 31 30 29 28 28 27 27 25 22 22 22 21 20 20 19 19 18 18 16 16 16 15 15 15 13 13 11 11 11 11 11 10 8 8 8 8 8 8 7 6 6 6 6 5 5 5 5 4 3 2 2 2 2 2 1 1 1 1 1 1 1 1 1 1 1 1 1 
73 61 56 55 52 51 50 46 36 36 36 36 35 31 30 29 28 28 28 27 27 25 22 22 21 21 20 19 18 16 15 15 15 15 15 15 15 14 13 13 11 11 9 9 9 9 8 8 8 8 6 6 5 5 5 4 4 4 3 3 2 2 2 2 2 2 2 2 1 1 1 1 
71 61 53 53 51 49 49 45 36 36 36 36 33 31 29 29 28 28 27 26 26 24 22 22 21 19 19 19 17 15 15 15 15 13 13 13 13 13 12 11 10 9 9 9 9 9 8 7 7 7 5 5 4 3 3 3 3 3 3 2 2 2 2 2 2 2 1 1 1 1 1 
70 61 53 53 50 47 46 43 36 36 36 36 33 29 29 29 28 28 24 24 24 23 22 22 19 19 19 19 16 15 15 15 15 13 13 13 13 11 10 10 9 9 9 9 9 9 8 7 7 7 5 4 4 3 3 3 3 3 2 2 2 2 1 1 1 1 1 1 1 1 
69 60 53 51 50 47 43 42 36 36 36 34 32 29 29 29 27 24 24 23 23 22 22 21 19 19 18 18 15 15 15 15 14 13 13 13 13 10 10 10 9 9 9 9 9 9 8 7 7 5 5 4 3 3 3 3 3 2 1 1 1 1 1 1 1 1 1 
62 60 53 50 46 45 43 40 36 36 35 34 32 29 28 27 26 24 22 22 22 22 22 21 19 19 18 16 15 15 15 15 14 13 12 10 9 9 9 9 9 8 8 8 7 7 7 7 6 5 4 3 3 3 3 2 1 1 1 1 1 
58 57 52 49 44 43 42 39 36 36 33 32 32 28 28 27 23 22 22 22 22 22 21 17 17 17 16 16 15 15 13 13 12 12 9 9 9 8 8 8 8 8 8 8 7 7 7 6 5 3 3 3 3 2 2 2 1 1 1 1 
57 55 52 49 44 42 41 38 36 36 33 32 30 28 28 25 23 22 22 22 21 20 18 17 17 16 16 15 15 15 13 12 11 11 8 8 8 8 8 8 8 8 8 8 7 6 6 6 4 3 3 3 2 2 2 1 1 1 1 1 
56 55 50 47 44 41 39 38 36 35 33 32 29 28 27 24 22 22 21 20 20 20 18 16 16 16 15 15 15 15 13 11 10 9 8 8 8 8 8 8 8 8 7 7 7 6 5 5 4 3 2 2 2 2 1 1 1 1 1 
53 52 50 46 44 38 38 37 35 33 33 32 27 27 26 22 22 22 21 19 19 18 17 16 15 14 14 14 14 13 13 10 10 9 8 8 8 8 8 8 8 7 6 5 5 5 5 3 3 3 2 2 2 1 1 1 1 1 
53 51 50 45 44 37 37 35 34 33 31 31 27 27 25 22 22 21 21 19 18 18 17 16 14 14 14 14 13 13 12 10 9 9 8 8 8 8 8 8 8 6 4 4 4 4 4 3 3 3 2 2 2 1 1 
53 50 49 43 42 37 36 35 33 33 31 29 27 27 25 22 20 20 19 19 18 17 16 16 14 14 14 13 13 12 9 9 8 8 8 8 8 7 6 5 5 5 4 4 4 4 4 3 3 2 2 2 1 1 
48 48 47 42 41 34 33 33 33 33 30 28 27 27 22 21 19 19 18 17 16 15 15 15 14 14 14 13 12 12 9 9 8 8 8 8 8 6 6 5 5 5 4 4 4 4 4 3 3 2 2 2 1 
48 48 43 42 39 33 33 30 30 30 27 26 26 25 22 21 19 19 17 17 16 15 15 15 14 14 14 12 11 11 9 9 8 8 6 6 5 5 5 5 5 5 4 4 4 4 3 2 2 1 1 1 
48 43 40 38 38 33 33 30 29 29 27 26 26 25 22 17 17 17 17 17 15 15 15 14 14 14 12 11 11 10 9 9 8 5 5 5 5 5 4 4 4 4 4 4 4 4 3 2 2 1 1 1 
48 43 35 35 34 33 32 28 26 26 25 25 23 21 21 17 17 17 17 17 15 14 14 14 13 12 12 10 10 10 9 9 8 5 5 5 5 5 4 4 4 4 4 4 3 3 3 2 2 1 
44 41 34 33 33 31 29 28 26 25 25 25 19 17 17 17 17 15 15 15 15 14 13 13 12 12 12 10 10 10 8 8 8 5 5 5 4 4 4 4 4 4 4 3 2 1 1 1 
44 39 34 32 32 29 27 26 24 24 24 24 18 17 17 17 17 15 15 15 14 14 13 12 11 11 10 10 8 8 7 7 6 5 5 4 4 4 4 4 4 4 3 2 1 1 1 1 
42 39 32 32 31 29 27 24 24 24 24 24 18 17 16 16 16 15 15 15 14 14 13 12 11 10 10 9 8 8 7 7 5 5 5 4 4 3 3 3 2 1 1 
40 35 31 30 30 27 27 24 24 24 23 20 18 17 16 16 16 15 15 15 13 13 11 11 10 10 10 8 8 7 7 6 5 4 4 4 3 3 2 2 1 1 1 
38 35 31 30 28 27 27 24 23 23 22 20 18 17 16 16 16 15 15 14 13 11 11 10 10 10 8 7 7 7 6 4 4 3 3 3 3 2 2 2 1 
35 34 31 28 27 26 25 24 22 21 20 20 17 17 16 16 15 15 15 14 11 11 11 10 10 8 7 7 7 7 6 4 3 3 2 2 2 2 2 2 
35 33 30 28 27 26 25 24 21 20 20 19 17 17 16 16 15 14 14 14 11 11 10 10 9 8 7 7 7 7 6 3 3 3 2 2 2 2 2 2 
34 29 26 26 26 25 25 24 21 20 20 19 16 16 16 16 14 13 13 10 9 9 9 9 8 8 7 6 6 4 4 3 3 2 2 2 2 2 2 1 
33 28 26 26 25 24 23 22 21 20 20 18 16 16 16 15 13 12 11 10 9 7 7 6 6 6 6 6 5 4 4 3 2 2 2 2 2 2 2 
33 28 26 26 24 24 21 21 21 20 18 18 16 16 16 15 13 12 10 9 8 7 6 6 6 5 5 5 5 4 4 2 2 2 2 2 2 2 2 
30 27 26 25 24 23 21 21 21 20 18 17 16 16 16 13 13 10 10 8 8 6 6 6 6 5 5 5 5 3 3 2 2 2 2 2 1 1 1 
30 27 26 24 23 23 21 21 19 18 18 17 16 16 15 13 13 10 10 8 8 6 5 5 5 5 5 4 4 3 3 2 2 2 2 2 1 1 1 
29 26 26 24 23 22 21 21 18 18 18 16 15 15 14 13 13 9 8 8 6 5 5 5 5 5 4 4 3 3 3 2 2 2 2 1 1 
29 26 25 24 23 21 21 20 18 17 17 15 15 15 14 13 11 8 8 8 6 5 5 5 5 5 4 4 3 3 3 2 2 2 1 1 1 
27 25 25 24 21 21 21 19 16 16 14 13 13 13 13 13 10 8 8 7 5 5 5 5 5 4 4 3 3 3 3 2 2 2 1 1 
26 25 24 24 21 21 21 18 15 15 14 13 13 13 13 12 10 8 8 5 5 5 4 4 4 4 3 3 3 3 3 2 2 2 
26 24 23 23 21 20 20 17 13 13 13 13 13 11 11 11 8 8 7 5 5 4 4 4 4 4 3 3 3 3 3 2 1 1 
24 24 23 22 21 19 19 17 13 13 13 13 13 11 11 11 7 7 6 5 5 4 4 4 4 4 3 3 3 3 3 1 1 1 
24 23 22 21 19 19 19 16 13 13 13 12 12 11 11 9 7 7 6 4 4 4 4 3 3 3 3 3 3 3 1 1 1 1 
23 22 22 21 19 19 18 15 13 13 12 12 12 10 10 9 7 5 4 4 4 4 4 3 3 3 3 3 3 3 1 
22 22 22 21 19 19 18 14 13 13 12 11 10 10 10 9 7 5 4 4 4 4 3 3 3 3 3 3 3 2 1 
22 22 22 21 19 19 18 14 13 13 11 11 10 10 10 8 7 4 4 4 4 3 3 3 3 3 3 3 3 2 1 
22 22 22 21 19 19 18 14 13 13 11 10 10 10 10 7 7 4 4 4 4 3 3 3 3 3 3 3 2 1 1 
22 22 22 21 19 19 18 14 13 12 11 10 9 9 9 7 6 4 4 4 4 3 3 3 3 3 3 2 2 1 1 
22 22 22 21 19 19 16 14 13 12 10 9 8 7 6 6 5 4 4 4 4 3 3 3 3 3 3 2 1 
22 22 20 20 19 18 16 13 13 12 10 9 8 7 6 6 5 4 4 4 4 3 3 3 3 3 3 2 1 
22 22 20 20 19 17 14 11 10 10 9 9 7 6 6 6 5 4 4 4 3 3 3 2 1 1 1 1 1 
22 20 20 19 18 16 14 10 10 10 9 9 7 6 6 6 5 4 4 3 3 3 2 2 1 1 1 1 1 
22 20 19 19 16 13 11 10 10 10 9 9 7 5 5 5 5 4 3 3 3 3 2 2 1 1 1 1 1 
21 20 19 19 14 11 10 10 10 10 9 8 7 5 5 5 5 3 3 3 2 2 2 2 1 1 1 1 1 
21 20 18 18 14 10 10 10 9 9 8 8 6 5 5 5 4 3 3 3 2 1 1 1 1 1 1 1 
21 18 18 17 14 10 10 10 9 9 8 8 6 5 5 4 4 3 3 1 1 1 1 1 1 1 1 1 
20 18 17 15 13 10 10 10 9 9 8 8 6 4 4 4 4 3 3 1 1 1 1 1 1 1 1 1 
20 17 17 15 13 10 10 9 9 9 8 7 6 4 4 4 3 2 2 1 1 1 1 1 1 
20 17 17 15 13 10 10 9 8 6 6 6 5 4 4 3 3 1 1 1 1 1 1 1 1 
20 17 17 15 12 10 10 8 8 6 6 6 5 4 3 3 3 1 1 1 1 1 1 
19 17 17 15 12 9 9 8 8 6 6 6 2 2 2 2 1 1 1 1 1 1 1 
19 17 17 15 12 9 9 8 5 5 4 2 2 2 2 2 1 1 1 1 1 1 1 
18 16 16 15 12 9 9 8 5 5 4 2 2 2 1 1 1 1 1 1 1 1 1 
17 16 16 13 11 8 8 8 5 5 3 2 1 1 1 1 1 1 1 1 1 
16 16 16 13 10 8 8 8 5 5 3 2 1 1 1 1 1 1 1 1 1 
16 16 16 13 9 8 8 7 5 5 3 2 1 1 1 1 1 1 
16 16 15 11 9 8 8 7 5 4 2 2 1 1 1 1 1 1 
16 16 15 10 9 8 8 7 5 2 2 1 1 1 1 1 1 1 
16 16 15 10 9 8 8 7 4 2 2 1 1 1 1 1 1 1 
16 15 14 10 8 8 7 6 4 2 2 1 1 1 1 1 1 1 
16 14 13 9 8 8 6 6 4 2 2 1 1 1 1 1 1 1 
16 14 13 9 8 7 5 5 4 2 1 1 1 1 1 1 1 
16 13 13 8 8 7 5 5 4 2 1 1 1 1 1 1 1 
16 13 13 8 8 6 5 5 4 2 1 1 1 1 1 1 1 
16 13 12 8 8 6 5 5 3 2 1 1 1 1 1 1 1 
15 13 9 8 8 5 5 5 3 2 1 1 1 1 1 1 1 
15 13 9 8 8 5 5 4 2 2 1 1 1 1 1 1 
15 13 9 8 8 3 3 3 2 2 1 1 1 1 1 1 
14 13 9 8 8 3 3 3 2 1 1 1 1 1 1 
14 11 9 8 7 3 3 3 1 1 1 1 1 1 
14 10 8 8 7 3 3 1 1 1 1 1 1 1 
14 10 8 8 6 3 3 1 1 1 1 1 1 1 
14 9 8 7 4 3 3 1 1 1 1 1 
7 7 7 7 4 3 3 1 1 1 1 1 
7 6 6 5 4 3 3 1 1 1 1 1 
7 6 6 4 4 3 3 1 1 1 1 1 
7 6 6 4 3 3 3 1 1 1 1 1 
6 6 5 3 3 3 3 1 1 1 1 1 
6 5 4 3 3 3 3 1 1 1 1 1 
6 5 4 3 3 3 3 1 1 1 1 1 
6 5 4 3 3 3 2 1 1 1 1 
6 5 4 3 3 3 2 1 1 1 1 
6 4 4 3 3 2 2 1 1 1 1 
6 4 4 3 3 2 1 1 1 1 
5 4 4 3 3 1 1 1 1 1 
5 4 4 3 2 1 1 
5 4 4 3 2 1 1 
5 4 4 3 2 1 1 
5 4 3 2 2 1 1 
5 4 2 2 2 1 1 
5 4 2 2 1 1 1 
5 4 2 2 1 1 1 
4 4 2 2 1 1 
4 3 2 2 1 1 
4 3 2 2 
4 3 2 1 
4 2 2 1 
4 2 2 1 
4 2 1 
4 2 1 
4 2 1 
4 2 
4 2 
4 2 
4 1 
4 1 
3 1 
2 1 
2 1 
2 1 
2 1 
2 1 
2 1 
1 1 
1 1 
1 1 
1 1 
1 
