165 155 151 145 139 132 123 120 117 109 107 104 101 99 97 95 90 90 88 86 83 80 80 79 75 75 70 70 70 69 68 67 59 59 59 59 59 59 58 55 55 54 50 49 48 48 48 46 45 45 45 45 44 42 41 40 38 37 37 36 36 36 35 34 32 32 30 29 27 25 22 22 22 22 22 22 21 21 20 20 19 19 19 19 18 18 17 17 17 17 17 17 17 16 16 15 15 15 15 15 15 14 14 13 13 13 13 12 12 12 12 12 12 11 10 10 10 10 10 10 10 8 8 7 6 6 6 6 6 6 6 6 5 5 5 4 3 3 3 3 3 3 2 2 2 2 2 2 2 1 1 1 1 1 1 1 1 1 1 1 1 1 1 1 1 1 1 1 1 1 1 1 1 1 1 1 1 1 1 1 1 1 1 1 1 
153 141 136 135 123 119 117 115 109 107 104 99 99 94 91 91 90 85 83 77 77 75 75 71 68 67 67 65 65 62 61 61 59 57 57 54 53 51 48 48 47 46 45 44 42 42 40 39 39 39 39 39 37 36 36 36 36 35 35 33 32 31 29 29 28 27 27 27 25 25 22 22 21 21 19 17 17 17 17 17 17 17 17 17 16 16 16 16 14 14 14 14 14 14 13 13 13 13 12 12 11 10 10 10 10 10 10 9 8 8 8 7 7 6 6 6 5 4 4 3 3 3 3 3 3 3 3 3 3 3 3 3 3 3 3 3 3 3 2 1 1 1 1 1 1 1 1 1 1 1 1 
149 140 132 128 119 116 106 104 103 89 89 89 87 87 77 64 63 61 60 60 59 59 59 59 59 56 56 56 53 53 53 53 53 50 49 47 46 45 45 44 43 43 41 40 40 39 36 36 36 36 36 34 31 30 30 30 28 28 27 27 27 27 27 27 26 25 23 22 20 20 20 20 20 18 17 17 17 16 16 16 15 15 15 14 13 13 13 11 11 10 10 10 10 10 10 10 10 10 10 9 8 8 8 8 8 8 7 7 6 6 5 5 5 5 3 3 3 3 3 3 3 3 3 3 3 3 3 3 2 2 2 2 2 2 2 2 2 2 2 1 1 1 1 1 1 1 1 1 1 1 
147 131 122 116 107 106 104 103 102 89 86 86 86 79 74 63 63 61 59 59 59 59 56 56 56 54 53 53 51 50 48 48 48 47 45 44 44 43 43 41 39 38 38 38 37 36 35 32 31 31 30 30 30 30 29 29 28 26 24 22 22 22 22 21 21 21 21 21 20 18 18 14 14 14 14 13 13 13 12 12 12 12 12 12 12 12 11 10 10 10 7 7 7 7 7 7 7 7 7 7 6 6 6 6 5 5 5 5 5 5 5 5 3 3 3 3 2 2 2 2 2 2 2 2 2 2 2 2 2 2 2 2 2 2 1 1 1 1 1 1 1 1 1 1 1 1 1 1 
142 129 108 107 105 92 91 91 91 89 86 84 82 78 72 63 60 59 59 57 56 56 54 53 53 53 52 51 49 48 48 47 46 45 44 44 43 42 41 40 38 35 34 34 33 33 32 31 31 31 29 28 28 28 27 27 26 26 22 22 22 22 21 21 21 21 19 19 19 18 18 14 14 14 12 12 12 12 12 12 12 11 11 10 10 10 10 9 8 7 7 7 7 7 7 7 7 5 5 5 5 5 5 5 5 5 5 5 4 3 2 2 2 2 2 2 2 2 2 2 2 2 2 2 2 2 2 2 2 2 1 1 1 1 1 1 1 1 1 1 1 
129 115 107 98 96 91 91 90 89 88 84 77 77 75 63 61 60 59 54 54 54 53 53 53 52 52 51 49 46 45 45 45 44 43 43 43 41 39 39 35 35 35 34 34 32 30 30 29 29 29 29 27 27 25 25 25 25 25 22 21 19 19 19 19 19 19 19 19 18 15 15 14 12 12 12 12 12 12 12 12 12 10 9 7 7 7 7 7 7 7 7 7 7 7 6 5 5 5 5 5 4 3 3 3 3 3 3 3 3 2 2 2 2 2 2 2 2 2 2 2 2 2 2 2 2 2 2 1 1 1 1 1 1 1 1 1 1 1 1 1 
120 114 105 90 90 90 87 87 87 87 77 72 72 63 61 61 59 57 54 53 53 53 51 50 49 48 47 47 45 45 45 45 44 42 40 37 34 33 32 31 31 30 30 30 30 29 26 24 24 24 23 23 23 23 23 23 22 20 20 20 18 17 17 17 15 14 14 12 10 10 10 9 8 8 8 8 8 8 8 8 8 8 8 7 7 7 7 7 7 6 6 5 5 5 4 4 4 4 4 4 4 3 3 3 3 3 3 2 2 2 2 1 1 1 1 1 1 1 1 1 1 1 1 1 1 1 1 1 1 1 1 1 1 1 1 
111 104 96 85 84 84 84 84 83 83 75 72 70 61 60 58 57 53 53 53 52 52 50 48 48 45 45 44 43 43 39 39 39 36 36 34 33 32 32 31 30 30 30 30 30 26 24 23 23 23 22 21 21 21 20 20 20 20 20 19 18 17 17 13 13 13 13 10 10 9 9 9 8 8 8 8 6 6 6 6 6 6 6 5 5 5 5 5 5 5 5 4 4 4 4 4 4 4 4 4 3 3 3 2 2 2 2 1 1 1 1 1 1 1 1 1 1 1 1 1 1 1 1 1 1 1 1 1 1 1 1 1 1 
109 102 92 85 84 84 81 81 78 77 75 70 66 58 55 53 53 53 52 52 52 52 49 48 47 45 45 43 41 39 39 39 39 36 35 34 32 32 32 30 30 26 26 26 26 25 24 23 23 21 21 21 21 20 20 20 19 18 18 16 15 15 15 13 13 13 12 10 9 7 7 7 7 7 7 7 6 6 6 6 6 5 4 4 4 4 4 4 4 4 4 4 4 4 4 4 3 3 3 3 3 1 1 1 1 1 1 1 1 1 1 1 1 1 1 1 1 1 1 1 1 1 1 1 
99 99 92 84 84 82 81 75 75 74 71 65 64 56 53 53 51 51 51 51 51 48 48 43 42 41 41 40 39 39 38 37 33 33 33 33 32 31 28 28 27 26 26 26 26 25 24 23 23 21 21 21 20 20 20 18 18 17 14 13 12 12 11 10 10 10 9 9 8 7 7 7 7 7 7 7 6 5 5 5 5 4 4 4 4 4 4 4 4 4 4 4 4 4 4 3 3 3 3 3 2 1 1 1 1 1 1 1 1 1 1 1 1 1 1 1 1 1 1 1 1 
99 99 92 84 83 81 81 74 74 72 69 65 63 53 53 53 51 51 51 51 50 47 43 43 39 38 38 38 37 36 36 35 33 33 31 30 27 26 26 26 24 21 21 20 17 17 17 17 17 17 17 17 17 17 17 17 16 15 14 12 11 11 11 10 9 9 9 8 7 7 7 7 7 6 6 6 5 5 4 4 4 4 4 4 4 3 3 2 2 2 2 2 2 2 2 2 2 2 2 2 1 1 1 1 1 
99 98 89 83 79 77 72 71 71 67 64 64 56 53 53 53 51 48 47 44 43 43 42 42 39 38 37 36 34 34 34 34 32 31 31 29 27 25 25 25 23 21 20 19 17 17 17 17 17 17 17 17 17 17 17 17 15 14 11 11 11 11 10 8 8 8 8 7 7 7 7 7 6 6 6 4 4 4 4 4 4 4 4 4 3 2 2 2 2 2 2 2 2 1 1 1 1 1 1 1 1 1 
97 90 88 82 75 73 71 70 69 66 64 64 56 53 53 51 50 47 47 43 41 41 41 40 37 35 32 32 32 32 32 32 31 27 26 26 25 25 25 22 20 20 20 18 17 17 17 17 17 17 17 17 16 16 15 15 13 12 11 10 10 9 9 8 8 8 8 7 7 6 5 5 5 4 4 4 4 4 4 4 4 4 4 4 3 2 2 2 2 2 2 1 1 1 1 1 1 
97 85 84 80 72 70 70 68 68 65 64 61 56 53 52 51 49 45 42 40 39 39 38 38 36 34 32 32 31 31 31 29 29 25 25 25 25 24 20 19 19 19 17 17 17 17 17 17 17 17 17 15 14 12 12 12 12 10 9 8 8 8 7 7 7 7 7 7 7 5 5 5 5 4 4 4 4 4 4 4 4 3 3 2 2 2 2 1 1 1 1 
93 85 84 79 70 70 70 68 65 64 59 59 56 53 52 49 44 44 41 40 39 34 34 34 34 30 30 30 29 29 27 27 27 25 25 25 25 24 19 19 19 18 17 17 17 17 15 15 15 13 13 13 13 9 9 8 8 8 8 8 8 8 7 7 7 6 5 5 5 5 5 4 4 4 4 4 4 2 2 2 2 2 2 1 1 1 1 1 1 1 1 
88 85 82 76 70 65 65 64 59 55 54 53 52 52 50 47 44 42 41 40 39 34 34 34 34 30 30 30 28 28 27 27 27 25 25 25 24 22 19 19 17 17 17 17 16 15 13 13 13 13 13 11 11 9 8 8 8 8 8 8 7 7 6 6 6 6 5 4 4 4 4 4 4 4 4 3 3 2 2 2 2 2 1 1 1 1 1 1 
87 80 80 68 58 55 55 55 55 54 53 53 52 50 46 45 44 42 40 39 35 30 30 30 30 30 30 30 28 28 26 25 25 23 23 23 20 20 19 19 17 17 17 16 15 14 13 13 13 12 12 10 10 9 8 7 7 7 7 6 6 5 5 4 4 4 4 4 4 4 3 3 2 2 2 2 2 2 2 2 1 1 1 1 
82 78 77 66 57 53 53 52 52 52 52 50 47 46 45 45 41 41 38 37 35 30 30 30 30 30 27 27 27 27 25 21 21 21 21 19 19 18 18 18 17 17 15 15 14 14 13 12 12 12 12 10 9 9 8 7 6 6 6 5 5 5 5 4 4 4 3 2 2 2 2 2 2 2 2 2 2 2 2 2 
81 78 68 62 56 53 52 52 52 49 48 48 46 45 45 45 40 40 36 35 34 30 30 28 28 28 27 27 25 25 24 21 21 21 19 19 18 18 18 18 17 16 14 14 14 12 12 12 12 10 10 10 7 6 6 6 6 6 4 4 4 4 4 4 4 3 2 2 2 2 2 2 2 2 2 2 2 1 1 1 
77 76 67 58 53 53 52 52 51 48 47 47 46 45 43 38 38 38 35 34 33 30 30 28 28 27 25 22 22 22 20 20 20 20 19 18 18 18 17 15 15 14 14 12 11 11 11 11 11 9 9 9 6 6 5 5 4 4 4 4 4 3 3 3 3 2 2 2 2 2 2 2 2 2 2 2 1 1 1 
74 74 66 57 53 52 52 49 49 47 47 45 44 44 41 37 37 36 34 31 30 29 27 27 25 25 22 22 22 22 20 20 20 19 18 18 18 18 17 15 13 13 13 11 11 11 11 10 10 9 9 7 5 5 5 4 4 4 4 4 4 3 3 2 2 2 2 2 2 2 2 2 2 1 1 1 1 
74 73 64 56 53 51 51 49 49 47 47 45 38 38 38 37 35 33 32 30 27 24 24 24 24 23 22 22 21 20 20 18 18 18 18 18 17 16 16 15 13 13 11 11 11 9 9 8 8 8 8 6 4 4 4 4 4 4 4 4 3 3 3 2 2 2 1 1 1 1 1 1 1 
72 72 63 56 53 50 50 49 48 47 46 45 37 37 37 36 35 33 31 29 25 24 24 24 24 23 22 21 20 19 19 18 18 17 17 17 16 16 16 15 13 12 11 11 8 8 8 8 8 7 7 4 4 4 4 4 4 4 4 3 3 2 2 2 1 1 1 1 1 1 1 
72 68 63 55 53 50 49 48 48 46 46 42 37 37 36 33 30 30 29 28 24 24 24 23 23 23 20 20 19 17 14 14 14 14 14 14 14 14 14 14 13 12 11 10 8 8 8 8 7 7 7 4 4 4 4 4 4 3 3 3 3 2 2 1 1 1 1 
72 65 61 52 49 46 46 46 45 45 42 35 31 30 30 28 28 28 28 27 24 24 23 23 22 20 20 20 19 16 14 14 14 14 14 14 14 14 13 13 10 10 10 9 8 7 7 7 7 6 6 4 4 4 4 4 3 3 2 2 2 2 2 1 1 1 
72 59 56 52 48 46 45 45 45 43 42 29 29 29 29 28 28 28 27 24 24 23 23 22 21 20 18 18 16 15 14 14 14 13 13 13 12 12 11 11 10 10 9 8 8 7 7 6 5 5 5 4 4 3 3 3 3 2 2 2 2 2 1 1 1 
72 58 55 47 47 46 45 45 43 43 37 29 29 28 28 28 28 27 26 24 23 22 22 21 20 18 18 18 16 15 14 14 13 13 11 11 11 11 11 11 10 8 7 7 6 6 6 5 5 5 4 4 4 3 3 3 3 2 2 2 2 2 1 1 1 
70 58 55 47 47 46 45 42 41 40 37 29 29 28 28 28 26 26 26 24 23 22 22 20 20 17 17 16 15 14 14 14 13 12 11 11 11 11 9 8 8 8 7 6 6 6 5 5 5 5 4 4 4 3 3 3 2 2 2 1 1 1 1 1 1 
66 56 55 47 47 43 42 41 40 39 36 29 29 28 28 25 25 25 24 23 22 21 20 20 19 16 16 15 14 14 13 11 11 11 11 11 11 9 7 7 7 6 6 6 6 6 5 5 5 4 4 4 3 3 2 2 2 2 2 1 1 1 1 1 1 
64 53 52 47 46 43 42 39 39 39 31 29 29 27 27 25 25 25 23 22 20 20 19 18 17 16 14 14 14 13 12 11 11 11 11 10 10 8 7 7 7 6 6 5 5 5 5 4 4 4 4 4 3 3 2 2 2 2 2 1 1 1 
62 51 51 47 46 42 39 38 38 38 31 29 27 25 24 24 23 22 22 22 20 20 18 18 15 14 14 14 12 12 12 11 10 10 10 10 8 8 7 7 6 5 5 5 5 4 4 4 4 3 3 3 3 2 2 2 2 2 2 1 
60 50 49 44 42 41 38 38 36 36 30 29 27 25 24 24 22 22 22 21 20 19 18 17 14 13 13 13 12 12 11 11 10 10 10 10 7 7 7 6 6 5 5 5 5 4 4 4 3 3 3 3 3 2 2 2 2 1 1 
60 46 45 44 41 38 38 38 36 36 30 28 26 23 23 23 22 22 20 19 19 18 18 16 14 13 13 13 12 11 11 11 10 10 10 8 7 7 7 6 5 5 5 5 4 4 3 3 3 3 2 2 2 2 2 2 2 1 1 
58 45 45 44 40 38 38 37 36 34 29 26 24 23 23 23 22 22 19 19 19 17 17 15 14 13 13 12 12 11 11 10 10 10 6 6 6 6 6 6 4 3 3 3 3 3 3 3 2 2 2 2 2 2 2 1 1 1 
56 45 44 43 40 38 35 35 35 33 26 25 24 23 23 23 22 21 19 19 18 15 15 15 14 13 13 11 10 10 10 9 9 8 6 6 6 6 6 5 3 3 3 3 3 3 3 3 2 2 2 2 
56 45 43 43 40 38 35 33 33 32 26 25 24 23 23 23 22 19 19 18 18 15 15 15 12 12 12 10 10 10 10 9 9 8 6 6 6 6 6 4 3 3 3 3 3 2 2 2 2 2 2 1 
55 45 43 40 39 35 35 33 33 30 26 25 24 23 23 22 21 18 18 18 16 15 14 13 12 12 11 10 10 10 9 9 8 7 6 6 5 5 5 3 3 1 1 1 1 1 1 1 1 
55 43 42 39 38 35 33 31 31 30 26 24 24 23 23 22 20 18 18 15 15 14 14 13 12 12 10 10 10 10 9 8 6 6 6 4 4 4 4 3 2 1 1 1 1 1 1 1 1 
55 41 38 38 36 33 31 31 31 30 26 24 24 23 21 21 18 17 17 15 14 14 14 12 12 12 10 10 10 10 9 8 6 6 6 4 4 3 3 3 1 1 1 1 1 
55 41 38 38 35 33 31 31 30 29 26 24 24 23 21 21 18 17 17 15 14 14 13 12 12 11 10 10 10 9 9 8 6 6 6 3 3 3 2 2 1 1 1 1 1 
54 41 38 34 33 31 31 29 29 29 26 24 24 23 21 20 18 17 17 15 14 14 13 12 11 10 10 10 10 9 8 8 5 5 5 3 1 1 1 1 1 1 
53 39 38 33 33 31 31 29 28 27 26 24 23 23 21 20 18 17 17 15 14 12 12 11 10 10 10 10 9 9 7 7 4 4 4 3 1 1 1 1 1 1 
52 39 38 33 33 31 28 28 28 27 26 23 23 22 21 18 17 17 14 14 13 12 12 10 10 10 10 8 8 8 7 6 4 4 3 2 1 1 1 1 1 1 
51 39 37 33 32 31 27 27 25 25 23 23 23 22 19 16 16 16 14 14 13 12 12 10 10 10 10 7 7 6 6 6 4 2 2 2 1 1 1 1 1 1 
50 39 37 33 32 31 27 27 25 24 23 21 20 19 18 16 16 15 13 13 13 12 12 10 9 8 8 7 7 6 6 5 3 2 2 1 1 1 1 1 1 
46 39 36 33 32 31 27 26 25 24 21 20 20 18 17 15 15 15 13 13 12 11 10 9 9 8 8 7 7 6 5 5 3 2 1 1 1 1 1 1 
45 37 35 32 31 31 26 26 23 21 20 20 18 18 16 14 14 14 13 13 11 11 9 9 9 8 8 6 6 4 4 4 3 2 1 1 1 1 1 
45 36 34 32 28 28 26 26 23 21 20 20 18 18 16 14 14 13 13 13 11 10 9 9 9 8 7 6 5 4 4 4 2 2 1 1 1 1 1 
45 36 34 31 28 28 20 20 20 20 19 18 18 18 14 14 13 13 13 13 11 10 9 9 9 8 7 6 5 4 4 4 2 2 1 1 1 1 1 
45 35 34 31 28 24 20 20 20 19 19 18 18 17 14 14 13 13 13 12 10 9 9 9 9 8 7 6 5 4 4 3 2 2 1 1 1 1 1 
44 35 34 31 27 24 20 20 19 19 19 18 18 16 14 14 13 13 12 12 10 9 9 9 9 7 7 5 5 4 3 2 2 2 1 1 1 1 1 
42 33 33 31 25 24 20 20 19 19 18 16 16 15 14 12 12 12 12 11 9 9 9 8 8 6 6 4 4 4 3 2 1 1 1 1 1 1 1 
40 33 32 31 25 24 20 19 19 18 17 16 16 15 13 12 12 12 12 9 9 8 8 8 7 6 6 4 4 3 3 2 1 1 1 1 
38 33 28 27 25 23 20 18 18 18 17 16 15 15 12 12 11 9 9 9 9 8 8 7 6 6 5 4 2 2 2 2 1 1 1 1 
38 33 27 27 22 21 20 18 18 18 17 16 15 13 12 11 10 9 9 9 9 8 8 6 6 6 5 4 2 2 2 1 1 1 
38 33 27 27 21 21 20 18 18 17 16 16 15 13 12 10 9 9 9 9 8 8 8 6 6 6 5 3 2 2 2 1 1 1 
32 31 27 26 21 21 20 18 18 17 16 14 14 11 11 10 9 9 9 9 8 8 8 6 6 5 5 2 2 2 1 1 1 1 
31 29 27 25 21 20 19 18 18 17 15 14 14 11 11 10 9 9 9 9 8 8 8 6 5 4 4 2 2 2 1 1 1 1 
31 29 27 25 21 20 19 18 16 16 15 14 14 11 10 10 9 9 9 8 8 6 4 4 4 4 4 2 2 2 1 1 1 
31 28 27 25 21 20 19 18 16 16 14 14 14 11 9 9 9 9 9 8 8 4 4 3 2 2 2 2 2 2 1 1 
31 28 26 24 21 20 19 16 16 14 14 13 12 11 9 9 9 7 7 7 7 4 3 2 2 2 2 2 1 1 
29 26 24 22 19 19 18 16 16 14 14 12 11 11 8 7 7 7 7 5 5 4 3 2 2 2 2 2 1 1 
27 24 24 22 19 19 17 16 16 14 14 11 11 10 7 7 7 7 7 5 4 3 3 2 2 2 2 2 1 1 
27 23 22 21 19 18 17 16 16 14 14 11 11 8 7 7 7 6 6 4 4 3 2 2 2 2 2 2 1 
24 22 20 19 19 17 17 16 15 14 14 10 10 7 7 7 6 6 4 4 4 3 2 2 2 2 2 
23 20 20 19 18 17 15 15 14 14 13 10 10 7 7 7 6 6 4 4 3 3 2 2 2 1 1 
23 20 19 18 18 16 15 15 14 13 13 10 10 7 7 6 6 5 4 4 2 2 2 2 2 1 1 
23 20 18 18 17 16 15 15 14 12 11 10 10 7 7 5 5 4 4 3 2 2 2 2 2 1 
23 20 18 18 17 16 14 13 12 11 11 10 10 7 6 5 5 4 4 3 2 2 2 2 1 1 
23 18 18 18 16 15 14 13 11 11 11 10 9 7 5 5 5 4 4 2 2 1 1 1 1 1 
23 18 18 18 16 15 14 13 10 10 10 10 8 7 5 5 4 4 4 2 2 1 1 1 1 
23 18 18 18 16 13 13 13 10 10 10 9 8 7 4 4 4 3 3 2 2 1 1 1 1 
21 18 18 18 16 13 12 12 10 10 10 9 8 7 4 4 3 3 3 2 1 1 1 1 1 
20 18 18 17 12 12 12 11 10 10 9 9 8 7 4 3 3 3 1 1 1 1 
20 18 18 15 12 12 12 11 10 10 9 9 7 7 3 3 3 2 1 1 1 
20 18 16 15 12 12 12 11 10 10 9 9 7 5 3 3 3 2 1 
20 18 15 13 12 12 12 11 10 10 9 7 4 4 3 2 2 2 1 
19 17 15 13 12 10 10 10 10 9 8 6 4 4 3 2 2 2 
19 16 15 11 11 10 10 10 9 7 7 5 4 3 2 2 1 1 
19 16 15 11 11 10 10 8 5 5 4 3 3 2 2 2 1 
19 16 14 10 10 10 8 8 5 5 4 3 3 2 2 1 
18 15 14 10 10 10 5 5 5 3 3 3 3 2 2 
18 15 14 10 10 9 5 5 5 3 3 3 2 1 1 
18 15 13 10 8 6 5 4 4 3 3 3 2 1 1 
17 14 13 10 8 6 4 4 4 3 3 3 2 1 
17 14 13 8 8 4 4 4 4 3 3 3 1 1 
16 13 11 8 6 4 4 4 4 3 3 3 1 1 
14 13 11 7 6 4 4 4 4 3 3 2 1 1 
14 12 11 7 6 4 4 4 4 3 3 2 1 1 
14 12 11 6 6 4 4 4 4 3 2 2 1 1 
14 12 8 6 6 4 4 4 4 3 2 1 1 1 
14 12 8 6 5 4 4 4 3 2 2 1 1 1 
13 11 8 6 5 4 4 4 2 2 2 1 1 1 
13 10 8 5 5 4 4 3 2 2 2 1 1 1 
13 10 5 5 5 4 4 3 2 2 1 1 1 1 
13 10 5 5 5 4 4 3 2 2 1 1 1 
13 10 5 5 5 4 4 2 2 2 1 1 1 
13 10 5 5 5 4 4 2 2 2 1 1 
13 10 5 5 5 4 3 2 1 1 
13 9 5 5 4 4 3 2 1 1 
13 9 5 5 4 4 3 2 1 1 
13 8 4 4 4 4 3 2 1 1 
13 8 4 4 4 4 3 2 1 
13 8 4 4 4 4 3 2 1 
13 7 4 4 4 4 3 1 1 
13 7 4 4 4 3 1 1 1 
13 7 4 4 4 3 1 1 1 
12 7 4 4 4 3 1 1 
12 7 4 4 3 3 1 
12 5 4 4 2 2 1 
11 5 4 4 2 2 
10 5 4 4 2 2 
9 5 4 4 2 1 
9 5 4 4 2 1 
9 5 4 4 
9 5 4 3 
9 5 4 3 
9 5 4 3 
9 5 4 3 
9 5 4 3 
8 5 4 2 
8 5 4 1 
8 5 4 
7 4 4 
7 4 3 
7 4 3 
7 4 3 
7 4 3 
6 4 3 
6 4 3 
6 4 2 
6 3 2 
6 3 2 
5 3 2 
3 3 2 
3 3 2 
3 3 2 
3 3 2 
3 3 2 
3 3 2 
3 3 2 
3 3 2 
3 3 2 
3 3 1 
3 2 1 
3 2 1 
2 2 1 
2 1 1 
2 1 1 
2 1 1 
1 1 1 
1 1 1 
1 1 
1 1 
1 1 
1 1 
1 
1 
1 
1 
1 
1 
1 
1 
1 
1 
1 
1 
1 
1 
1 
1 
1 
1 
