164 149 143 140 138 137 134 130 129 126 125 114 114 105 104 101 93 91 91 89 85 74 72 71 71 69 66 65 65 64 61 61 57 57 56 55 55 54 53 52 52 52 52 49 49 48 48 47 47 47 47 47 45 42 39 35 34 34 34 34 34 34 34 31 31 31 31 29 29 29 28 25 25 24 23 23 23 23 22 22 22 21 20 20 20 20 18 18 16 16 16 16 16 16 15 15 15 15 15 13 13 11 11 10 10 10 10 10 10 10 10 10 10 9 9 9 9 8 8 8 8 7 7 7 5 5 5 5 4 4 3 3 3 3 3 3 3 3 3 3 3 2 2 2 2 2 2 2 2 2 1 1 1 1 1 1 1 1 1 1 1 1 1 1 1 1 1 1 1 1 1 1 1 1 1 1 
141 140 140 138 131 114 114 113 109 109 108 96 96 92 89 86 86 79 78 75 72 72 62 60 60 56 56 56 56 54 54 51 51 51 51 50 48 47 47 45 44 43 43 42 39 39 39 38 37 36 35 33 32 30 30 27 27 27 27 24 24 24 24 24 23 23 23 22 21 21 19 18 18 18 17 16 16 15 15 14 14 14 14 13 13 13 13 13 13 13 13 13 12 12 11 11 11 10 8 8 8 7 7 7 7 7 7 7 7 7 6 6 6 4 4 4 4 4 4 4 3 3 3 3 3 3 3 2 2 2 2 2 2 2 2 2 2 2 2 2 2 2 2 1 1 1 1 1 1 1 1 1 1 1 1 1 1 1 1 1 
140 130 129 125 120 104 102 101 95 93 88 86 80 79 76 76 72 72 70 70 68 66 59 58 56 55 52 52 52 51 51 51 45 45 43 43 43 43 43 40 39 39 39 39 35 35 35 35 33 32 32 32 31 30 28 27 25 25 25 24 24 23 23 23 22 21 21 21 18 18 17 17 16 16 16 16 15 15 15 14 14 14 14 13 13 13 13 12 12 12 11 11 11 11 11 10 10 8 8 7 7 7 6 6 6 6 5 5 5 5 5 4 4 4 4 4 4 4 3 3 3 3 2 2 2 2 2 2 2 2 2 2 2 1 1 1 1 1 1 1 1 1 1 1 1 1 
134 127 122 121 119 104 92 91 91 90 84 84 80 75 74 73 72 71 67 63 56 56 54 53 52 49 45 44 41 41 40 40 40 40 39 39 39 38 37 36 36 35 35 32 31 31 31 31 29 29 29 29 29 27 26 25 25 24 24 24 21 21 21 21 18 17 17 17 17 16 16 15 15 15 15 14 14 13 13 13 13 13 13 13 13 13 12 12 12 11 11 11 11 11 10 9 7 7 6 6 6 6 6 6 5 5 5 5 4 4 4 4 4 4 4 4 4 3 3 3 3 3 2 2 2 1 1 1 1 1 1 1 1 1 1 1 1 1 1 
126 123 114 112 105 91 90 89 86 82 82 79 77 69 60 59 58 53 53 51 51 51 47 47 46 45 44 44 41 41 39 39 37 36 36 36 36 36 34 34 33 33 33 32 31 31 29 29 29 29 29 28 27 27 25 25 23 22 22 21 20 20 20 20 17 17 16 16 16 16 15 15 15 15 15 13 13 13 12 12 12 12 10 10 10 10 10 10 10 10 10 9 9 7 7 6 5 5 5 5 5 5 5 5 5 5 5 4 3 3 3 3 3 3 3 2 2 2 2 2 2 2 2 2 2 1 1 1 1 1 1 
123 119 112 98 97 90 90 82 82 81 78 75 64 61 58 55 53 53 51 51 51 50 47 45 44 44 40 39 38 37 37 37 36 35 35 35 35 32 32 32 32 32 31 31 31 29 28 27 26 26 26 26 24 24 24 23 21 20 20 20 20 20 18 17 16 16 16 16 15 15 15 15 15 15 13 12 12 11 11 11 11 11 10 10 10 10 8 8 8 8 7 7 7 6 6 5 5 5 4 4 4 4 4 4 4 4 3 3 3 3 1 1 1 1 1 1 1 1 1 1 1 1 1 1 1 1 1 1 1 
110 108 107 97 95 86 82 82 80 77 69 69 64 59 58 54 53 48 46 46 46 43 43 43 43 43 38 36 36 36 36 35 34 33 32 32 32 30 28 28 27 27 27 26 26 26 26 26 26 26 25 24 24 24 21 21 20 20 20 20 19 17 17 17 16 16 16 13 13 13 13 13 13 13 12 12 12 11 11 11 10 10 10 10 8 8 8 7 7 7 7 4 4 4 4 4 4 4 4 4 4 4 4 3 2 2 2 2 2 2 1 1 1 1 1 1 1 1 1 1 1 1 1 1 1 1 1 1 
106 106 98 95 95 78 78 77 72 70 67 66 59 57 57 54 50 48 46 46 45 43 43 42 42 42 37 36 36 36 35 34 34 33 32 31 28 28 28 27 26 26 26 26 26 25 25 22 21 21 21 21 21 21 21 20 19 19 19 19 19 17 16 16 15 15 15 13 13 12 12 12 12 12 11 11 11 9 9 9 9 8 8 7 7 7 7 5 5 5 4 4 4 4 4 4 4 4 2 2 2 2 2 2 2 2 2 2 1 1 1 1 1 1 1 1 1 1 1 1 1 1 1 1 
102 102 97 93 91 77 75 72 71 68 67 65 58 57 53 53 47 46 46 46 44 43 42 41 41 40 37 35 35 34 34 33 33 33 32 30 28 28 28 26 26 26 25 25 25 25 23 21 21 21 21 21 21 21 20 19 19 19 17 16 14 14 14 14 13 13 13 12 12 12 11 11 11 9 9 9 8 8 8 8 8 8 8 7 7 5 4 4 4 3 3 3 3 3 3 3 3 3 2 2 2 2 2 2 2 2 2 2 1 1 1 1 
102 101 96 93 90 74 72 72 69 66 65 61 57 56 49 46 46 46 44 44 43 39 39 39 39 38 36 35 35 34 34 33 33 31 30 28 27 27 27 26 26 25 25 24 24 23 23 21 21 21 20 20 20 20 19 16 16 16 16 14 13 12 12 12 11 10 10 9 8 8 8 8 7 7 7 7 7 7 7 7 7 7 6 6 5 5 4 3 3 3 3 3 3 3 3 3 3 3 2 2 2 2 2 2 2 2 2 1 1 1 1 
102 98 96 93 87 74 70 70 65 65 63 60 56 51 46 46 46 46 42 42 39 38 38 38 36 36 36 31 30 30 30 30 29 29 29 28 27 27 27 26 24 24 23 22 22 22 22 21 21 21 20 20 19 19 17 16 16 16 14 14 13 12 12 12 10 10 10 8 7 7 7 7 7 7 7 6 6 6 6 6 5 5 5 5 5 5 4 3 3 3 3 3 3 3 3 2 2 2 2 2 2 2 2 1 1 1 1 1 1 
102 98 90 90 81 71 69 68 65 63 63 60 54 51 46 46 45 45 42 42 37 37 37 36 36 34 34 31 30 30 30 29 28 28 28 27 27 26 26 25 24 24 22 22 22 22 22 21 21 21 19 18 18 18 17 16 16 15 14 14 13 12 11 10 8 8 8 7 7 7 7 7 7 7 7 6 6 6 6 5 5 5 4 4 4 4 4 3 3 3 3 3 3 3 2 2 2 2 2 2 1 1 1 1 1 1 1 1 
101 95 90 86 81 70 68 67 65 63 59 58 54 51 46 46 42 42 42 42 37 37 37 36 36 33 32 30 30 30 29 29 28 28 27 26 24 24 24 24 23 23 22 22 20 19 17 17 17 17 17 16 16 16 15 15 14 12 12 12 11 10 10 8 8 8 7 7 6 6 6 6 5 5 5 5 5 5 5 5 4 4 4 4 4 3 3 3 3 3 3 2 2 2 2 2 2 2 2 1 1 1 1 1 1 1 
100 94 86 85 81 70 68 67 63 62 56 55 48 48 45 41 41 38 38 38 37 36 36 34 33 31 31 30 30 29 28 28 28 28 25 25 24 24 24 23 22 21 20 20 20 17 17 17 17 17 16 16 15 15 15 13 11 11 11 10 10 10 10 8 8 7 5 5 5 5 5 3 3 3 3 3 3 3 3 3 3 3 3 3 3 2 2 2 2 2 1 1 1 1 1 1 1 1 1 1 1 1 1 
100 91 84 80 75 70 62 62 60 60 55 54 46 45 42 41 39 38 38 34 34 34 34 31 31 31 31 28 28 28 28 27 27 27 25 24 24 24 23 20 20 19 18 18 18 16 16 16 16 16 15 15 14 14 14 11 11 11 11 10 9 8 8 7 7 7 5 5 5 5 5 3 3 3 3 3 3 3 3 3 3 2 2 2 2 2 2 2 2 1 1 1 1 1 1 1 1 1 1 1 1 
99 91 82 79 74 64 62 61 59 59 54 50 46 44 42 40 38 38 36 34 34 34 34 30 30 30 30 27 27 27 27 27 27 26 24 24 24 24 22 19 19 18 18 18 17 16 16 15 15 14 14 14 13 12 11 10 10 9 9 9 8 8 7 6 5 5 5 5 4 4 4 3 3 3 3 3 3 3 2 2 2 2 2 2 2 1 1 1 1 1 1 1 1 1 1 1 1 1 
99 87 82 71 71 62 61 61 56 56 51 50 44 41 39 39 37 36 36 34 34 34 32 30 30 30 30 27 27 27 27 26 26 25 24 21 20 20 19 19 19 18 18 16 16 14 14 14 14 13 12 11 11 11 11 9 9 9 7 6 5 5 5 5 5 5 5 4 3 3 3 3 3 2 2 1 1 1 1 1 1 1 1 1 1 1 1 1 1 1 1 1 
79 79 76 70 69 61 60 57 56 56 50 49 43 41 39 37 37 36 34 34 33 32 31 30 29 29 28 27 27 27 25 24 24 22 21 21 20 20 18 18 17 17 16 16 16 14 14 14 13 12 11 9 9 9 9 9 9 6 5 4 4 4 4 4 3 3 3 3 3 3 3 2 2 2 1 1 1 1 1 1 1 1 1 1 1 1 1 1 
76 76 75 64 64 61 60 57 55 49 45 45 41 40 39 36 36 34 34 33 33 32 31 29 29 29 28 27 27 26 24 22 21 21 20 20 20 18 18 17 17 15 15 15 14 14 13 10 10 10 10 9 9 9 9 7 7 5 5 4 4 4 4 3 3 3 3 3 3 3 2 2 2 1 1 1 1 1 1 1 1 1 1 1 1 1 1 
75 72 68 64 64 60 59 57 55 48 45 45 41 40 38 36 35 34 33 32 32 31 31 29 29 29 28 27 26 25 24 21 21 19 18 18 17 17 17 16 16 15 14 14 14 13 11 9 9 9 9 9 9 9 9 6 6 4 4 4 4 4 3 3 3 3 3 3 3 2 1 1 1 1 1 1 1 1 1 1 1 1 1 1 1 1 1 
75 71 68 63 60 57 56 56 52 47 45 45 41 39 37 35 33 33 33 32 31 31 30 29 29 29 27 27 25 24 22 21 21 19 18 17 17 17 16 15 14 14 14 12 12 10 9 9 9 9 9 9 8 7 7 6 5 4 4 4 4 3 3 3 3 3 2 2 1 1 1 1 1 1 1 1 1 1 1 1 1 1 1 1 1 1 1 
75 70 67 63 59 54 54 54 50 47 45 44 40 38 37 35 33 33 32 31 31 30 28 28 28 27 25 25 23 21 21 21 20 18 17 17 17 17 14 14 14 14 14 12 11 9 9 9 9 9 9 9 8 6 6 6 5 4 2 2 2 2 1 1 1 1 1 1 1 1 1 1 1 1 1 1 1 1 1 1 
75 67 60 58 54 53 53 53 48 45 42 41 38 36 36 35 33 32 32 30 30 29 27 27 27 27 22 22 22 21 20 20 20 18 17 17 14 14 14 14 13 12 12 12 11 9 9 9 9 9 8 5 5 5 4 4 4 3 2 1 1 1 1 1 1 1 1 1 1 1 1 1 1 1 1 1 1 1 1 1 
75 66 57 56 53 52 52 51 47 43 42 38 38 36 36 35 33 32 32 29 29 28 25 25 25 24 21 19 18 18 18 17 17 17 17 16 14 14 14 13 13 12 11 11 10 9 9 9 9 8 7 5 5 3 2 2 2 2 2 1 1 1 1 1 1 1 1 1 1 1 1 1 1 1 1 1 1 1 1 1 
75 65 57 55 53 52 52 51 44 43 42 38 38 35 34 34 33 32 30 27 27 27 25 24 24 22 21 18 17 16 16 16 16 16 13 13 13 13 13 12 12 11 11 11 10 9 9 9 9 7 7 5 4 3 2 2 2 1 1 1 1 1 1 1 1 1 1 1 1 1 1 1 1 1 1 
73 64 57 54 52 52 50 49 42 39 38 38 37 34 34 34 33 30 29 27 27 25 23 23 23 19 17 17 17 16 16 16 16 15 13 13 13 12 12 12 12 11 11 9 8 8 8 8 6 6 6 4 4 2 2 2 1 1 1 1 1 1 1 1 1 1 1 1 1 1 1 1 1 
68 64 56 53 52 51 49 47 41 39 38 37 34 34 32 32 31 30 28 27 26 23 23 18 18 18 17 16 16 16 15 15 15 15 13 13 12 12 12 12 10 9 9 9 8 8 6 6 5 5 5 4 3 2 2 2 1 1 1 1 1 1 1 1 1 1 1 1 1 1 1 
68 63 56 53 51 50 47 47 40 38 38 36 34 33 32 32 30 28 28 27 25 22 20 18 17 17 17 15 15 15 15 15 15 13 13 13 12 9 9 9 8 8 8 7 7 7 6 5 5 4 4 4 3 2 2 2 1 1 1 1 1 1 1 1 1 1 1 1 1 1 
68 59 55 52 50 47 47 41 38 37 37 35 33 33 29 29 29 28 26 26 24 22 18 18 16 16 15 15 15 15 15 15 13 13 12 12 11 9 8 8 8 8 8 7 6 5 5 5 5 4 4 4 3 2 2 2 1 1 1 1 1 1 1 1 1 1 1 1 
68 56 51 50 48 47 42 39 38 37 36 34 33 31 29 27 26 26 26 25 22 22 18 18 16 16 15 15 15 13 13 13 13 13 11 11 11 8 8 8 8 8 8 7 5 5 4 4 3 2 2 2 2 2 2 2 1 1 1 1 1 1 1 1 1 1 1 
68 55 50 49 48 47 42 39 38 36 34 33 31 31 29 27 26 26 21 21 21 21 18 18 16 15 15 15 15 13 13 13 13 11 11 11 9 8 8 8 8 7 7 6 5 4 4 3 3 2 2 2 2 2 2 2 1 1 1 1 1 1 1 1 1 
65 55 50 49 48 44 42 39 37 34 33 33 30 30 29 26 25 23 20 20 20 20 18 16 16 15 15 15 15 11 11 11 11 11 10 10 9 8 8 8 8 7 7 4 4 2 2 2 2 2 2 2 2 2 2 1 1 1 1 1 1 1 1 1 
64 55 50 49 48 43 40 39 35 32 32 32 30 30 28 25 25 20 20 20 20 18 17 16 16 15 15 15 12 11 11 11 11 11 9 9 8 8 8 8 7 7 5 4 3 2 2 2 2 2 2 2 2 2 2 1 1 1 1 1 
63 54 50 49 48 42 40 35 33 32 32 31 30 30 25 25 24 20 20 20 19 18 17 16 15 15 15 13 12 11 11 11 11 9 9 9 8 8 8 8 7 6 5 4 2 2 2 2 2 2 2 2 2 2 1 1 1 1 1 1 
60 54 50 49 46 42 40 35 33 32 31 31 30 29 25 25 24 20 19 19 18 17 17 16 15 15 15 11 11 11 11 11 11 9 9 9 8 8 8 8 6 5 5 4 2 2 2 2 2 2 2 2 2 2 1 1 1 1 
60 54 49 48 45 42 40 35 30 30 30 29 29 28 25 25 24 19 18 18 17 17 17 15 15 15 14 11 11 11 11 10 10 9 9 8 8 7 7 7 5 5 5 4 2 2 2 2 2 2 2 2 1 1 1 1 1 1 
60 48 44 44 39 39 39 34 30 29 29 29 29 27 25 23 23 19 18 18 17 17 17 15 15 15 12 11 11 11 11 10 10 9 9 7 7 7 7 7 5 4 4 3 2 2 2 2 1 1 1 1 1 1 1 
58 47 43 41 37 37 36 32 29 29 29 29 28 25 23 22 21 19 18 17 17 17 16 15 15 15 12 11 10 9 9 8 8 8 8 7 7 7 7 6 5 3 3 3 2 2 2 1 1 1 1 1 1 1 
55 47 39 36 36 36 35 32 29 29 29 28 23 22 22 22 21 19 18 17 17 16 15 15 15 13 12 11 9 9 8 8 8 8 7 7 7 7 5 5 4 3 3 3 2 2 1 1 1 1 1 1 1 
52 47 37 36 35 35 34 30 29 29 29 28 22 22 22 22 21 19 17 17 17 15 15 15 14 13 11 11 8 8 8 8 8 7 7 7 7 6 5 5 4 3 2 2 2 1 1 1 1 1 1 1 1 
50 43 37 36 35 33 33 29 29 29 29 27 22 22 22 20 20 18 17 17 17 15 15 13 13 12 11 9 8 8 8 8 7 7 7 7 6 5 4 3 3 3 2 1 1 1 1 1 1 1 1 1 
49 40 37 36 34 33 31 29 29 28 25 23 22 22 22 20 17 17 17 17 15 15 13 13 12 12 11 8 8 8 8 8 7 7 7 7 6 5 3 3 3 2 2 1 1 1 1 1 1 
46 37 36 36 33 33 31 29 28 27 24 23 22 22 20 20 17 17 16 16 15 15 13 13 12 12 11 8 8 8 8 8 7 7 6 6 4 4 3 3 2 2 2 1 1 1 1 1 1 
44 36 36 35 33 33 31 29 28 27 23 23 22 21 20 19 16 15 15 14 14 12 12 10 10 10 10 8 8 8 8 8 7 7 6 6 3 3 2 2 2 2 1 1 1 1 1 1 
44 36 36 34 32 32 31 29 28 27 22 22 19 19 18 17 15 15 15 13 12 10 10 10 10 10 10 8 8 8 7 7 6 5 5 5 2 2 2 2 2 2 1 1 1 1 
44 36 36 32 31 31 29 25 25 25 21 20 19 17 17 16 15 15 14 12 11 10 9 9 9 9 9 8 8 8 7 6 6 5 5 3 2 2 2 2 2 2 1 1 
44 34 34 31 31 30 25 25 25 24 21 19 17 16 16 16 15 15 14 12 10 10 9 9 9 8 8 8 8 7 5 5 5 4 4 2 2 2 2 2 2 1 1 
41 34 34 31 31 30 25 25 24 24 20 18 17 16 16 16 14 14 12 12 10 10 9 9 9 8 8 7 6 6 5 5 4 4 4 2 2 2 1 1 1 1 
41 34 33 31 29 29 25 24 24 23 20 18 16 16 16 16 14 13 12 12 10 9 9 8 7 7 7 6 5 5 5 4 4 3 3 2 1 1 
41 34 31 31 29 29 25 24 23 23 18 18 16 16 16 14 13 13 12 12 9 9 8 8 7 7 6 6 5 5 5 4 3 2 2 2 1 1 
40 34 31 30 29 28 25 24 23 23 18 17 16 15 14 14 13 13 12 11 9 9 8 8 7 7 5 5 5 4 4 4 2 2 2 1 1 1 
40 34 31 27 27 26 25 24 22 21 18 16 14 14 14 14 13 13 12 11 9 9 8 8 7 6 5 5 5 4 3 2 2 2 2 1 1 1 
39 34 31 27 26 26 24 23 20 20 18 16 14 14 14 13 13 13 11 9 9 9 8 8 4 4 4 4 3 3 3 2 2 2 2 1 1 
39 31 30 27 26 26 24 23 20 20 17 16 14 14 14 13 12 10 10 9 9 8 8 7 4 4 4 4 3 3 2 2 2 2 1 1 1 
39 31 30 27 26 24 24 23 20 19 17 16 14 14 13 13 12 10 10 9 8 8 7 7 4 4 4 4 3 2 2 2 2 2 1 1 1 
39 30 30 27 25 24 24 22 20 18 17 15 14 14 13 12 12 10 10 8 7 6 6 5 4 4 4 3 3 2 2 2 2 1 1 1 1 
36 30 30 26 24 24 22 21 20 18 17 15 13 13 13 10 10 10 9 8 6 6 6 5 4 4 3 2 2 2 2 2 2 1 1 1 1 
36 30 27 25 24 24 22 21 19 17 17 15 13 13 12 10 10 9 8 7 6 6 5 5 4 3 3 2 2 2 2 1 1 1 1 1 1 
36 26 25 25 23 23 22 21 18 17 15 15 12 12 11 10 10 8 8 7 6 6 5 5 4 3 3 1 1 1 1 1 1 1 1 1 1 
36 25 25 25 23 21 20 20 18 17 15 11 11 11 9 9 9 8 8 7 5 5 5 5 3 2 1 1 1 1 1 1 1 1 1 1 
36 25 25 25 21 20 20 20 18 17 13 11 10 10 9 9 9 8 7 6 5 5 5 3 2 2 1 1 1 1 1 1 1 1 1 
34 25 25 23 21 20 19 19 17 15 11 11 10 9 9 9 9 7 6 6 5 5 5 2 2 2 1 1 1 1 1 1 1 1 1 
33 25 24 23 20 19 18 18 16 14 10 10 9 7 7 7 7 7 6 6 5 5 4 2 2 2 1 1 1 1 1 1 1 1 
30 25 24 23 20 18 17 17 16 14 10 10 8 7 7 7 7 6 6 6 5 4 3 2 2 2 1 1 1 1 1 1 1 
30 25 24 23 20 18 17 17 16 14 10 10 7 7 7 7 7 6 6 6 4 4 3 2 2 1 1 1 1 1 1 1 1 
29 23 23 23 19 18 17 15 15 14 10 10 7 7 7 7 7 6 4 4 4 3 2 2 2 1 1 1 1 1 1 
29 23 23 23 18 18 17 15 14 14 10 10 7 7 7 7 6 6 4 4 3 3 2 2 2 1 1 1 1 1 1 
26 23 22 22 16 16 16 15 14 10 10 9 7 7 7 7 6 6 4 3 3 3 2 2 2 1 1 1 
24 23 22 22 16 13 13 13 12 7 7 7 5 5 5 5 5 5 4 3 3 3 2 2 2 1 1 1 
24 23 22 21 15 13 12 12 12 7 7 7 5 5 4 4 4 4 3 3 3 3 2 2 1 1 1 
24 22 22 21 15 13 11 10 8 7 6 6 4 4 4 3 3 3 3 3 3 3 2 2 1 1 1 
24 22 22 18 15 12 9 9 7 7 6 6 4 4 4 3 3 3 3 3 3 2 2 1 
24 22 22 18 15 11 7 7 7 7 6 4 4 4 4 3 3 3 3 3 3 2 1 1 
24 22 19 18 14 9 7 7 7 7 5 4 4 4 4 3 3 3 3 3 2 1 1 
23 20 19 18 14 8 7 7 7 5 5 4 4 4 4 3 3 3 3 2 2 1 1 
23 19 19 17 14 8 7 7 7 5 5 4 4 4 3 3 3 3 2 1 1 1 1 
22 19 18 15 13 8 7 7 7 5 4 4 4 4 3 3 2 2 2 1 1 1 
22 18 17 15 12 8 7 7 5 5 4 4 4 3 3 3 2 2 2 1 
20 17 17 12 11 7 7 7 4 4 4 4 2 2 2 2 2 2 2 1 
20 17 17 12 11 7 7 7 4 4 4 4 2 2 2 2 2 2 2 1 
20 17 17 12 10 7 7 6 4 4 4 3 2 2 2 2 2 2 2 
19 17 15 12 8 7 7 5 4 4 4 2 2 2 2 2 2 2 2 
17 16 15 9 8 7 6 5 4 4 4 2 2 2 2 2 2 2 2 
17 16 15 8 8 7 6 5 4 3 3 2 2 2 2 2 2 2 2 
17 14 14 7 7 7 6 5 4 3 3 2 2 2 2 2 1 1 1 
17 13 12 7 7 7 6 5 4 3 3 2 2 2 2 1 1 1 1 
17 13 12 7 7 6 5 5 4 3 2 2 2 2 2 1 1 1 1 
17 13 12 7 7 6 5 4 4 3 2 2 2 2 1 1 1 1 1 
16 12 10 7 7 6 5 3 3 2 2 2 2 2 1 1 1 1 1 
16 12 10 7 6 6 4 3 2 2 2 2 2 1 1 1 1 1 
16 12 10 7 6 6 3 3 2 2 2 2 2 1 1 1 1 1 
16 11 10 7 6 5 2 2 2 2 2 2 2 1 1 1 1 1 
15 11 9 7 6 5 2 2 2 2 2 2 2 1 1 1 1 
15 11 9 7 6 5 2 2 2 2 2 2 2 1 1 1 
15 10 9 6 6 5 2 2 2 2 2 2 2 1 1 1 
15 10 9 6 5 4 2 2 2 2 2 2 2 1 
15 10 9 6 5 3 2 2 2 2 2 2 1 1 
15 10 9 5 5 3 2 2 2 2 2 2 1 1 
13 9 9 5 5 3 2 2 2 2 2 1 1 1 
12 9 9 5 2 2 2 2 2 2 2 1 1 
11 9 9 4 2 2 2 2 2 2 2 1 1 
11 9 8 4 2 2 2 2 2 2 2 1 1 
11 7 6 4 2 2 2 2 2 2 2 1 1 
11 7 6 4 2 2 2 2 2 2 2 1 1 
10 7 6 4 2 2 2 2 2 2 1 1 
9 7 5 4 2 2 2 2 2 2 1 
9 7 5 4 2 2 2 2 2 2 1 
9 7 5 3 2 2 2 2 2 2 
9 7 5 3 2 2 2 2 2 1 
9 7 5 3 2 2 2 2 2 1 
9 6 5 3 2 2 2 2 2 
9 5 5 3 2 2 2 1 1 
9 5 5 3 2 2 2 1 1 
9 5 5 3 2 2 2 1 1 
9 5 5 2 2 2 2 1 1 
9 5 4 2 2 2 1 1 
9 5 4 2 2 2 1 1 
8 5 4 2 2 2 1 
8 4 4 2 2 2 1 
8 4 3 2 2 2 
8 4 3 2 2 2 
7 4 3 2 2 2 
7 4 3 2 2 1 
7 4 3 2 2 1 
7 4 3 2 
6 4 3 2 
6 4 3 2 
6 4 3 1 
6 4 3 1 
6 4 3 1 
5 4 3 1 
5 4 3 1 
5 3 2 
5 3 2 
5 3 1 
4 3 1 
4 3 1 
3 1 1 
3 1 1 
3 1 
3 1 
3 1 
3 1 
3 1 
3 1 
3 1 
3 1 
3 1 
3 1 
3 1 
3 1 
3 1 
2 1 
2 
2 
1 
1 
1 
1 
1 
1 
1 
1 
1 
1 
1 
1 
1 
1 
1 
1 
1 
1 
1 
1 
1 
1 
1 
1 
1 
1 
1 
1 
1 
1 
