156 149 135 127 124 118 115 114 113 111 105 103 95 94 93 92 90 88 84 81 80 80 78 78 76 70 66 66 65 65 64 63 63 60 57 56 55 54 54 54 53 53 53 51 51 51 51 51 50 47 46 45 44 44 43 43 42 42 39 37 36 36 35 33 32 32 32 32 32 31 30 30 29 29 28 26 26 24 23 23 23 23 23 23 21 20 20 19 18 18 18 17 17 15 15 15 15 15 14 14 14 14 14 13 13 12 12 12 12 11 11 11 11 11 11 11 11 11 10 10 9 9 8 8 8 8 8 6 6 6 6 5 5 5 5 5 5 5 5 5 5 5 5 5 5 4 4 4 4 4 4 4 4 4 4 4 4 3 3 2 2 2 2 2 2 2 2 2 2 2 
134 131 124 119 114 112 112 110 104 98 98 93 90 89 86 85 81 78 75 75 74 73 70 70 69 67 66 61 60 60 59 58 57 55 54 53 53 53 53 52 48 48 48 46 46 43 43 42 40 39 38 36 35 35 35 35 35 35 35 34 31 31 30 29 29 27 27 25 23 22 21 21 20 19 18 18 18 18 18 16 15 15 14 13 13 13 13 13 11 10 9 9 9 9 9 9 8 8 8 8 8 8 6 5 5 5 5 5 5 5 5 5 4 4 4 4 4 4 4 4 4 4 4 4 4 4 3 3 3 3 2 2 2 1 1 1 1 1 1 1 1 1 1 1 1 1 1 1 1 1 1 1 1 1 1 1 1 
133 122 117 117 111 111 110 99 96 91 86 84 82 81 80 80 78 76 74 73 73 71 68 65 61 58 56 56 55 55 55 53 50 50 46 45 45 44 44 44 42 42 42 42 42 39 39 39 38 37 37 35 33 32 27 27 27 25 25 25 24 24 23 23 22 22 20 20 18 18 18 18 18 18 18 17 15 14 12 12 12 12 11 10 10 9 9 9 9 9 9 9 9 8 8 8 8 8 6 6 6 5 5 5 5 5 4 4 4 3 3 3 3 3 2 1 1 1 1 1 1 1 1 1 1 1 1 1 1 1 1 1 1 1 1 1 1 1 1 1 1 1 1 1 1 
133 121 116 114 111 104 97 97 95 85 84 83 77 75 67 65 65 64 64 64 63 63 63 63 58 58 56 52 50 49 49 48 47 47 44 44 43 41 41 41 40 39 38 38 38 37 36 36 36 36 35 29 27 27 26 26 26 25 25 25 24 23 20 19 19 19 17 17 17 17 17 17 16 16 16 16 12 10 10 10 10 10 10 10 9 9 9 9 9 8 8 8 7 6 6 6 6 6 5 5 5 5 4 4 3 3 3 3 3 3 3 3 1 1 1 1 1 1 1 1 1 1 1 1 1 1 1 
126 121 111 110 102 102 97 91 89 85 83 77 77 73 67 64 64 63 63 63 63 63 61 59 58 56 55 52 50 49 47 46 46 44 43 43 40 40 40 40 40 38 37 35 34 34 34 34 31 30 30 28 27 27 26 26 23 23 23 22 21 20 20 19 18 18 17 16 16 16 16 16 15 15 14 13 10 10 10 10 10 10 9 8 8 8 7 6 6 6 6 5 4 4 4 4 4 4 4 4 4 4 3 3 3 3 3 3 3 3 2 2 1 1 1 1 1 1 1 1 1 1 1 1 1 1 
123 115 111 106 98 97 95 89 82 82 81 76 72 71 65 63 63 63 63 61 56 55 53 53 53 53 52 49 48 48 47 45 42 41 41 41 40 38 38 38 38 36 34 33 33 31 29 29 29 29 26 25 25 25 25 24 23 21 21 19 18 18 17 17 17 17 16 16 16 13 11 11 11 10 10 10 10 10 9 9 9 9 9 8 8 8 4 4 3 3 3 3 3 3 3 3 3 3 3 3 3 3 3 3 2 2 2 1 1 1 1 1 1 1 1 1 1 1 1 1 1 1 1 
120 112 109 104 94 87 86 86 79 75 72 70 68 68 64 63 63 61 59 59 55 55 52 52 52 51 51 48 47 47 47 44 42 40 40 38 37 37 37 37 33 32 32 32 30 29 27 27 26 25 25 24 22 22 22 21 20 20 19 18 17 17 17 17 16 16 15 14 14 12 11 10 10 10 9 9 9 8 8 8 6 6 6 6 6 4 4 4 3 3 3 3 3 3 3 3 3 3 3 3 3 3 3 2 2 2 2 1 1 1 1 1 1 1 1 1 1 
118 104 104 100 91 87 86 86 77 75 70 69 66 63 59 58 58 58 56 56 54 51 51 51 50 49 46 46 45 45 44 41 40 39 39 37 37 36 33 32 32 32 32 30 30 29 27 27 24 24 24 20 20 20 20 20 19 19 18 18 16 16 16 15 14 14 14 14 12 11 10 9 9 9 9 9 7 6 6 6 6 6 6 5 5 4 4 3 3 3 3 3 3 3 3 3 3 3 3 3 2 2 1 1 1 1 1 1 1 1 1 1 1 1 1 1 
112 104 103 97 87 83 82 80 76 69 67 67 63 60 58 57 55 55 55 54 50 50 50 49 49 47 44 44 44 43 42 40 40 39 38 37 36 34 30 30 30 30 28 26 26 24 24 24 24 24 23 20 20 20 20 18 16 15 15 15 13 13 13 13 13 12 12 11 11 11 10 9 9 8 7 7 5 5 5 4 4 3 3 3 3 3 3 3 3 3 3 3 3 1 1 1 1 1 1 
104 104 98 86 86 79 77 77 72 69 67 66 62 59 58 57 55 55 52 52 50 50 47 46 46 44 44 43 41 39 39 38 36 36 36 34 32 32 30 27 26 26 26 25 25 24 24 24 23 21 20 20 19 19 18 14 14 14 13 13 13 13 13 12 12 11 11 11 9 9 8 7 6 6 6 5 4 4 3 3 3 3 3 3 3 3 3 3 3 3 3 2 2 1 
101 95 88 86 84 79 77 77 72 67 66 60 60 58 56 55 50 50 47 47 45 45 45 44 41 41 41 37 37 37 35 34 34 34 33 33 31 31 29 26 26 26 25 24 24 22 22 22 19 19 15 15 14 14 14 14 14 14 13 13 13 13 13 12 12 11 11 11 7 7 6 6 6 5 5 3 3 3 3 3 3 3 3 3 3 3 3 3 3 3 3 2 1 1 
100 94 86 84 81 78 77 74 71 67 63 59 59 57 54 53 50 50 47 47 44 44 44 41 40 38 37 37 36 36 35 34 33 30 30 29 25 24 24 23 23 23 23 23 23 21 21 20 19 15 15 14 14 13 13 13 13 13 13 13 13 12 12 11 11 11 10 8 7 6 6 5 5 5 3 3 3 3 3 3 3 3 3 3 3 3 3 3 3 3 2 2 1 1 
99 91 83 78 76 74 74 73 66 66 55 55 51 51 50 50 50 48 45 44 43 42 42 41 37 37 37 36 35 32 32 31 30 28 27 26 24 23 23 23 23 23 23 22 21 20 19 16 16 15 13 13 13 13 13 13 12 12 11 11 10 8 8 8 8 8 8 8 5 5 5 5 5 5 3 3 3 3 3 3 3 3 3 3 3 3 3 3 2 2 2 2 1 
95 86 81 76 73 73 73 72 65 63 54 53 51 50 50 50 48 45 44 44 43 42 41 38 36 35 35 35 33 32 32 31 30 28 26 26 23 23 23 23 22 22 22 19 19 19 18 16 15 14 13 13 13 13 12 12 8 8 8 8 8 8 8 8 7 7 7 6 5 5 5 5 5 5 3 3 3 3 3 3 3 3 3 3 3 3 3 1 
90 82 80 76 71 70 70 69 65 59 54 51 51 50 50 47 47 44 42 42 40 39 37 37 35 33 32 31 30 29 29 27 27 27 26 23 23 21 21 19 19 19 19 18 18 18 17 16 15 13 13 13 13 12 12 9 8 8 8 8 8 8 8 7 7 6 6 6 5 5 5 5 5 5 3 3 3 3 3 3 3 3 3 3 3 1 1 
87 82 80 76 70 68 68 66 63 59 53 51 50 50 48 47 44 42 41 40 39 38 36 36 35 32 32 31 28 28 27 27 27 27 26 22 20 20 20 19 19 19 19 18 16 15 14 13 12 12 12 12 12 12 11 9 8 8 8 8 7 7 7 7 7 6 6 6 5 5 5 4 4 3 3 3 3 3 3 3 3 2 1 1 1 1 1 
87 82 75 69 68 68 63 59 59 54 52 50 50 48 47 45 42 39 39 38 38 38 35 35 34 29 29 28 26 26 25 25 25 25 24 22 20 19 19 19 19 19 19 18 14 12 12 12 12 11 11 11 11 11 9 8 8 8 8 7 7 7 7 7 6 6 6 5 5 5 4 4 4 3 3 2 1 1 1 1 1 1 1 1 1 1 1 
86 80 74 69 68 60 60 59 53 50 48 48 47 45 45 44 42 39 39 38 36 34 33 30 30 29 28 26 26 26 25 25 25 24 24 21 19 19 19 19 18 18 18 17 14 12 12 12 12 11 11 11 11 11 9 8 8 8 8 7 7 7 7 6 5 5 5 5 4 4 3 3 2 1 1 1 1 1 1 1 1 1 1 1 1 
81 79 73 67 61 56 51 50 50 47 46 43 43 43 43 42 41 38 38 34 31 31 30 30 30 28 27 26 26 26 25 25 24 22 21 21 19 19 19 19 15 15 15 15 12 12 12 10 9 9 8 8 8 8 8 8 8 7 7 7 7 7 6 5 5 5 5 5 4 1 1 1 1 1 1 1 1 1 1 1 1 1 1 1 1 
80 76 65 65 58 51 50 50 50 43 43 42 42 42 42 41 38 37 35 34 31 31 30 29 29 28 26 26 25 24 24 24 23 22 20 20 19 17 17 17 15 15 12 12 11 11 11 10 9 9 8 7 7 7 6 6 6 6 6 6 6 6 5 5 5 5 5 4 3 1 1 1 1 1 1 1 1 1 1 1 1 1 1 1 
75 75 65 64 58 51 46 46 45 43 42 42 42 42 41 39 36 36 33 31 31 30 29 29 29 28 26 25 24 24 23 22 21 20 19 19 19 17 16 15 14 14 12 12 11 11 7 6 6 6 6 6 6 6 6 6 6 6 6 6 5 5 5 4 4 4 4 4 3 1 1 1 1 1 1 1 1 1 1 1 1 
75 75 65 62 53 49 46 45 42 42 42 42 41 38 37 37 36 36 30 30 30 29 29 28 27 26 25 25 23 22 22 22 20 20 18 17 14 14 14 14 12 11 11 11 9 8 7 6 6 6 6 6 6 5 5 5 5 5 5 5 5 5 5 4 4 4 3 3 3 1 1 1 1 1 1 1 1 1 1 1 
74 64 63 60 51 49 46 43 42 42 42 37 37 37 36 36 36 35 30 30 30 29 27 27 26 25 25 25 22 21 20 20 20 20 18 17 14 14 14 14 12 11 11 9 9 8 6 6 6 6 6 5 5 5 5 5 5 5 5 5 5 4 4 4 3 2 2 2 1 1 1 1 1 1 1 1 1 1 
69 63 56 54 46 46 46 42 42 41 41 37 37 37 35 35 34 34 30 30 28 27 27 27 22 22 22 21 20 20 20 20 20 19 18 16 14 14 14 13 12 11 9 9 7 7 6 6 5 5 5 5 5 5 5 5 5 5 5 5 5 4 4 3 2 1 1 1 1 1 1 1 1 1 1 1 1 
68 63 53 53 46 46 44 42 42 39 38 36 36 35 35 35 34 33 30 30 26 25 25 24 22 22 21 20 20 20 20 19 19 18 16 16 14 14 12 12 11 11 8 7 7 6 6 5 5 5 5 5 5 5 5 5 5 5 5 3 3 3 2 2 1 1 1 1 1 1 1 1 1 1 1 1 1 
66 63 53 51 46 46 44 42 42 39 37 36 36 34 34 33 33 32 29 26 25 23 22 22 22 20 20 20 19 19 18 18 18 17 16 16 13 13 12 11 8 8 8 7 7 6 6 5 5 5 5 5 4 4 4 4 4 4 3 3 2 2 2 2 1 1 1 1 1 1 1 1 1 1 1 
63 63 53 50 46 44 44 42 41 39 37 36 36 34 33 33 32 28 27 25 25 22 22 22 21 20 20 20 19 19 18 17 17 15 13 12 12 12 10 10 8 6 6 6 6 5 5 5 5 5 5 4 4 4 4 4 3 3 3 3 2 2 2 2 1 1 1 1 1 
63 63 51 49 46 44 44 42 41 38 37 35 35 33 32 32 30 28 27 25 24 22 20 20 20 20 19 19 19 18 17 17 17 14 12 12 12 11 9 7 7 6 6 6 5 5 5 5 5 5 5 4 4 3 3 3 3 3 2 2 2 2 2 2 1 1 1 
59 55 49 49 46 44 42 40 40 36 35 35 32 32 32 30 30 28 27 25 22 21 20 19 19 19 19 18 18 17 17 15 15 12 12 12 12 7 7 7 7 6 6 6 5 5 5 5 5 5 5 3 3 3 3 3 3 3 2 2 2 2 2 1 1 
59 51 49 48 42 42 41 40 38 36 35 34 32 32 30 28 28 28 27 24 21 21 19 19 19 19 19 18 17 16 15 14 12 12 11 11 11 7 6 6 6 6 6 5 5 5 5 5 5 5 3 3 3 3 3 3 3 2 2 1 1 1 1 1 
57 51 49 48 41 39 37 36 35 35 34 31 31 29 29 28 26 24 23 23 20 20 19 19 19 17 14 14 14 12 12 12 12 11 11 11 9 6 6 6 6 6 6 5 5 5 5 5 5 5 3 3 2 2 2 2 1 1 
57 51 48 47 41 37 37 35 35 34 33 31 30 29 28 28 25 24 23 23 19 19 19 19 19 15 14 14 13 12 11 11 11 11 10 10 9 6 6 6 6 5 5 5 5 5 5 5 4 4 3 2 2 2 
57 51 47 41 40 37 36 35 35 33 33 31 28 28 28 26 25 23 23 23 19 19 19 18 14 14 14 14 12 11 11 11 11 10 10 9 9 6 6 6 5 5 5 5 5 5 5 4 3 3 2 2 2 2 
57 43 43 41 40 35 35 35 33 33 32 29 28 28 27 25 23 23 23 22 19 19 16 14 14 13 13 11 11 11 11 11 10 10 9 9 9 6 6 6 5 5 5 5 5 5 5 4 2 2 2 2 2 2 
54 42 41 40 39 35 35 35 33 33 30 29 27 27 26 25 23 23 21 20 18 15 15 13 13 13 11 11 11 11 11 10 10 10 9 9 9 6 6 6 5 5 5 5 5 4 4 3 2 2 2 2 1 1 
53 41 41 37 37 35 34 34 33 32 30 29 27 26 26 23 22 21 20 20 17 15 14 13 13 12 11 11 11 10 10 10 10 9 9 8 8 6 6 6 5 5 5 5 5 4 2 2 2 2 2 2 1 1 
53 41 41 37 34 34 33 33 32 31 30 28 23 23 22 22 22 21 18 18 15 13 13 13 13 11 11 11 10 10 10 10 10 8 8 8 7 6 6 5 5 5 5 4 3 3 2 2 2 2 2 2 1 1 
52 41 41 37 33 33 33 32 31 28 27 26 23 22 22 21 21 20 18 18 14 13 13 11 10 10 9 9 9 8 8 8 8 8 8 8 6 6 6 5 5 5 4 4 3 3 2 2 2 2 2 2 1 1 
52 41 36 36 33 32 31 29 29 27 27 26 22 20 20 20 20 20 18 18 14 12 10 10 10 10 9 8 8 8 8 8 8 8 8 8 6 5 4 4 4 4 4 3 3 3 2 2 2 2 1 1 1 
52 41 36 35 33 32 29 28 28 26 26 25 22 20 20 20 19 18 17 17 14 12 10 10 10 10 9 8 8 8 8 8 8 8 8 5 5 5 4 4 4 4 3 3 3 2 2 2 2 1 1 1 
49 40 35 34 32 32 29 28 26 26 22 21 21 20 20 19 19 17 17 15 13 12 10 10 10 9 9 8 8 8 8 8 8 8 8 5 5 5 4 4 4 4 3 3 3 2 2 2 1 1 1 1 
47 40 35 33 32 29 28 28 26 23 21 21 20 19 17 17 14 14 14 14 13 11 10 10 10 9 8 8 8 7 7 6 6 5 5 5 4 3 3 3 3 3 3 3 3 2 2 2 1 1 
47 40 35 33 31 29 28 28 24 22 21 21 18 16 16 16 14 14 14 13 12 11 10 10 9 9 8 8 8 7 7 6 6 5 5 5 3 3 3 3 3 3 3 3 3 2 2 
47 38 35 32 31 29 28 28 23 21 21 20 18 16 14 14 13 13 13 13 11 10 10 9 9 8 8 8 8 6 6 6 6 5 5 5 3 3 3 3 3 3 3 2 2 2 1 
46 38 34 32 30 29 27 25 22 20 20 20 18 14 14 14 13 13 13 13 11 10 10 9 9 8 8 8 6 5 5 5 5 5 5 4 3 3 3 3 3 3 3 1 1 1 1 
45 38 33 32 30 28 25 25 21 20 20 19 18 14 13 13 13 13 13 13 11 10 10 8 7 7 6 6 6 5 5 5 5 5 4 4 3 3 3 2 2 1 1 1 1 1 
44 38 32 32 26 26 25 25 20 20 20 17 17 14 13 13 13 13 13 11 10 10 10 7 7 7 6 6 6 5 5 5 5 5 4 4 3 3 2 2 2 1 1 1 
44 36 32 32 26 25 25 23 20 19 19 17 15 14 13 13 13 13 11 11 10 10 7 7 7 7 6 6 6 5 5 5 5 5 3 3 2 2 2 1 1 1 1 1 
42 35 32 32 26 25 24 23 20 19 17 15 13 13 13 13 12 12 10 10 8 8 7 7 7 7 6 6 5 5 5 5 5 5 3 2 2 2 1 1 1 1 1 
41 34 32 30 25 25 24 23 19 19 15 15 13 13 13 13 12 10 10 8 8 7 7 7 7 7 6 6 4 3 3 3 3 3 2 2 2 1 1 
38 34 32 26 24 24 24 21 19 18 15 15 13 13 13 12 11 10 9 8 8 7 7 7 7 7 6 6 4 3 3 3 3 3 2 1 1 1 1 
37 34 32 24 24 24 24 21 19 18 15 15 13 13 13 10 10 9 8 8 8 7 7 7 7 7 6 5 4 3 3 3 3 2 2 1 1 1 1 
36 33 32 24 24 24 24 21 19 18 15 14 13 11 11 10 10 9 8 8 8 7 7 7 6 6 6 5 4 3 3 3 3 2 2 1 1 1 1 
34 32 30 24 24 23 22 21 19 16 14 13 12 11 11 10 10 8 8 8 7 7 7 7 6 6 6 5 4 3 3 3 3 2 2 1 1 1 
34 31 30 24 24 22 22 18 18 16 13 11 11 11 11 10 10 8 8 8 7 7 5 5 5 4 4 4 3 3 3 1 1 1 1 1 
34 31 30 24 22 22 22 18 18 16 12 11 11 11 11 10 9 8 8 7 7 6 5 5 5 4 4 3 3 3 2 1 1 1 
34 31 30 23 22 22 22 18 18 16 12 11 11 11 11 10 9 8 8 7 7 6 5 5 5 4 4 3 3 3 2 1 1 
34 31 30 23 22 21 20 18 16 15 12 11 11 10 9 8 8 8 8 7 6 5 5 4 4 4 3 3 2 2 2 1 
34 31 29 23 21 17 17 16 15 15 12 11 10 10 8 8 7 7 6 5 5 4 4 4 4 3 3 2 2 2 2 1 
32 31 29 22 21 17 17 16 15 15 12 11 10 10 8 8 6 6 6 5 5 4 4 4 3 3 2 2 1 1 1 1 
32 30 29 22 20 16 16 16 15 15 12 11 8 8 8 7 6 6 5 5 4 4 4 4 3 3 2 2 1 1 1 1 
32 28 27 22 19 16 16 16 15 10 10 10 8 8 8 6 5 5 5 4 4 4 4 3 3 2 1 1 1 1 1 
29 28 27 22 19 16 16 16 15 10 10 9 8 6 4 4 4 4 4 4 4 4 3 3 2 2 1 1 1 1 
27 25 25 22 19 16 16 15 14 9 9 9 8 4 4 4 4 4 4 3 3 3 3 3 2 2 1 1 1 1 
27 25 25 22 19 16 13 12 12 9 9 9 6 4 4 4 4 4 4 3 3 3 3 3 1 1 1 1 1 1 
26 23 23 22 19 16 12 12 11 9 8 8 6 4 4 4 4 4 3 3 3 3 2 2 1 1 1 1 1 
26 23 23 22 19 16 12 12 11 9 8 8 5 4 4 4 4 4 3 3 3 3 1 1 1 1 1 1 1 
26 23 21 20 19 16 12 12 11 9 8 8 4 4 4 4 4 4 3 3 3 3 1 1 1 1 1 1 1 
26 23 21 20 17 16 10 10 9 8 8 8 4 4 4 4 4 4 3 3 3 2 1 1 1 1 1 1 1 
26 23 20 20 17 14 10 8 7 7 7 6 4 4 4 4 4 3 3 3 3 2 1 1 1 1 
26 23 20 19 17 14 8 7 7 7 6 6 4 4 4 4 4 2 2 2 2 2 1 1 1 
26 23 20 18 16 14 7 7 7 7 6 5 4 4 4 4 3 2 2 2 2 1 1 1 
26 22 20 18 15 13 7 6 6 6 5 5 4 4 4 4 3 2 2 2 1 1 1 1 
26 21 20 18 15 13 7 6 6 6 5 5 4 3 3 3 3 2 2 2 1 1 1 1 
26 21 20 17 15 13 7 6 5 5 5 5 4 3 3 3 3 2 2 2 1 1 
25 21 20 17 15 13 7 6 5 5 5 5 4 3 3 3 3 2 2 2 1 1 
25 20 19 17 14 13 7 5 5 5 5 4 4 3 3 3 3 2 2 2 1 
24 19 18 16 14 11 6 5 5 5 5 4 4 3 3 2 2 2 1 1 
24 19 18 15 12 11 5 5 5 5 5 4 3 3 3 2 2 2 1 1 
24 19 17 15 11 11 5 5 5 5 5 4 3 3 3 2 2 1 1 1 
23 18 16 13 11 11 5 5 5 5 5 4 3 3 3 2 1 1 1 1 
22 18 16 13 11 10 5 5 5 4 4 3 3 3 3 2 1 1 1 1 
22 18 16 13 11 10 5 5 4 4 4 3 3 3 3 2 1 1 1 1 
21 18 14 12 11 10 5 5 4 4 3 3 3 3 3 1 1 1 1 
19 18 14 12 11 9 5 5 4 4 3 3 3 3 2 1 1 1 1 
19 18 14 12 10 9 5 5 4 4 3 3 3 3 2 1 1 1 
18 18 14 11 10 9 5 5 4 4 3 3 3 3 2 1 1 1 
18 18 14 11 10 9 5 5 4 4 3 3 3 3 2 1 1 1 
18 16 14 11 9 9 5 4 4 4 3 3 3 2 1 1 1 
18 15 14 9 9 8 5 4 4 4 3 3 3 1 1 1 1 
18 14 13 9 9 5 5 4 4 4 3 3 2 1 1 1 1 
18 14 13 9 9 5 5 4 3 3 3 3 2 1 1 1 1 
17 13 12 9 9 5 5 4 3 3 3 3 1 1 1 1 1 
17 13 12 9 9 5 5 4 3 3 2 2 1 1 1 1 
15 13 11 9 9 5 5 3 2 2 2 2 1 1 1 1 
14 13 10 9 8 5 2 2 2 2 2 2 1 1 1 1 
13 11 10 9 8 5 2 2 2 2 2 1 1 1 1 1 
13 11 10 9 8 4 2 2 2 2 2 1 1 1 1 1 
13 11 10 8 7 4 2 2 2 2 1 1 1 1 1 1 
13 11 10 8 7 4 2 2 2 2 1 1 1 1 1 1 
13 11 10 8 6 4 2 2 2 2 1 1 1 1 1 
13 11 8 8 6 4 2 2 2 1 1 1 1 1 1 
13 11 8 7 5 4 2 2 2 1 1 1 1 
12 11 8 7 5 4 2 2 2 1 1 1 
12 11 8 7 5 4 2 2 1 1 1 
12 11 8 6 5 4 2 2 1 1 1 
12 10 8 6 5 4 1 1 1 1 1 
11 9 7 5 5 4 1 1 1 1 1 
11 9 7 4 4 4 1 1 1 1 1 
11 9 7 4 4 4 1 1 1 1 1 
11 8 6 4 4 3 1 1 1 1 1 
9 8 6 4 4 3 1 1 1 1 1 
9 8 5 4 4 3 1 1 1 1 1 
9 8 5 4 4 2 1 1 1 1 1 
9 7 4 4 3 2 1 1 1 1 1 
8 6 4 4 3 2 1 1 1 
8 6 4 4 3 2 1 1 1 
8 5 4 4 3 2 1 1 
8 5 4 3 3 2 
6 5 4 3 3 1 
6 5 4 3 1 1 
6 4 4 3 1 
6 4 4 3 1 
6 4 4 2 1 
6 4 4 2 1 
6 4 4 2 1 
6 4 3 2 1 
5 4 3 2 1 
5 3 2 2 1 
5 3 2 1 1 
4 3 2 1 
4 3 2 1 
4 3 2 
4 3 2 
2 2 2 
2 2 2 
2 2 2 
2 2 2 
2 2 1 
2 2 1 
2 2 1 
2 2 1 
2 2 1 
2 2 1 
2 2 1 
2 2 1 
2 2 1 
2 1 1 
2 1 1 
2 1 1 
2 1 1 
2 1 1 
1 1 1 
1 1 1 
1 1 
1 1 
1 1 
1 
1 
1 
1 
1 
1 
1 
1 
1 
1 
1 
1 
