166 151 140 129 124 118 118 117 108 100 93 86 86 83 82 80 79 79 79 79 78 78 74 72 72 71 66 63 58 58 52 52 50 49 48 47 45 45 44 44 44 44 44 44 42 42 37 37 35 35 35 35 35 32 32 32 32 32 30 30 30 29 28 28 28 27 26 26 26 26 26 26 25 25 25 25 25 24 24 24 24 24 22 22 21 21 21 18 17 17 17 17 16 16 16 16 14 13 13 13 13 13 12 12 11 10 10 10 10 10 10 9 9 9 9 7 6 6 6 6 6 6 6 6 6 6 6 6 6 6 6 6 6 6 5 5 4 3 3 3 3 3 3 3 2 2 2 2 2 2 2 2 2 2 1 1 1 1 1 1 1 1 1 1 1 1 1 1 1 1 1 1 1 1 
165 136 133 124 121 118 112 105 98 96 93 86 80 80 80 80 77 77 77 75 74 73 73 71 70 68 63 59 51 51 51 50 49 49 48 44 44 44 44 43 43 43 42 42 40 39 37 35 35 35 33 33 32 32 31 31 29 29 28 28 26 26 26 26 26 26 26 26 26 24 24 23 23 23 23 23 21 21 21 20 20 19 16 15 13 13 12 11 11 11 11 11 10 8 8 8 8 8 8 8 8 8 8 8 8 8 8 8 8 7 6 6 6 6 6 6 6 6 6 6 6 6 6 6 6 6 5 5 5 5 5 3 3 3 3 3 3 3 3 2 2 2 2 2 2 2 2 2 2 2 2 2 2 1 1 1 1 1 1 1 
153 136 126 118 116 102 102 97 96 91 88 84 78 72 71 71 71 71 69 65 60 59 59 59 58 56 56 55 49 49 49 49 48 48 48 44 43 41 41 41 41 41 40 39 38 37 36 34 34 32 32 32 32 30 30 29 27 25 25 25 25 25 24 22 21 21 21 21 21 20 18 17 17 16 16 16 16 16 16 15 14 14 14 14 13 11 10 9 9 9 9 9 9 8 8 8 8 8 8 8 8 8 8 7 7 7 7 6 6 6 6 6 6 6 5 5 5 5 4 4 4 4 4 3 3 3 3 3 3 2 2 2 2 2 2 2 2 2 2 2 2 2 2 2 2 2 2 1 1 1 1 1 
137 132 122 118 111 97 96 93 92 83 79 76 73 71 71 70 67 65 65 64 60 58 57 56 56 55 55 54 49 49 47 47 46 46 46 43 43 40 39 39 39 39 39 37 36 35 33 30 30 30 30 30 30 29 29 26 26 25 25 24 24 22 22 21 21 20 20 20 19 19 18 16 16 16 16 16 16 15 15 12 11 11 11 11 11 10 9 9 9 9 9 9 8 8 8 8 8 8 8 8 7 7 7 7 6 6 6 6 6 6 6 6 5 5 5 4 3 3 3 3 2 2 2 2 2 2 2 2 2 2 2 2 2 
118 118 111 110 107 96 93 91 87 83 73 73 72 71 71 68 66 65 64 63 59 57 56 55 55 55 55 51 49 48 47 46 45 44 44 43 43 39 38 38 38 38 35 35 32 29 29 29 29 29 27 26 25 25 24 24 24 24 23 23 23 20 20 20 19 19 17 17 16 16 16 15 15 15 15 15 15 13 12 11 11 10 10 9 9 9 9 9 9 9 8 8 7 7 7 7 7 7 7 7 6 6 6 6 5 4 4 3 3 3 3 3 3 3 2 2 2 2 2 2 2 2 1 1 1 1 1 1 1 1 1 1 1 
111 111 108 104 101 91 88 88 76 76 73 70 65 64 64 64 64 63 56 55 55 53 51 51 51 48 47 47 47 47 46 46 45 43 39 37 36 36 35 35 33 33 31 27 27 27 27 27 26 26 25 24 23 21 20 20 19 18 18 18 18 18 18 18 18 18 16 16 15 15 14 12 12 12 11 10 10 10 9 9 9 9 9 9 9 9 9 7 7 6 6 6 5 4 4 4 4 4 4 3 3 3 3 3 3 3 3 3 3 2 2 2 2 2 2 2 2 2 2 2 2 1 1 1 1 1 1 1 1 1 1 1 1 
111 109 94 92 92 88 88 85 76 73 71 66 65 63 63 61 60 56 55 55 55 50 49 48 48 47 47 46 45 44 44 44 38 37 34 33 33 33 33 27 27 27 27 27 26 26 24 24 24 24 24 24 21 19 19 19 19 18 18 18 18 17 17 16 16 16 15 15 14 12 12 12 12 11 10 10 10 9 9 9 9 9 8 8 8 7 7 7 6 6 5 4 4 3 3 3 3 3 2 1 1 1 1 1 1 1 1 1 1 1 1 1 1 1 1 1 1 1 1 1 1 1 1 
107 106 92 89 89 82 81 81 74 73 69 64 62 61 61 59 59 56 55 52 52 49 48 47 46 46 46 44 43 43 43 43 36 33 33 32 32 32 30 27 27 27 27 26 25 24 24 24 24 23 23 23 18 18 18 18 18 18 18 17 16 16 14 13 13 13 12 12 12 12 12 11 10 9 9 9 9 9 8 8 8 8 7 6 6 6 5 5 5 4 4 3 3 3 3 3 3 3 1 1 1 1 1 1 1 1 1 1 1 1 1 1 1 1 1 1 1 1 
107 102 92 88 86 81 81 78 73 70 69 63 61 61 60 59 55 54 54 52 51 48 46 46 46 40 40 39 39 39 39 38 34 33 33 32 32 31 30 27 27 27 26 25 25 24 24 24 22 22 22 22 18 18 18 18 18 18 18 17 13 13 13 13 13 13 10 10 10 10 10 10 9 9 8 8 8 8 8 8 8 8 6 6 6 6 3 3 3 3 3 3 3 3 3 2 2 2 1 1 1 1 1 1 1 1 1 1 1 1 1 1 1 1 1 1 1 
105 101 92 85 82 78 74 74 69 67 66 61 60 60 60 57 55 50 50 48 48 47 45 45 44 39 39 38 38 38 38 36 33 31 31 31 31 29 28 26 26 26 26 25 24 24 24 24 22 22 21 20 18 18 18 18 17 17 17 16 13 13 13 12 12 12 10 10 10 7 7 7 7 7 7 7 7 7 7 7 7 7 6 6 6 4 3 3 3 3 3 3 3 2 2 1 1 1 1 1 1 1 1 1 1 1 1 1 1 1 1 1 1 1 1 1 
105 101 91 82 79 73 73 71 69 66 65 61 60 57 57 54 54 50 50 48 47 45 45 43 43 39 39 38 38 35 35 32 32 31 30 29 29 26 26 26 25 25 25 24 23 23 23 23 22 22 21 20 18 18 17 17 14 14 14 12 12 12 11 11 9 9 9 9 9 7 7 7 7 7 7 7 7 7 7 7 5 5 5 5 5 4 3 3 3 3 3 2 2 1 1 1 1 1 1 1 1 1 1 1 1 1 1 1 1 1 1 1 1 1 
103 96 83 77 76 71 70 70 65 62 59 58 55 55 53 52 49 49 48 47 45 45 45 43 39 39 38 35 35 34 33 31 29 28 28 28 25 24 24 22 22 21 21 20 20 20 19 19 19 19 18 18 17 17 17 16 14 14 14 12 12 12 11 10 9 9 9 8 8 7 7 7 7 7 6 6 6 6 6 6 5 4 4 4 4 3 3 3 3 3 2 2 2 1 1 1 1 1 1 1 1 1 1 1 1 1 1 1 1 1 1 
102 93 81 73 71 66 66 66 62 58 56 55 53 53 52 52 49 47 47 46 45 43 39 39 39 37 34 34 33 33 33 31 29 28 27 25 22 22 21 20 20 20 20 19 18 18 18 18 18 18 18 17 16 16 16 12 12 12 12 12 12 12 10 9 9 9 8 8 7 6 6 6 6 5 5 5 5 5 5 5 5 4 4 4 4 3 3 3 3 2 1 1 1 1 1 1 1 1 1 1 1 1 1 1 1 1 1 1 1 
102 89 81 72 68 66 66 65 60 57 55 55 53 50 50 49 48 45 44 43 43 41 39 39 38 37 34 34 32 31 28 28 27 25 25 23 21 20 20 20 19 19 19 19 18 18 18 18 17 17 17 16 16 15 12 12 12 12 11 9 9 6 6 6 6 6 6 6 6 5 5 5 5 5 5 5 5 4 4 4 4 4 3 3 3 3 3 2 2 2 1 1 1 1 1 1 1 1 1 1 1 1 1 1 1 
102 79 79 70 68 66 65 63 56 56 54 54 53 50 50 48 45 45 43 43 39 39 38 38 36 36 33 32 30 30 28 28 27 24 24 21 20 19 19 19 19 18 18 18 18 18 18 17 16 16 16 16 16 14 12 12 12 12 9 9 8 6 6 6 6 6 6 6 6 5 5 5 4 4 4 4 4 3 3 3 3 3 3 3 2 2 2 2 2 1 1 1 1 1 1 1 1 1 1 1 1 
100 79 77 69 64 64 63 62 56 53 53 52 51 50 49 46 45 43 43 41 38 38 37 36 36 29 28 28 28 28 27 26 25 24 22 21 20 19 19 19 18 15 14 14 14 14 14 14 14 13 13 13 13 13 12 12 11 10 9 9 6 6 6 6 6 6 6 6 6 5 5 4 4 3 3 3 3 3 3 2 2 1 1 1 1 1 1 1 1 1 1 1 1 1 
98 77 77 68 63 63 63 56 56 53 52 51 49 48 47 45 40 40 40 40 38 38 36 34 32 29 28 28 28 28 27 25 24 23 22 21 19 19 19 18 18 14 14 14 13 13 13 13 13 13 13 13 13 11 10 10 10 7 7 7 6 6 6 6 6 5 5 5 5 5 4 3 2 2 2 2 2 2 2 2 1 1 1 1 1 1 1 
93 76 75 64 63 63 60 55 53 52 52 49 49 46 43 42 40 40 40 35 35 35 34 34 32 28 27 27 27 27 24 24 22 22 21 20 19 19 18 18 17 14 14 13 13 13 13 13 12 12 12 12 12 11 8 7 7 7 7 7 6 6 5 5 5 5 5 5 5 5 3 2 2 2 2 2 2 
90 74 73 64 63 62 55 55 51 51 48 48 47 46 43 42 40 40 39 34 34 34 33 33 31 28 27 27 25 24 24 23 22 21 20 20 19 18 18 17 14 14 14 13 13 13 13 13 12 12 12 12 12 8 7 6 6 6 6 6 6 6 5 5 5 5 5 5 5 5 3 2 2 2 2 1 1 
89 74 72 63 61 57 54 51 48 48 46 44 44 42 41 41 36 35 32 32 32 32 32 30 29 28 26 24 23 23 23 22 22 21 20 20 18 17 16 15 14 14 13 13 13 13 13 13 12 12 12 12 11 8 7 6 6 6 6 6 6 6 5 5 5 5 5 5 4 4 2 2 1 1 1 1 1 
87 74 72 60 56 55 53 48 47 47 46 43 43 41 41 38 36 33 32 32 32 30 30 29 29 25 24 23 23 20 20 20 20 19 19 18 18 17 15 15 14 14 13 13 13 12 12 12 12 10 10 10 10 8 6 6 6 6 6 6 6 5 5 5 4 4 4 4 3 3 2 2 1 1 
83 74 70 59 56 55 52 47 46 46 44 42 37 35 35 35 34 32 32 30 30 29 29 28 27 24 24 23 21 20 20 20 20 18 18 18 18 17 15 15 13 13 13 13 13 12 11 10 10 10 10 10 10 7 6 6 6 6 6 5 5 5 5 4 4 4 4 3 3 3 2 2 1 1 
81 74 65 59 56 55 52 47 46 45 44 41 36 35 35 34 33 30 30 29 28 28 25 25 25 24 23 23 21 20 19 19 19 18 18 18 15 15 15 15 13 12 12 12 11 11 9 9 9 9 9 8 8 7 6 6 6 5 5 4 4 4 3 3 3 3 2 2 2 1 1 1 1 1 
78 71 61 59 56 52 51 47 44 44 44 41 33 33 32 31 30 30 29 29 28 27 25 25 25 24 23 22 21 19 18 17 17 17 17 17 15 12 12 12 12 12 12 12 10 10 9 9 9 8 8 7 7 7 5 5 5 5 4 4 4 4 2 2 2 2 2 1 1 1 1 
78 70 59 59 48 48 48 45 44 44 41 37 32 32 31 31 30 29 29 29 27 27 25 25 25 24 22 22 21 19 17 17 17 17 16 16 15 12 12 12 12 12 12 11 10 9 9 8 8 7 7 7 7 6 5 5 5 5 4 4 4 2 2 2 2 2 1 1 1 1 
78 70 59 55 48 48 46 44 44 43 41 34 32 32 31 31 29 28 28 27 26 26 25 24 24 23 21 20 19 18 15 15 15 15 15 14 14 12 12 12 11 10 10 10 10 9 9 8 8 7 7 6 6 6 5 5 5 4 4 4 3 2 2 2 2 1 1 1 1 
74 66 59 55 48 48 45 44 44 43 40 34 32 32 31 30 27 27 25 25 24 24 24 24 23 21 20 20 18 16 15 15 15 14 14 14 14 12 12 11 10 10 10 10 10 9 8 8 7 6 6 5 5 5 5 4 4 4 4 4 2 2 2 1 1 1 
74 61 59 54 48 47 45 44 41 40 37 33 30 30 29 27 27 26 25 24 23 22 22 22 22 21 19 19 16 16 14 14 14 14 14 14 13 12 11 11 10 9 9 8 8 8 8 7 7 6 5 5 5 5 5 4 4 4 4 3 2 2 2 1 1 1 
72 58 56 49 48 45 44 42 40 39 36 32 30 29 29 27 27 25 25 24 21 21 21 19 19 18 18 17 15 15 14 14 13 11 11 11 10 10 10 9 9 8 7 6 6 6 6 6 5 5 5 4 4 4 4 3 3 3 3 3 2 2 2 1 1 1 
70 55 54 49 44 44 43 41 37 35 35 32 30 29 28 27 27 25 25 24 19 19 19 19 19 18 18 17 15 14 14 13 12 11 11 10 9 9 9 9 9 7 7 6 6 4 4 4 4 4 3 3 3 3 3 3 3 3 2 2 2 1 1 1 1 1 
67 55 54 48 43 40 40 39 37 35 35 32 29 28 28 27 27 25 21 21 19 19 19 19 19 18 18 17 15 14 14 12 11 11 11 10 9 9 9 8 7 7 6 6 4 4 4 4 4 4 3 3 3 3 3 2 2 2 2 2 2 1 1 1 1 1 
66 53 53 43 41 40 38 38 34 33 32 32 29 28 24 24 24 22 20 20 19 19 19 19 16 16 16 15 14 14 14 11 11 11 10 9 9 9 9 7 6 5 5 5 4 4 4 4 4 3 3 3 3 3 2 2 2 2 2 2 1 1 1 1 
63 53 52 43 37 37 34 34 33 33 32 25 25 25 24 24 24 22 20 20 19 19 19 17 16 15 15 14 13 13 12 11 11 9 9 9 9 9 7 7 5 5 5 4 4 4 4 4 4 3 3 3 3 3 2 2 2 2 1 1 1 1 1 
57 51 51 42 35 35 34 34 33 33 31 25 25 24 24 24 24 22 20 19 19 19 19 17 16 15 14 14 13 11 11 11 10 9 9 9 8 8 7 7 5 5 4 4 4 4 3 3 3 3 2 2 2 2 2 2 1 1 1 1 1 
56 51 50 41 35 35 34 33 33 33 30 25 24 24 24 24 23 20 20 19 19 18 17 16 15 15 14 12 11 9 8 8 8 8 8 8 7 6 6 6 5 4 3 3 3 3 3 3 3 3 2 2 2 2 2 2 1 1 1 1 
55 50 48 40 35 33 33 33 33 33 29 25 24 24 24 23 23 20 19 19 18 17 16 14 14 13 11 11 11 8 8 8 8 8 8 8 7 6 5 5 5 4 3 3 3 3 2 2 2 2 2 2 2 
53 50 40 38 35 33 33 33 31 29 29 25 24 24 24 23 22 19 19 19 16 15 15 14 14 13 11 11 10 8 8 8 8 8 8 7 6 5 5 5 4 4 3 3 3 2 2 2 2 2 2 2 1 
51 50 40 38 33 33 33 33 31 29 28 24 24 24 24 21 20 19 19 17 16 15 14 12 12 12 11 9 9 8 8 8 8 8 8 7 6 5 5 4 4 3 3 3 2 2 2 2 2 2 2 1 1 
50 49 39 36 33 33 33 33 31 27 27 24 24 24 21 20 20 19 19 17 15 14 14 12 12 9 8 8 8 8 8 8 8 8 7 6 5 5 5 3 3 2 2 2 2 2 2 2 1 1 1 1 1 
50 48 39 35 33 30 30 30 26 24 23 23 23 23 21 19 19 17 16 15 14 12 11 11 9 9 8 8 8 8 8 7 7 7 6 6 5 5 5 3 3 2 2 2 2 2 2 2 1 1 1 1 1 
48 47 39 35 33 30 29 28 24 23 23 23 22 22 21 19 18 17 16 15 14 12 10 10 9 8 8 8 8 8 7 7 6 6 6 6 5 4 4 3 3 2 2 2 2 2 2 2 1 1 
48 47 39 35 33 28 28 27 24 23 23 23 21 20 19 19 17 15 15 15 13 12 10 10 9 8 8 8 7 7 6 6 6 5 5 5 4 4 4 3 2 2 2 2 2 2 2 
48 47 36 32 31 28 28 27 24 23 23 21 21 20 18 18 17 15 13 13 12 12 10 9 8 8 8 8 7 6 6 6 6 5 5 5 4 4 3 3 2 2 2 2 2 1 1 
47 45 33 31 31 28 27 25 24 23 23 20 19 19 18 18 15 13 13 13 12 12 9 9 8 8 8 7 7 6 6 5 5 5 5 4 4 3 3 3 2 2 2 2 1 1 1 
47 44 32 31 31 28 26 25 24 23 23 19 18 18 17 16 13 13 13 13 12 11 9 9 8 8 8 6 6 6 5 5 5 5 5 4 4 3 3 2 2 2 2 2 1 1 1 
47 42 32 31 31 28 26 25 24 22 21 18 17 16 16 12 12 12 12 12 12 11 9 9 8 7 7 6 6 5 5 5 5 5 4 4 2 2 2 2 2 2 2 2 1 1 1 
46 42 31 30 28 27 26 25 22 21 20 18 16 16 15 12 12 10 10 10 10 10 9 9 8 6 6 6 6 5 5 4 4 4 4 3 2 2 2 2 2 2 1 1 1 1 1 
45 38 31 29 26 26 25 24 22 20 19 16 16 15 13 12 11 10 10 10 10 9 8 8 8 6 6 6 5 5 5 4 4 4 3 3 2 2 2 2 2 2 1 1 1 1 
45 38 30 29 26 25 24 23 22 19 18 16 15 13 12 12 11 10 10 9 8 8 8 8 8 6 5 5 5 4 4 4 4 4 3 3 2 2 2 2 1 1 1 1 1 1 
44 38 30 28 26 24 24 20 20 18 17 15 14 11 11 11 11 10 10 9 8 8 8 7 7 6 5 5 5 4 4 3 3 3 3 3 2 2 1 1 1 1 1 1 1 
40 37 30 28 25 24 23 20 19 18 15 14 13 11 11 11 11 10 10 8 8 8 7 7 7 6 5 3 3 3 3 3 3 3 3 2 2 2 1 1 1 1 1 1 1 
39 35 29 27 25 24 21 20 18 16 15 14 13 11 11 11 11 10 10 8 7 7 7 7 7 6 5 3 3 3 3 3 3 3 3 2 2 2 1 1 1 1 1 1 1 
39 34 29 27 25 20 20 20 16 13 13 13 10 10 10 10 10 10 10 8 7 7 7 5 5 5 5 3 3 3 3 3 3 3 3 2 2 1 1 1 1 1 1 1 
38 34 26 26 24 20 20 18 16 13 13 12 10 10 10 10 10 10 10 8 7 7 7 5 5 5 5 3 3 3 3 3 3 2 2 2 1 1 1 1 1 1 1 1 
37 34 26 24 24 20 20 18 16 13 11 11 10 10 10 10 10 9 9 8 7 7 7 5 5 5 5 3 3 3 3 3 2 2 2 1 1 1 1 1 1 1 1 
35 34 24 24 23 19 19 18 16 13 11 11 10 10 9 9 9 8 8 8 7 7 7 5 5 5 5 3 3 3 3 2 2 2 1 1 1 1 1 1 1 1 
34 32 23 23 21 18 18 18 14 13 11 11 10 9 9 8 8 8 8 8 7 7 5 5 5 5 5 3 3 3 3 2 1 1 1 1 1 1 1 
34 32 23 23 21 16 16 15 13 13 11 9 9 9 9 8 8 8 8 8 7 7 5 5 5 4 4 3 2 2 2 2 1 
34 29 23 21 19 16 16 13 13 13 11 9 9 9 9 8 8 8 8 7 7 7 5 5 4 4 4 3 2 2 2 1 1 
30 29 23 20 19 16 15 13 13 11 11 9 9 9 8 8 8 8 7 7 6 6 5 5 4 4 4 3 2 2 1 1 1 
30 28 22 20 18 16 15 13 13 11 11 9 8 8 8 8 8 8 7 7 6 6 5 5 4 4 3 2 2 1 1 1 1 
29 28 21 20 18 16 15 13 13 11 11 8 8 8 8 8 8 8 7 6 6 5 5 4 4 4 3 2 2 1 1 1 1 
28 28 21 20 17 15 15 13 13 11 11 8 8 8 8 8 8 7 7 6 6 5 4 4 4 3 3 2 2 1 1 1 
28 24 21 20 17 15 13 13 13 11 11 8 8 8 8 8 8 7 7 6 5 5 4 4 4 3 2 2 2 1 1 1 
27 23 20 19 15 12 12 12 12 10 10 8 8 8 8 8 7 7 5 5 5 5 4 4 3 2 2 2 2 1 1 1 
27 22 18 18 14 12 12 12 11 9 8 8 8 8 8 7 7 6 5 5 5 4 4 4 3 2 2 2 1 1 1 1 
25 22 18 17 14 12 12 12 11 9 8 8 8 8 8 7 7 6 5 5 4 4 4 3 2 2 1 1 1 1 1 1 
25 22 17 17 14 12 12 12 11 9 8 8 8 8 6 6 6 6 5 5 4 4 4 3 2 1 1 1 1 1 1 1 
24 22 17 16 13 12 12 12 11 9 8 8 8 7 6 6 6 5 5 5 4 3 2 2 2 1 1 1 1 1 
24 22 17 16 13 12 11 10 10 9 8 8 8 7 6 6 6 5 5 3 3 3 2 2 2 1 1 1 1 
24 22 16 15 13 12 11 10 9 9 8 8 8 7 6 6 5 5 5 3 2 2 2 2 2 1 1 
24 22 16 15 13 12 11 9 9 8 8 8 8 7 6 6 5 5 5 3 2 2 2 2 1 1 1 
24 21 16 15 13 12 11 9 8 8 8 8 8 6 6 5 4 4 4 2 2 2 2 2 1 1 
24 21 16 15 13 10 9 9 8 8 8 8 8 6 5 5 4 4 4 2 2 2 2 2 1 1 
21 21 15 14 12 10 9 9 8 8 8 8 8 6 5 4 4 3 3 2 2 2 1 1 1 1 
21 19 15 14 12 10 9 8 8 8 8 8 8 5 5 4 4 3 2 2 2 2 1 1 
21 18 15 14 12 10 9 8 8 8 8 8 8 5 4 4 3 3 2 2 1 1 1 
21 18 15 13 12 9 9 8 8 8 8 8 5 5 4 3 3 3 2 2 1 1 1 
21 16 15 13 11 9 9 8 8 8 7 7 5 4 4 3 3 2 2 2 1 
21 16 15 13 11 9 9 8 8 7 7 7 4 4 4 3 2 2 2 1 1 
20 14 14 11 11 9 9 8 8 7 6 5 4 4 4 3 2 2 1 1 1 
19 13 13 11 11 9 8 8 8 7 5 5 4 4 4 2 2 2 1 1 1 
19 13 13 11 11 9 8 8 7 7 5 5 4 4 4 2 2 2 1 1 1 
19 13 13 11 8 8 8 8 7 7 5 5 4 4 2 2 2 2 1 1 
19 13 11 9 8 8 8 8 7 7 5 5 4 4 2 2 2 2 1 1 
17 13 11 9 8 8 8 8 7 6 5 5 4 4 2 2 2 1 
17 13 11 9 8 8 8 7 6 5 5 5 4 3 2 2 2 1 
17 13 11 9 8 8 8 7 6 5 5 5 4 3 2 2 2 1 
16 13 11 9 8 8 8 7 5 5 5 4 3 3 2 2 1 
16 13 10 9 8 8 7 5 5 5 5 4 3 3 2 2 1 
16 13 10 9 8 8 7 5 5 5 5 4 3 3 2 1 1 
16 13 9 9 8 8 6 5 5 5 4 4 3 3 2 1 1 
16 13 9 9 8 7 6 5 5 4 4 4 3 3 2 1 1 
15 12 9 9 8 7 6 5 5 4 4 3 3 3 2 1 1 
15 12 9 9 8 7 6 5 5 4 3 3 3 3 1 1 
15 12 9 9 8 7 6 5 5 4 3 3 2 2 1 1 
14 12 9 9 8 6 6 4 3 2 2 2 2 1 1 
14 11 9 9 8 6 6 3 2 2 2 2 2 1 1 
14 11 9 7 7 5 5 2 2 2 2 2 1 1 1 
13 10 9 7 6 5 4 2 2 2 2 2 1 
13 10 8 7 5 3 2 2 2 2 1 1 1 
12 10 8 7 5 3 2 2 2 2 1 1 1 
11 10 8 7 5 2 2 2 2 2 1 1 
10 10 8 6 5 2 2 2 2 2 1 1 
10 10 8 6 3 2 2 2 2 2 1 1 
10 9 8 6 3 2 2 2 2 2 1 
10 9 8 6 2 2 2 2 2 2 1 
10 8 7 6 2 2 2 2 2 2 1 
10 8 7 6 2 2 2 2 2 1 1 
10 8 6 6 2 2 2 2 2 1 1 
10 8 6 6 2 2 2 2 2 1 1 
10 8 6 5 2 2 2 2 2 1 1 
10 8 6 4 2 2 2 2 1 1 1 
10 8 6 4 2 2 2 1 1 1 1 
9 8 6 4 2 2 2 1 1 1 1 
9 8 5 3 2 2 2 1 1 1 1 
8 7 5 3 2 2 2 1 1 
8 7 5 3 2 2 2 1 1 
7 6 5 3 2 2 2 1 1 
7 6 5 3 2 2 1 1 
7 5 5 3 2 2 1 
6 5 4 3 2 2 1 
6 5 3 3 2 2 1 
6 5 3 3 2 2 1 
6 4 3 3 2 2 1 
6 4 3 3 2 2 1 
6 4 3 3 2 2 
5 4 3 3 2 1 
5 4 3 1 1 1 
5 3 3 1 1 1 
5 3 3 1 1 1 
5 3 2 1 
5 3 1 
5 3 1 
5 3 1 
5 2 1 
5 2 1 
5 2 1 
5 2 1 
5 1 1 
4 1 1 
4 1 1 
4 1 
4 1 
4 1 
4 1 
4 1 
4 1 
4 1 
4 1 
3 1 
3 1 
3 1 
3 1 
2 1 
2 1 
2 1 
2 1 
2 1 
2 1 
2 1 
2 1 
2 
2 
2 
2 
2 
2 
2 
1 
1 
1 
1 
1 
1 
1 
1 
1 
