170 151 149 147 136 124 117 117 115 112 110 108 108 107 101 100 92 89 89 81 81 81 80 79 78 76 72 67 63 59 55 55 55 55 55 55 54 52 50 50 47 47 45 45 45 43 41 41 41 38 37 37 35 35 33 33 32 31 30 29 29 29 29 28 28 26 26 26 26 26 24 23 21 20 17 17 17 17 17 17 17 16 15 15 15 15 14 14 14 14 14 14 14 14 13 12 11 10 10 10 10 10 9 9 9 9 9 9 9 8 8 8 8 8 8 8 8 8 8 8 8 6 6 5 3 3 3 3 3 3 3 3 3 3 2 2 2 1 1 1 1 1 1 1 1 1 
139 134 123 122 115 112 112 111 108 104 99 96 96 93 92 89 82 73 72 72 70 70 69 66 65 65 63 63 59 55 52 52 50 49 49 47 47 46 46 45 44 43 43 43 42 42 40 40 35 34 30 28 27 26 24 23 22 22 22 20 20 20 20 20 18 18 17 17 17 17 17 17 17 17 17 17 17 16 16 16 14 14 13 13 13 13 12 12 12 11 11 11 11 9 9 9 9 9 9 9 9 9 9 8 8 7 7 6 6 6 6 6 6 5 5 5 5 4 4 4 4 4 4 3 3 3 3 3 1 1 1 1 1 1 1 1 1 1 1 1 1 1 1 1 
138 129 120 116 114 110 96 92 92 91 90 89 86 86 86 85 72 72 72 71 67 66 63 62 53 53 53 53 53 50 49 49 49 49 46 45 44 44 44 44 39 36 36 36 34 34 34 32 32 32 30 28 26 22 22 22 22 21 21 20 20 20 20 19 18 17 17 17 17 17 17 16 16 16 16 15 15 14 14 14 13 13 13 13 10 10 10 10 9 9 9 9 9 9 9 9 9 9 9 9 8 7 7 7 6 6 5 5 5 5 5 5 5 5 5 5 4 4 4 4 3 2 2 2 1 1 1 1 1 1 1 1 1 1 1 1 1 1 1 1 
131 128 118 110 108 106 93 91 88 88 88 88 86 84 77 77 72 71 67 66 60 56 53 51 51 50 49 49 48 48 48 46 43 42 42 41 41 38 38 37 34 34 33 33 32 31 30 29 29 29 28 26 24 22 22 22 21 20 20 20 20 19 19 19 18 17 17 17 17 16 13 13 13 13 13 13 13 13 12 12 11 9 9 9 9 9 9 9 9 9 9 9 9 9 9 8 7 7 6 6 6 6 6 6 5 5 5 5 5 5 4 4 4 4 4 4 3 3 2 2 1 1 1 1 1 1 1 1 1 1 1 1 1 1 1 1 1 1 1 1 
130 126 116 110 107 100 92 88 88 87 87 78 74 73 70 68 68 68 66 65 59 56 51 51 51 50 49 47 47 46 46 43 40 39 39 37 36 35 34 33 32 32 31 31 31 31 29 29 29 27 26 25 24 22 22 21 20 20 20 20 20 16 16 16 16 16 16 16 14 14 13 13 13 13 13 13 13 11 10 10 10 9 9 9 9 9 9 8 8 7 7 6 6 5 5 5 5 5 5 5 5 5 5 5 5 5 5 5 5 3 3 3 3 3 3 3 3 2 2 2 1 1 
129 125 114 109 97 97 90 88 87 85 82 75 69 64 64 64 64 62 62 57 55 53 50 50 48 46 46 44 44 44 41 38 38 38 37 35 35 33 33 32 32 29 29 27 26 24 24 24 20 19 18 17 17 17 17 17 17 17 16 16 16 16 15 15 13 11 11 11 10 10 10 10 10 10 9 9 9 9 9 9 9 9 8 8 8 7 7 7 6 6 5 5 5 5 5 5 5 5 5 5 5 5 4 4 4 4 4 4 4 2 2 2 2 2 2 2 2 1 
128 115 109 107 97 94 90 88 86 83 80 73 63 63 62 62 62 62 60 57 55 49 49 48 47 44 44 44 41 41 41 38 38 36 33 33 31 31 31 28 25 24 24 24 24 24 24 20 19 16 16 16 16 16 16 16 16 16 15 14 14 14 14 14 11 11 11 10 10 10 10 10 10 8 8 8 8 8 8 8 7 7 6 6 6 6 6 6 6 5 5 5 5 5 5 4 4 4 4 4 4 4 4 4 4 3 3 3 3 2 2 2 2 2 1 1 1 1 
126 114 108 102 93 93 83 82 81 77 77 73 63 62 61 59 57 57 56 56 52 49 48 46 42 42 42 42 41 40 39 36 36 33 33 32 31 31 30 28 25 24 24 24 24 23 18 18 17 16 16 16 16 16 15 14 14 14 14 14 14 13 13 12 11 11 10 10 10 9 9 9 8 8 8 8 8 8 8 7 7 7 6 6 6 6 5 5 5 5 4 4 4 4 4 4 4 4 4 4 4 4 4 3 3 3 3 2 1 1 1 1 1 1 1 1 1 
119 113 101 97 88 86 81 81 80 77 75 64 62 62 61 56 56 56 55 53 50 48 48 45 42 41 40 38 38 38 36 36 33 32 30 30 30 28 28 28 24 24 24 23 22 21 18 16 16 16 16 16 16 16 15 14 14 14 14 13 12 12 12 12 11 10 10 10 9 9 9 8 8 8 8 8 7 7 7 7 6 6 6 6 6 6 5 4 4 4 3 3 3 3 3 3 3 3 3 3 3 3 3 2 2 2 2 2 1 1 1 1 1 1 
115 110 98 93 85 83 80 77 75 73 71 64 59 58 57 56 52 51 51 50 47 47 47 45 42 39 39 38 37 36 36 35 32 31 30 30 30 28 28 26 24 22 22 21 21 19 18 16 16 15 15 15 15 15 15 14 14 13 13 13 12 12 12 12 10 10 10 9 9 9 8 8 8 8 8 8 7 7 6 5 5 5 5 5 4 4 4 4 4 3 3 3 3 3 2 2 2 2 2 2 2 1 1 1 1 1 1 1 1 1 1 
113 101 94 83 83 83 80 72 70 70 68 63 59 55 55 51 50 48 48 45 44 44 44 43 40 39 38 37 37 31 31 31 30 29 29 29 28 27 25 22 22 20 20 19 19 19 18 16 15 13 13 13 13 11 11 11 11 11 11 10 10 10 10 10 10 10 9 9 8 8 8 8 7 7 7 6 6 6 6 5 5 5 5 5 4 4 3 3 3 3 3 2 2 2 2 2 2 2 2 2 1 1 1 1 1 1 1 1 1 
113 99 87 83 83 80 74 70 69 63 63 63 54 54 50 47 46 46 46 44 44 38 38 38 38 38 35 35 35 31 31 30 30 29 27 26 26 25 22 21 20 20 20 18 17 17 17 15 15 13 13 12 12 11 11 11 11 11 11 10 9 9 9 8 8 8 8 8 8 7 7 7 7 7 7 6 6 6 5 5 5 4 3 3 3 3 3 3 3 3 2 2 2 2 2 2 2 2 2 1 1 1 1 1 1 1 1 1 
110 99 87 82 79 74 73 70 69 63 61 59 54 54 47 47 46 46 46 41 41 38 37 37 34 34 34 34 33 31 31 29 29 28 27 25 25 25 22 20 20 19 19 18 17 17 15 15 14 13 12 11 11 11 11 11 11 11 10 10 9 8 8 8 8 8 7 7 7 7 7 7 7 7 5 5 5 5 5 4 4 4 3 3 3 3 3 2 2 2 2 2 2 2 2 2 1 1 1 1 1 1 1 1 1 
105 94 82 78 77 73 73 70 66 63 59 53 51 51 46 46 44 42 40 39 39 34 33 33 32 31 31 31 31 31 30 29 29 28 25 25 25 25 21 20 20 19 18 17 16 15 15 13 13 13 12 11 11 11 11 11 11 11 9 8 8 8 8 8 7 7 7 7 7 7 6 6 6 6 5 5 5 5 4 2 2 2 2 2 2 2 2 1 1 1 1 1 1 1 1 1 1 1 1 1 1 1 1 1 1 
99 88 75 74 72 69 68 67 66 60 58 53 51 49 46 45 44 42 39 39 39 33 32 32 31 31 31 31 31 30 29 29 27 27 25 25 25 24 21 20 18 17 17 15 14 14 14 13 13 13 11 11 11 11 11 11 11 10 8 8 8 8 8 8 7 7 7 6 6 6 6 6 6 5 5 5 4 3 3 2 2 2 2 2 1 1 1 1 1 1 1 1 1 1 1 1 1 1 1 1 1 1 1 
92 86 73 72 69 68 66 64 64 59 58 51 48 48 46 43 41 40 39 37 35 32 32 31 31 31 31 30 30 29 28 28 26 25 25 25 23 22 20 19 16 16 16 14 14 13 13 13 13 11 11 11 11 11 10 9 9 9 8 8 8 8 7 7 7 7 7 6 6 5 5 5 5 5 5 4 4 2 2 2 1 1 1 1 1 1 1 1 1 1 1 1 1 1 1 1 1 1 1 1 
82 82 71 68 66 65 64 61 61 59 54 51 48 47 45 39 39 39 37 36 33 32 31 31 30 30 29 29 29 26 26 25 24 23 23 23 22 22 19 18 16 16 16 14 14 13 13 12 12 11 11 11 11 10 10 9 8 8 8 8 8 8 7 7 7 7 6 5 5 5 5 5 5 4 4 4 4 2 1 1 1 1 1 1 1 1 1 1 1 1 1 1 1 1 1 1 
80 79 65 65 64 64 62 60 59 57 53 51 45 45 42 39 39 38 37 35 33 31 31 30 30 30 28 27 25 25 25 24 23 23 23 22 21 21 18 17 16 16 16 14 14 13 13 12 11 11 11 11 11 10 9 8 8 8 8 8 7 7 7 7 7 6 6 5 5 4 4 3 3 3 3 2 2 1 1 1 1 1 1 1 1 1 1 1 1 1 1 1 1 1 1 1 
77 77 65 64 63 63 61 59 57 55 53 51 45 45 42 35 34 34 34 34 33 31 29 28 28 28 26 26 25 25 25 23 22 22 20 20 20 19 18 17 16 16 15 13 13 13 12 11 11 11 11 11 11 9 9 8 8 8 8 8 7 7 7 7 5 5 5 5 3 2 2 2 2 2 2 2 2 1 1 1 1 1 1 1 1 1 1 1 1 1 1 1 1 1 
77 76 65 64 63 61 61 58 54 53 53 48 43 42 40 34 34 33 30 30 30 29 29 28 26 26 26 25 25 24 24 23 22 22 20 19 19 18 17 16 16 15 15 13 12 12 12 11 11 11 11 9 8 8 8 8 8 8 7 7 5 5 4 4 4 3 3 3 2 2 2 2 2 2 2 2 1 1 1 1 1 1 1 1 1 1 1 1 1 1 1 1 1 1 
75 74 64 64 62 58 58 48 48 48 48 47 42 42 35 34 34 33 29 29 28 27 27 27 25 25 25 25 23 22 22 22 21 21 19 19 19 18 17 16 16 14 13 12 12 11 11 11 9 9 9 8 8 8 8 7 7 6 6 5 5 5 4 4 4 3 3 2 2 2 2 2 1 1 1 1 1 1 1 1 1 1 1 1 1 1 1 1 1 1 1 1 
75 73 64 63 60 58 57 48 48 48 48 47 42 42 35 33 32 32 29 29 27 27 27 27 25 24 24 23 23 22 22 21 20 19 19 19 15 15 15 15 15 14 12 12 12 11 11 11 9 9 8 8 8 8 7 7 7 6 6 5 5 4 4 4 4 3 3 2 2 2 2 1 1 1 1 1 1 1 1 1 1 1 1 1 1 1 1 1 1 
73 73 64 63 60 57 51 48 48 48 46 42 42 41 35 33 30 30 29 27 27 27 27 26 24 23 23 23 21 21 20 19 19 19 19 16 15 15 15 15 15 14 12 12 12 10 10 10 9 9 8 7 7 6 6 6 5 5 5 4 4 4 3 3 3 3 3 2 2 2 1 1 1 1 1 1 1 1 1 1 1 
71 71 64 63 55 53 51 48 48 47 45 42 42 39 33 32 30 28 28 27 27 24 24 24 23 23 22 22 21 20 19 19 18 16 16 15 15 15 15 15 15 12 11 10 9 9 8 7 7 7 6 6 5 5 5 5 4 4 4 4 4 4 3 3 3 2 2 2 2 1 1 1 1 1 1 
71 71 62 62 55 51 51 48 48 46 42 40 37 35 33 29 29 28 26 26 26 24 24 24 23 23 21 21 20 18 17 17 17 16 16 15 15 15 15 15 12 12 11 10 9 9 8 7 7 6 6 5 5 5 5 4 4 4 4 4 4 4 3 3 3 2 2 2 2 1 1 1 1 
71 71 61 60 54 51 48 47 46 45 41 37 37 35 32 29 29 27 26 26 24 24 23 23 21 21 20 19 19 17 17 17 16 16 16 15 15 15 14 13 12 12 11 7 7 7 7 7 6 5 5 5 5 4 4 4 4 4 4 4 4 3 3 2 2 2 1 1 1 1 1 1 1 
71 70 61 59 51 49 48 47 43 42 39 37 36 33 31 29 29 27 26 23 23 23 22 22 21 20 20 18 17 17 16 16 16 16 15 15 14 14 14 13 12 10 10 7 7 7 7 7 6 5 5 5 5 4 4 4 3 3 3 3 3 3 2 2 1 1 1 1 1 
71 63 58 55 51 49 46 45 40 40 37 36 33 33 29 26 26 26 24 23 23 23 22 22 21 20 18 18 16 16 16 16 15 15 13 13 13 10 10 10 10 10 10 7 7 7 7 6 6 5 5 5 4 4 3 2 2 2 2 2 2 2 2 2 1 1 1 1 1 
69 63 58 55 49 49 46 45 39 39 37 36 33 30 28 26 26 25 22 22 22 22 21 21 20 20 18 18 16 16 15 15 15 15 13 11 11 10 10 9 9 9 9 7 7 7 7 6 6 5 5 5 4 3 3 2 2 2 2 2 2 2 2 1 
68 61 57 53 49 48 44 43 38 38 36 31 31 27 26 25 25 25 22 22 21 21 21 21 20 20 17 17 16 16 15 15 14 13 12 11 11 10 10 9 9 9 8 7 7 5 5 5 5 5 5 5 4 3 3 2 2 2 1 1 1 1 1 
67 59 56 53 48 46 44 42 38 38 36 31 31 26 25 24 24 24 22 21 21 21 19 18 18 16 16 16 16 16 14 13 13 13 11 11 11 10 10 9 9 9 8 7 6 5 5 5 4 4 4 4 4 2 2 2 2 2 1 1 1 1 
65 57 56 49 46 45 42 40 37 37 34 29 29 25 25 24 24 24 22 21 20 19 18 18 18 16 16 16 15 15 14 13 11 11 11 10 9 9 9 9 9 8 8 7 6 5 5 5 4 4 4 3 3 2 2 2 2 2 1 1 
63 52 52 48 46 45 42 38 37 37 33 29 29 25 25 24 24 22 22 21 19 19 18 17 17 16 16 14 13 13 13 12 11 10 8 8 8 8 8 8 8 7 7 6 6 5 5 5 4 4 4 3 3 2 2 1 1 1 
61 52 48 45 44 44 41 38 37 34 32 29 29 25 25 24 24 22 22 21 17 17 15 15 14 14 14 14 13 13 11 11 11 8 8 8 8 7 7 7 7 7 7 6 5 5 3 3 3 3 3 3 2 2 1 1 1 1 
61 52 48 44 42 42 41 38 37 30 29 28 28 25 25 24 20 20 20 20 16 16 15 14 14 14 13 13 13 12 11 10 8 8 7 7 7 7 7 6 6 5 5 4 3 3 3 3 3 3 3 3 2 1 1 1 1 
55 51 48 43 41 40 36 36 36 30 29 28 25 24 23 23 20 20 19 19 16 16 14 14 13 13 13 13 12 10 10 10 8 7 7 7 7 7 6 6 5 5 5 3 3 3 3 3 3 3 1 1 1 1 1 
55 51 46 43 41 39 36 35 32 29 28 28 24 23 23 22 20 20 19 19 16 14 14 14 13 13 12 11 11 10 10 9 8 7 7 7 7 7 5 5 5 4 3 3 3 3 3 3 2 2 1 1 1 1 1 
50 49 46 43 38 38 36 35 32 29 27 27 24 23 21 19 19 19 19 18 16 14 14 14 13 13 11 11 11 9 8 8 8 7 7 7 7 7 5 5 5 3 3 3 3 3 3 3 2 2 1 
50 49 46 42 38 36 35 34 32 28 27 27 24 22 19 19 19 19 19 18 15 14 14 14 13 11 11 10 10 8 8 7 7 7 6 6 6 6 5 5 3 3 3 3 3 3 2 2 1 1 
50 47 46 42 38 35 35 32 32 28 27 26 23 22 19 19 19 19 17 16 14 14 13 12 12 10 10 10 9 8 8 7 7 6 6 6 6 6 5 4 3 3 3 3 1 1 1 1 1 1 
50 47 43 40 36 35 35 32 31 27 27 24 21 20 19 19 18 18 16 14 14 13 12 11 10 10 10 9 9 8 8 7 6 6 6 6 4 3 3 3 3 3 3 2 1 1 1 1 
49 46 42 38 34 34 34 32 31 27 26 24 19 19 19 19 18 15 14 13 13 12 11 11 9 9 9 9 9 8 7 7 6 6 6 5 3 3 3 3 3 2 2 
48 46 42 38 34 34 34 30 29 27 25 24 19 19 18 17 17 15 14 13 13 11 10 10 9 9 9 9 9 7 7 7 6 6 4 3 3 3 2 2 2 2 1 
48 41 39 37 34 34 31 29 27 27 24 24 19 19 17 17 17 14 13 11 10 10 9 9 9 9 8 8 8 7 7 7 6 6 3 3 3 2 2 1 1 1 1 
47 41 39 37 34 32 30 29 27 26 24 23 19 19 17 17 16 14 13 10 10 10 9 9 9 9 7 7 7 7 6 6 6 6 3 3 3 2 2 1 1 
46 41 38 36 34 32 29 25 25 25 23 23 19 18 17 16 15 13 12 10 10 9 9 9 8 8 7 7 7 6 6 6 6 5 3 3 2 2 1 1 
44 39 36 35 34 32 27 25 25 24 23 22 18 18 17 15 15 13 12 10 9 9 9 8 8 8 7 7 7 6 6 6 5 5 3 2 2 2 1 1 
44 36 36 34 33 32 26 25 25 24 22 22 18 18 16 15 14 13 11 10 9 9 8 8 7 7 7 7 7 6 6 5 5 3 2 1 1 
43 36 36 33 33 30 26 25 25 24 22 19 18 16 16 15 14 11 11 10 9 8 8 7 7 7 7 7 6 5 5 5 5 3 1 1 
43 36 35 33 32 29 23 22 22 22 22 19 18 16 14 14 12 11 11 9 9 8 8 7 7 7 6 6 5 5 5 4 4 3 1 1 
41 35 35 33 32 29 23 22 22 22 21 18 18 16 14 13 11 10 10 9 9 8 8 7 7 7 6 6 5 5 4 4 3 1 1 1 
41 35 35 33 30 28 23 22 21 20 19 18 17 13 13 13 11 10 10 8 8 8 8 7 7 6 5 5 4 4 4 4 3 1 1 1 
41 35 33 32 29 28 23 22 21 20 18 17 15 13 13 13 11 10 9 8 8 8 7 7 5 5 4 4 4 4 3 3 3 1 1 
41 35 32 29 29 23 21 21 21 18 18 16 14 13 13 13 11 9 8 8 8 8 7 6 4 4 4 4 4 3 3 3 3 1 1 
40 34 32 28 28 23 21 21 19 18 16 16 14 13 13 13 10 8 8 8 8 7 7 6 4 4 4 4 4 3 3 3 2 1 1 
40 32 32 27 27 22 21 19 18 18 16 16 14 13 13 12 10 8 8 8 7 7 7 6 4 4 4 4 3 3 3 2 2 1 
40 32 27 27 26 21 19 18 17 17 16 15 13 13 12 11 10 8 8 8 7 6 6 6 4 4 4 3 3 3 3 2 2 1 
38 32 24 24 23 21 18 18 17 17 14 14 12 12 12 11 10 8 8 7 6 6 5 5 4 4 3 3 3 3 3 2 2 1 
38 31 24 23 23 21 18 17 16 16 14 13 12 12 11 10 7 7 7 7 6 5 5 4 4 4 3 3 3 3 2 2 1 1 
38 31 21 21 21 21 17 17 16 16 14 13 11 11 11 10 7 7 6 5 5 5 5 4 4 3 3 2 2 2 2 2 
38 31 21 21 21 18 16 16 16 14 14 13 11 9 8 8 7 7 6 5 4 4 4 4 4 2 2 2 2 2 1 1 
33 30 21 20 19 17 16 16 16 14 14 11 11 9 8 8 6 6 6 5 4 4 4 4 3 2 2 2 2 1 1 
33 28 21 19 18 17 16 16 16 14 11 11 8 8 6 6 6 5 5 5 4 4 3 3 3 2 2 2 2 1 1 
32 27 19 18 18 17 16 15 14 14 11 10 8 8 6 6 5 5 5 5 3 3 3 3 3 2 2 2 1 
32 26 18 18 18 17 16 14 14 13 9 8 8 6 6 5 5 5 5 4 3 3 3 3 3 2 2 1 1 
30 26 18 17 16 16 15 14 13 13 9 8 8 6 5 4 4 4 4 4 3 3 3 3 3 2 2 
28 23 18 17 14 14 14 14 12 12 9 8 7 6 5 4 4 4 4 4 3 3 3 3 3 1 1 
26 23 18 17 14 13 13 13 11 11 9 8 6 5 4 4 4 4 4 4 3 3 3 3 2 1 1 
26 23 18 17 13 13 13 13 11 11 8 8 6 5 4 4 4 4 4 3 2 2 1 1 1 1 1 
25 23 17 17 13 13 12 12 11 11 8 8 5 4 4 4 4 4 4 3 1 1 1 1 1 1 1 
24 23 17 16 13 13 12 12 10 10 8 6 5 4 4 4 4 4 3 3 1 1 1 1 1 
23 21 16 16 13 13 12 12 10 10 6 6 5 4 4 4 4 4 3 3 1 1 1 1 1 
22 21 16 16 13 13 12 12 10 9 6 6 5 4 4 4 4 3 3 3 1 1 1 1 
22 21 16 16 13 12 12 10 9 9 6 6 5 4 4 4 3 3 3 3 1 1 1 
22 18 16 16 13 12 12 9 9 9 6 6 5 4 4 3 3 3 3 2 1 1 1 
22 18 16 16 13 11 11 9 9 9 6 6 5 4 3 3 3 3 3 2 1 1 
22 18 16 14 13 11 11 9 9 8 6 5 4 4 3 3 3 3 3 2 1 1 
21 18 16 14 12 11 11 9 9 5 5 5 4 3 3 3 3 3 2 2 1 1 
20 18 16 14 12 11 11 9 8 5 5 5 3 3 3 3 3 2 2 2 1 
20 18 16 14 12 10 9 9 8 5 5 5 3 3 3 3 2 2 2 1 1 
20 17 16 12 11 9 9 9 7 5 5 5 3 3 1 1 1 1 1 1 
20 17 15 12 11 9 9 9 7 5 5 5 3 2 1 1 1 1 1 1 
20 16 15 12 11 9 9 8 5 5 5 5 3 2 1 1 1 1 1 1 
20 15 14 12 11 9 8 8 5 5 5 3 3 2 1 1 1 
20 14 14 12 11 9 8 7 5 5 5 3 3 1 1 
19 14 14 12 10 9 8 7 5 5 4 3 2 1 1 
19 14 14 12 9 8 8 7 5 4 4 3 2 1 1 
18 14 13 12 9 7 7 7 5 4 4 3 1 1 1 
17 14 12 12 9 7 7 6 5 4 4 1 1 1 1 
17 14 12 11 7 7 6 6 5 4 4 1 1 1 1 
16 14 12 11 7 7 6 6 4 4 4 1 1 1 1 
16 14 11 10 7 6 5 5 4 4 3 1 1 1 1 
16 13 10 7 7 6 5 5 4 3 3 1 1 1 
15 13 9 7 7 5 5 5 4 3 3 1 1 1 
15 13 8 7 7 5 5 4 4 3 3 1 1 1 
14 13 8 7 6 5 5 4 4 3 3 1 1 1 
13 13 7 7 5 5 4 4 3 3 3 1 1 1 
13 12 7 7 5 5 4 4 3 3 3 1 1 
13 12 7 7 5 5 4 3 3 3 3 1 1 
13 12 7 7 5 5 4 3 3 2 2 1 1 
13 12 7 7 5 4 4 3 3 2 2 1 1 
12 10 7 7 5 4 4 3 3 2 1 
12 10 7 7 5 4 3 3 2 2 1 
12 8 7 6 5 4 3 3 2 2 1 
12 8 6 6 5 4 3 3 2 2 
11 7 6 6 5 4 3 2 2 1 
11 6 6 5 5 3 3 2 2 
11 6 6 5 5 3 2 2 
11 6 5 5 5 3 2 1 
11 6 5 5 5 3 2 1 
10 5 5 5 4 2 2 1 
9 5 5 5 4 2 2 1 
9 5 5 5 4 2 2 1 
9 5 5 5 4 2 2 
8 5 5 4 4 2 2 
7 5 5 4 4 2 2 
7 5 5 4 4 2 1 
7 5 5 4 4 2 1 
7 5 5 4 4 2 1 
7 5 4 4 3 1 1 
7 5 4 4 2 1 1 
7 5 4 4 2 1 1 
6 4 4 3 2 1 1 
4 4 4 3 1 1 1 
4 4 4 3 1 1 1 
4 4 4 2 1 1 1 
4 4 4 1 1 
4 4 4 1 1 
4 4 3 1 1 
4 3 3 1 1 
4 3 3 1 1 
4 3 3 1 1 
3 3 3 1 1 
3 3 3 1 1 
3 3 3 1 
3 2 2 1 
3 2 2 1 
3 2 2 1 
3 2 1 1 
3 1 1 1 
3 1 1 1 
2 1 1 1 
2 1 1 1 
1 1 1 1 
1 1 1 
1 1 1 
1 1 1 
1 1 1 
1 1 1 
1 1 
1 1 
1 1 
1 
1 
1 
1 
1 
1 
1 
1 
1 
1 
1 
1 
1 
