176 151 150 138 137 124 121 121 117 115 110 102 101 99 96 95 92 90 87 86 86 83 75 73 72 72 71 70 70 70 69 68 63 63 63 60 59 54 54 53 52 52 52 52 51 50 48 48 41 41 41 40 38 38 38 37 36 33 33 33 32 32 32 32 30 30 29 29 29 28 28 27 27 26 26 26 26 25 25 24 23 23 21 19 19 17 17 17 17 17 17 17 17 17 17 17 17 17 16 15 15 12 12 12 11 11 9 9 9 9 9 9 9 9 9 9 9 9 9 9 7 6 6 6 6 6 6 6 6 5 4 4 4 4 4 4 4 3 3 3 3 3 3 3 3 3 3 3 3 3 3 3 3 3 2 2 1 1 1 1 
160 147 129 123 122 120 99 92 91 91 91 91 90 90 90 85 85 82 82 82 82 80 74 72 71 68 65 63 63 63 58 55 53 52 51 49 47 44 44 44 44 41 41 38 38 37 35 35 35 35 35 33 29 27 26 25 25 25 25 24 23 22 22 22 22 22 22 21 20 20 20 19 19 16 16 16 14 14 14 13 13 13 12 12 12 12 12 12 12 12 12 12 11 10 10 10 10 8 8 7 7 7 7 7 7 7 6 6 6 6 6 6 6 6 6 6 6 6 6 6 5 5 5 5 5 4 4 4 4 4 4 4 4 4 4 3 3 3 3 3 3 2 2 2 1 1 1 1 1 1 1 1 1 1 1 1 1 1 1 
131 127 123 115 111 110 93 91 91 90 90 90 87 86 84 84 83 82 81 80 76 69 69 67 64 63 63 61 57 55 54 53 52 47 46 46 46 44 44 41 39 38 37 37 34 33 31 30 27 26 26 25 25 25 25 25 24 23 23 23 22 22 22 21 20 20 19 19 19 17 16 16 15 15 15 14 14 14 14 13 12 11 11 11 11 11 11 11 11 11 11 11 10 8 7 7 7 7 7 7 7 7 6 5 5 5 5 5 5 4 4 4 4 4 4 4 3 3 2 2 1 1 1 1 1 1 1 1 1 1 1 1 1 1 1 1 1 1 1 1 1 1 1 1 1 1 1 1 1 1 
124 116 114 110 110 110 93 91 91 90 89 85 85 83 83 81 81 78 76 72 71 69 67 65 63 59 58 57 47 47 47 46 46 46 46 46 44 42 40 39 38 37 36 34 33 30 28 28 26 25 25 25 25 25 25 25 24 23 20 19 19 18 17 16 16 16 16 16 16 16 15 13 13 13 12 12 12 12 12 12 12 11 9 9 9 9 9 9 9 9 7 6 6 6 6 6 5 5 5 5 5 5 5 5 4 3 2 2 2 2 2 2 2 2 2 2 2 2 2 1 1 1 1 1 1 1 1 1 1 1 1 1 1 1 1 1 1 1 1 1 1 1 1 1 1 1 
122 116 111 110 109 102 91 91 88 88 82 82 82 82 80 78 75 73 70 68 64 63 62 58 58 54 54 53 47 47 46 46 46 44 44 43 43 40 38 37 31 30 28 28 28 28 28 27 26 25 24 23 22 22 21 21 20 20 20 19 19 18 17 16 16 16 16 15 15 15 14 13 12 12 12 11 11 10 10 10 9 9 9 9 9 7 7 7 7 7 6 6 6 5 5 5 4 3 3 3 3 3 3 3 2 2 2 2 2 2 2 2 2 1 1 1 1 1 1 1 1 1 1 1 1 
121 110 109 105 102 99 91 90 88 87 81 81 79 77 76 72 69 66 65 62 61 59 57 53 51 51 48 48 46 42 42 40 39 39 37 36 35 35 31 30 30 29 27 27 27 27 26 25 23 23 23 23 22 21 21 21 20 19 19 18 18 16 16 14 14 13 13 13 13 12 12 12 12 12 12 11 11 10 8 8 8 8 7 7 7 7 6 6 6 6 6 6 5 5 4 4 4 3 3 3 2 2 2 2 2 2 2 1 1 1 1 1 1 1 1 1 1 1 1 1 1 1 1 1 1 
120 107 107 105 102 91 88 88 86 86 81 81 78 77 71 68 60 60 60 58 58 55 52 47 46 46 45 45 44 41 41 39 39 39 37 33 33 30 30 30 28 27 27 27 27 24 24 24 23 23 23 22 21 21 20 19 19 19 18 18 18 16 14 13 12 12 12 12 12 12 11 11 10 10 10 10 10 9 8 8 7 7 7 7 6 6 6 6 6 6 5 5 5 5 4 3 3 3 3 2 2 2 2 1 1 1 1 1 1 1 1 1 1 1 1 1 1 1 1 1 1 1 1 1 1 
112 103 103 102 91 89 87 86 86 84 81 78 75 74 69 64 60 56 52 52 51 51 49 47 46 44 44 43 42 41 39 34 33 33 33 31 29 29 28 28 28 27 27 26 25 24 24 23 22 22 21 19 17 17 17 17 16 15 14 14 13 13 13 13 12 12 11 11 8 8 8 8 7 7 7 7 7 7 7 7 7 6 6 5 5 5 5 5 5 5 5 5 4 4 4 3 3 3 3 2 2 2 1 1 1 1 1 1 1 1 
112 103 102 95 84 84 84 82 81 81 81 74 74 74 65 61 60 55 51 50 48 48 48 45 44 44 44 43 42 41 39 33 33 31 31 29 28 28 27 27 26 25 25 23 23 23 21 18 18 18 18 18 15 15 15 12 12 12 11 10 10 10 10 10 10 10 10 9 8 7 7 7 7 7 7 6 6 5 5 5 5 5 5 5 5 4 4 4 4 4 4 4 4 3 3 3 3 3 2 1 1 1 1 1 1 1 
108 99 96 91 84 84 83 81 78 77 77 74 70 64 60 58 55 54 51 50 48 46 46 45 43 43 43 43 41 39 35 33 33 31 31 28 28 27 26 24 23 22 22 22 22 20 20 16 15 15 14 14 11 11 11 11 11 11 11 10 10 10 10 10 9 9 9 8 8 6 5 5 5 5 5 5 5 5 5 5 5 5 5 5 5 4 4 4 4 4 3 3 3 3 1 1 1 1 1 1 1 1 1 
96 96 94 91 83 81 81 80 77 77 71 71 67 63 59 56 54 51 50 49 46 44 44 43 43 42 40 40 37 37 35 32 32 28 28 28 28 25 25 23 22 22 22 21 20 18 18 16 15 14 13 12 11 11 11 10 10 10 10 10 10 10 9 9 9 8 8 7 7 6 5 5 5 5 5 5 5 5 5 5 5 5 5 5 4 4 3 2 2 2 2 1 1 1 1 1 1 1 1 1 1 1 
96 94 92 89 83 80 80 79 77 75 70 67 62 57 57 55 52 51 48 48 44 44 44 43 42 42 38 38 37 34 34 32 30 28 28 27 26 25 22 22 20 20 17 17 17 17 16 13 13 12 12 12 11 10 10 10 10 10 9 9 8 8 8 8 6 6 6 6 6 5 5 5 5 5 5 5 5 5 5 5 5 4 4 4 3 3 3 2 2 2 2 1 1 1 1 1 1 1 1 1 1 
96 87 86 86 80 80 78 77 73 72 70 65 59 57 55 54 51 48 45 44 44 44 43 40 36 35 35 33 32 32 32 31 29 27 26 25 25 25 22 22 20 18 17 17 17 15 13 13 12 12 10 10 10 10 9 9 9 9 9 9 6 6 6 6 5 5 5 5 5 5 5 5 5 5 5 5 5 5 5 3 2 2 2 2 2 2 2 2 2 1 1 1 1 1 1 1 1 1 1 1 1 
94 86 85 83 78 78 76 75 69 64 64 62 56 56 47 47 47 44 44 44 42 39 39 35 34 34 33 31 30 30 29 25 25 24 24 24 24 24 22 20 20 18 17 15 14 14 13 12 11 11 10 10 8 8 7 7 7 6 6 6 6 6 6 6 5 5 5 5 5 5 5 5 4 4 4 4 4 4 2 2 2 2 2 2 2 2 2 2 1 1 1 1 
91 86 83 76 75 75 73 71 68 64 63 55 55 50 47 47 44 43 42 42 41 39 38 34 30 29 29 28 28 28 27 25 24 24 24 22 22 22 21 20 17 17 16 15 13 13 12 12 11 10 10 10 8 8 6 6 6 6 6 6 5 5 5 5 5 5 5 5 5 5 5 5 4 4 3 3 3 3 2 2 2 2 2 2 2 2 1 1 1 1 1 
91 84 83 73 72 70 69 68 64 64 62 55 53 50 47 47 42 42 42 42 39 36 36 33 30 28 28 28 27 27 27 24 24 24 22 22 20 20 20 18 17 15 15 13 12 12 12 12 11 10 10 10 8 6 6 6 6 6 6 6 5 5 5 5 5 5 5 5 5 5 5 4 3 3 3 2 2 2 2 2 2 2 2 2 2 1 1 1 
89 84 82 72 69 68 68 64 61 59 56 55 51 50 47 46 42 41 39 39 36 34 33 30 30 28 28 28 27 24 23 23 22 22 21 20 20 18 16 16 16 15 14 13 12 12 11 11 11 9 9 9 8 6 6 6 6 6 6 6 5 5 5 5 5 5 5 5 5 5 3 3 2 2 2 2 2 2 2 2 2 2 2 2 1 
89 77 77 71 65 65 59 59 57 51 50 50 48 46 46 42 42 39 39 34 33 32 30 30 28 25 25 25 24 23 23 21 19 18 18 17 17 16 16 16 12 12 12 11 11 11 10 9 9 9 8 8 7 6 6 6 6 6 5 5 5 5 5 5 5 5 5 5 4 4 3 3 2 2 2 2 2 2 1 1 1 1 1 1 
89 77 77 70 65 65 59 57 56 51 50 50 48 46 44 42 41 39 38 34 31 30 28 25 25 25 25 24 24 21 21 21 17 17 17 17 16 16 15 13 12 12 11 8 8 7 7 7 7 7 7 7 6 6 6 6 5 5 5 5 5 5 5 5 5 5 3 3 3 2 2 2 2 1 1 
87 76 73 69 62 57 55 53 53 51 50 49 47 45 43 40 40 37 35 33 31 26 26 25 25 24 24 23 21 21 19 17 17 16 15 14 13 12 12 12 12 11 10 8 7 7 7 5 5 5 5 5 5 5 5 5 5 5 5 5 5 5 5 5 3 3 2 2 2 1 1 1 1 1 
86 74 71 69 60 54 53 52 51 51 48 47 43 43 37 37 37 37 35 32 30 26 24 24 24 24 23 22 21 19 19 17 17 15 15 14 13 12 12 12 10 10 9 7 7 7 7 5 5 5 5 5 5 5 5 5 5 5 5 5 4 4 4 4 3 2 2 2 2 1 
82 73 70 68 59 54 52 51 50 49 48 47 43 36 35 35 35 35 34 29 27 25 24 24 24 23 22 17 17 17 17 16 14 13 13 13 13 12 11 11 10 10 6 6 6 6 6 5 5 5 5 5 5 5 5 5 5 5 5 5 4 4 3 3 
79 73 69 59 58 53 52 49 47 47 46 43 41 36 35 35 35 35 32 28 27 25 24 24 24 22 21 17 16 16 16 16 13 13 13 13 13 12 11 11 9 9 6 6 6 5 5 5 5 5 5 5 5 5 5 5 5 5 5 4 4 4 3 1 
78 70 69 57 56 53 52 49 47 47 43 42 41 35 35 35 34 34 31 28 26 25 24 23 23 21 20 17 16 14 14 13 13 13 13 13 12 10 10 9 9 8 6 5 5 5 5 5 5 5 5 5 5 5 5 5 5 5 4 3 3 2 2 
75 69 68 57 54 52 50 47 47 41 41 40 38 35 35 34 34 32 31 28 26 24 24 23 23 21 19 17 16 14 13 13 13 13 13 11 11 10 8 8 8 7 6 5 5 5 5 5 5 5 5 5 4 4 4 3 3 3 3 3 2 2 2 
74 69 66 56 52 50 46 46 46 39 38 38 38 35 35 34 31 30 29 26 23 23 22 21 21 20 19 16 15 14 13 12 12 12 11 10 10 9 8 6 6 5 5 5 5 5 5 5 5 5 5 4 4 4 3 3 3 3 3 2 1 
73 68 59 56 52 49 46 43 43 38 38 37 36 35 35 33 31 27 25 23 22 22 22 20 20 18 18 15 15 14 13 11 11 11 10 10 10 9 8 6 6 5 5 5 5 5 5 5 5 5 4 4 4 4 3 2 1 1 1 1 1 
72 67 52 52 50 48 45 43 41 38 37 36 35 34 34 30 30 25 24 21 21 21 19 19 19 18 15 14 13 13 12 11 11 10 10 9 9 9 8 6 6 5 5 5 5 5 5 5 5 5 4 4 4 3 3 2 1 1 1 1 
72 65 52 51 49 48 44 43 41 37 35 35 35 34 30 28 27 21 20 18 18 18 17 16 16 16 14 14 12 12 10 10 8 8 8 8 7 7 6 6 5 5 5 5 5 5 5 5 5 4 4 4 4 3 1 1 1 1 1 
72 65 52 51 49 48 44 40 40 35 35 33 33 33 27 26 25 21 18 17 17 17 16 16 16 14 14 14 12 12 10 8 8 8 8 7 7 6 6 6 5 5 5 5 5 5 5 4 4 4 3 3 3 3 1 1 1 1 1 
71 63 52 51 47 47 44 40 39 34 33 33 33 30 26 23 22 21 18 17 17 16 16 16 16 13 13 13 11 10 10 8 8 8 7 7 7 6 6 6 5 4 4 4 4 4 4 4 3 3 3 3 2 2 1 1 1 1 
68 57 51 51 47 46 44 39 39 34 33 33 33 28 26 23 22 20 17 17 17 16 16 16 15 13 11 11 11 10 10 8 8 7 7 7 6 6 5 5 5 4 4 4 4 4 4 3 3 3 2 2 2 2 1 1 1 1 
67 55 51 50 42 41 41 39 38 34 33 33 31 28 25 22 20 19 17 17 17 16 16 15 14 12 11 11 10 10 9 8 8 7 7 6 6 5 5 5 5 4 4 4 4 4 3 3 3 3 2 2 2 2 1 1 1 1 
66 54 51 49 40 40 39 37 35 33 33 33 29 26 22 21 18 18 17 17 17 16 16 13 12 11 11 11 10 9 8 8 8 7 6 6 5 5 5 4 4 4 4 4 4 3 3 3 3 2 2 2 2 1 1 1 
65 54 51 49 40 39 38 37 34 33 31 30 29 26 22 19 18 18 17 17 17 16 14 13 12 11 11 11 10 8 8 8 7 7 6 6 5 5 4 4 4 4 4 3 3 3 3 3 3 2 2 1 1 
65 54 51 49 39 37 36 35 33 32 31 30 27 24 21 19 18 18 17 17 17 14 14 12 11 11 11 11 10 8 8 7 6 6 6 6 5 4 4 4 3 3 3 3 3 3 3 2 2 2 2 1 1 
63 54 50 45 39 36 35 35 32 31 30 30 25 23 20 19 18 17 17 17 16 14 13 12 11 11 11 11 10 8 8 6 6 6 6 6 4 4 4 4 3 3 3 3 3 2 2 2 2 2 2 1 1 
61 54 48 45 38 36 35 33 31 31 29 28 25 23 19 18 18 17 17 16 14 13 13 11 10 10 9 9 8 8 8 6 6 6 5 5 4 4 4 4 3 3 3 3 3 2 2 2 2 2 1 1 1 
61 54 47 43 38 36 34 31 29 29 28 28 21 20 19 18 17 17 16 15 14 13 12 11 10 10 8 8 8 8 8 6 6 6 5 5 4 4 4 4 3 3 3 2 2 2 2 2 2 2 
58 53 46 40 38 36 29 29 29 29 28 27 21 18 17 17 17 16 16 14 14 13 11 11 10 9 8 8 8 8 7 6 5 4 4 4 4 3 3 3 3 3 3 2 2 2 2 1 1 1 
57 51 44 39 38 35 29 29 29 28 27 25 20 17 17 17 16 16 15 14 12 12 11 10 10 9 8 8 8 6 5 5 5 4 4 2 2 2 2 2 2 2 2 2 1 1 1 1 1 1 
57 51 44 39 38 31 29 29 28 28 26 23 20 17 17 17 16 16 15 14 12 12 11 8 8 8 8 8 8 6 5 5 5 4 2 2 2 2 2 2 2 2 1 1 1 1 1 1 1 1 
55 49 43 36 36 31 29 29 28 28 25 23 20 17 17 17 16 16 15 13 12 10 10 8 8 8 8 8 7 5 5 5 5 2 2 2 2 2 2 2 2 2 1 1 1 1 1 1 1 
52 48 43 36 36 31 29 29 28 25 22 22 18 17 17 17 16 14 14 13 12 10 8 8 8 8 8 7 7 5 5 5 3 2 2 2 2 2 2 2 2 1 1 1 1 1 
52 48 43 35 35 31 28 28 27 23 22 20 18 17 16 15 15 14 12 11 11 10 8 8 8 7 6 6 5 5 5 5 3 2 2 2 2 2 2 2 2 1 1 1 1 1 
49 47 43 35 34 31 28 28 27 22 22 20 18 17 16 15 15 14 12 11 11 10 8 7 7 6 6 6 5 4 4 4 3 2 2 2 2 2 2 2 2 1 
47 46 42 34 34 31 28 27 27 22 22 20 18 17 15 15 15 14 12 11 9 9 7 7 7 6 6 6 5 4 4 4 3 2 2 2 2 2 2 1 
47 45 42 34 31 30 28 27 26 22 22 20 18 16 15 15 14 14 11 11 8 8 7 6 6 6 6 6 5 4 4 3 2 2 2 2 2 2 2 1 
47 45 40 34 31 30 28 25 25 21 21 19 18 16 15 15 14 14 11 11 8 8 7 6 6 6 6 6 5 4 3 3 2 2 2 2 2 2 1 1 
47 43 38 33 28 27 26 25 25 21 21 19 17 16 15 15 14 13 11 10 8 7 7 6 6 6 6 6 4 4 3 2 2 2 2 2 1 1 1 
38 38 34 33 27 27 26 25 25 21 21 19 17 15 14 13 10 10 10 9 8 7 6 6 6 6 6 6 4 4 2 2 2 2 2 2 1 1 1 
38 37 33 32 27 26 26 24 23 21 20 19 15 14 13 13 10 10 10 9 8 7 6 6 6 6 5 5 4 4 2 2 2 2 2 1 1 
38 37 32 31 27 26 25 24 22 21 19 19 15 13 13 11 10 10 9 8 7 7 6 6 6 6 5 5 4 4 2 2 2 2 2 1 1 
38 37 32 31 27 26 24 24 21 21 19 18 15 12 12 11 9 9 9 8 7 7 6 6 5 5 5 5 4 4 2 2 2 2 2 1 1 
37 36 32 30 27 26 23 23 21 21 19 18 14 12 12 11 9 9 9 8 7 6 6 6 5 5 5 4 4 4 2 2 2 2 2 1 1 
36 35 31 28 25 24 23 23 21 21 18 18 13 12 12 11 9 9 8 8 7 6 6 5 5 5 5 4 4 3 2 2 2 2 2 1 1 
35 33 31 28 25 24 23 22 21 19 18 16 13 12 12 10 9 8 8 8 6 6 6 5 5 5 4 4 4 3 2 2 2 2 1 1 1 
34 33 31 28 25 24 20 20 19 19 16 15 13 12 11 9 9 8 8 8 6 6 5 5 4 4 4 4 3 2 2 2 2 2 1 1 1 
34 33 30 28 24 23 20 19 19 18 15 15 13 12 11 9 9 8 8 5 5 5 4 4 4 4 4 4 3 2 2 2 2 1 1 1 
34 30 28 27 22 21 20 19 17 17 15 14 13 12 10 9 9 8 6 5 5 4 4 4 4 4 3 3 3 2 2 2 1 1 1 
33 30 28 25 22 21 19 18 17 17 14 13 12 12 9 9 9 8 5 5 5 4 4 4 4 4 3 3 3 2 2 1 1 1 
32 28 28 24 21 20 19 18 16 15 14 13 9 9 9 9 9 8 5 4 4 4 4 4 4 4 2 2 1 1 1 1 1 1 
32 27 25 24 20 19 17 17 16 14 14 11 9 9 9 9 9 6 5 4 4 4 4 4 4 2 2 1 1 1 1 1 1 1 
31 26 23 18 18 18 17 16 15 14 14 10 9 9 9 9 8 6 5 4 4 4 4 4 2 1 1 1 1 1 1 1 
31 25 23 18 18 17 17 16 15 14 12 10 9 9 9 9 7 5 4 4 4 3 3 2 2 1 1 1 1 1 
30 25 23 18 17 17 17 16 14 14 12 9 9 9 9 9 7 5 4 4 4 3 2 1 1 1 1 
29 25 23 17 17 17 17 15 14 13 11 9 9 9 8 8 7 5 4 4 3 2 1 1 1 1 1 
29 25 22 17 17 17 16 14 14 13 11 9 9 9 8 7 7 5 4 4 3 1 1 1 1 1 1 
28 24 21 16 16 15 15 14 13 12 10 9 9 9 8 7 6 5 4 4 3 1 1 1 1 1 1 
27 23 20 16 15 15 15 14 13 11 10 9 9 9 8 7 6 5 4 4 1 1 1 1 1 
27 22 18 15 15 14 13 13 12 9 9 9 9 9 7 7 6 5 4 4 1 1 1 1 
27 21 17 14 14 13 13 13 10 9 9 9 9 8 7 5 5 5 4 4 1 1 1 1 
26 19 16 14 13 13 12 12 10 9 9 9 8 7 7 5 5 5 4 3 1 1 1 1 
26 19 15 14 13 12 12 12 9 9 9 9 8 7 7 5 5 5 4 3 1 1 1 1 
26 18 15 13 13 12 12 11 9 9 9 9 7 7 7 5 5 5 3 3 1 1 1 1 
23 18 15 13 13 12 12 10 9 9 9 8 7 7 6 5 5 4 3 2 1 1 1 1 
23 18 14 13 12 12 12 10 9 8 8 8 7 7 5 4 4 4 2 2 1 1 1 1 
23 17 14 12 12 12 11 10 8 8 8 8 7 7 5 4 4 3 2 2 1 1 1 1 
21 17 13 12 12 12 11 10 8 8 8 7 7 6 5 4 4 3 2 2 1 1 
21 17 13 12 12 12 11 10 8 8 7 7 7 5 4 4 4 3 2 2 1 1 
20 17 12 12 12 12 11 9 8 8 7 7 6 5 4 4 4 2 2 1 1 1 
20 17 12 12 12 12 11 8 8 7 7 5 5 5 4 4 2 2 2 1 
20 17 12 12 12 12 9 7 7 6 6 5 5 5 4 4 2 2 2 1 
20 15 12 12 12 11 8 7 7 6 6 5 5 4 4 4 2 2 2 1 
20 15 12 12 12 8 8 7 5 5 5 5 5 4 4 3 2 2 2 1 
19 15 12 12 11 8 7 6 5 5 5 5 5 4 4 3 2 2 1 1 
19 14 12 12 11 8 6 6 5 5 5 5 4 4 3 3 2 2 1 1 
19 14 12 12 8 7 6 6 5 5 5 5 4 4 2 2 2 2 1 1 
18 14 12 11 8 7 6 6 5 5 5 5 4 4 2 2 2 2 1 1 
18 14 12 11 8 7 6 5 5 5 5 4 4 3 2 2 2 2 1 1 
17 14 11 11 8 7 6 5 5 5 5 4 4 3 2 2 2 2 1 1 
17 13 11 11 8 7 6 5 5 5 5 4 4 3 2 2 2 1 1 1 
17 13 11 10 8 7 6 5 5 5 4 4 4 3 2 2 2 1 1 
17 13 10 10 8 7 6 5 5 4 4 4 3 3 2 2 2 1 1 
17 13 10 9 7 6 6 5 5 4 4 3 3 3 2 2 1 1 
17 13 10 9 7 6 6 5 5 4 4 3 3 3 1 1 1 1 
16 12 10 9 7 6 6 5 5 4 4 3 3 3 1 1 1 1 
16 12 10 8 7 6 6 5 3 3 3 3 1 1 1 1 1 
13 12 10 7 7 6 4 4 3 3 3 1 1 1 1 1 1 
13 12 10 7 7 6 4 4 3 3 3 1 1 1 
13 11 10 7 7 5 4 4 3 3 2 1 
13 11 10 7 5 5 3 3 3 3 2 1 
13 11 9 7 5 5 3 3 3 3 2 1 
13 10 9 7 4 4 3 3 3 3 2 1 
13 10 9 7 4 4 3 3 3 2 1 
13 10 9 7 4 4 3 3 2 2 1 
10 10 9 6 4 4 3 2 1 1 
9 9 9 5 4 3 3 1 1 1 
9 9 9 4 4 3 1 1 1 1 
9 9 9 4 4 2 1 1 1 
9 9 8 4 4 2 1 1 
9 9 8 4 4 2 1 1 
9 9 8 4 4 2 1 1 
9 9 7 4 4 2 1 1 
9 9 7 4 4 2 1 1 
9 9 7 3 3 2 1 1 
9 9 6 3 3 2 1 1 
9 9 6 3 2 2 1 1 
9 8 5 3 2 2 1 
9 8 4 3 2 2 1 
9 7 4 3 2 2 
8 6 4 3 2 2 
8 5 4 3 2 2 
8 5 4 3 2 2 
8 4 4 3 2 1 
8 4 4 3 2 1 
8 4 4 3 2 1 
8 4 4 2 2 1 
8 4 4 2 1 1 
8 4 4 2 1 1 
8 4 3 2 1 1 
8 4 2 1 1 1 
8 4 2 1 1 1 
6 4 2 1 1 1 
6 3 2 1 1 
6 3 2 1 1 
6 3 2 1 1 
6 2 2 1 1 
6 2 2 1 1 
5 2 2 1 
5 2 2 1 
5 2 2 
4 2 2 
4 2 1 
4 2 1 
4 1 
4 1 
4 1 
4 1 
4 1 
4 1 
3 1 
3 
3 
3 
3 
3 
2 
2 
2 
2 
2 
2 
2 
2 
2 
2 
2 
2 
2 
2 
1 
1 
1 
1 
1 
1 
1 
1 
1 
1 
1 
1 
1 
1 
