141 134 128 124 118 110 109 109 109 106 102 99 95 95 95 93 88 86 84 82 81 79 77 70 67 67 67 66 66 66 65 63 57 56 56 56 49 49 47 46 46 46 46 44 43 42 41 41 41 37 37 35 33 32 32 32 29 29 29 28 28 28 27 26 26 26 26 26 26 26 26 26 25 25 24 24 24 21 21 21 21 20 20 20 20 20 20 20 20 19 19 19 19 19 17 17 17 16 16 16 15 15 14 14 14 13 12 12 12 11 10 9 9 9 9 9 7 7 6 6 5 5 5 5 5 5 4 4 4 4 3 3 3 3 3 2 2 1 1 1 1 1 1 1 1 1 1 1 1 1 1 1 1 1 1 1 1 1 
139 118 113 113 113 108 105 105 98 97 94 94 91 89 88 85 82 79 79 77 76 76 72 69 67 66 60 55 55 55 55 51 51 51 51 48 47 47 46 46 45 43 43 43 42 41 37 37 35 33 33 33 32 32 30 29 29 28 28 28 27 27 26 25 24 24 24 24 22 21 21 19 17 17 17 17 17 17 16 16 16 16 16 16 16 16 15 15 13 12 12 10 10 10 10 10 10 10 10 10 10 10 10 10 10 10 9 9 9 9 8 8 8 7 7 6 6 6 5 5 4 4 4 2 2 2 1 1 1 1 1 1 1 1 1 1 1 1 1 1 1 1 1 1 1 1 1 1 1 1 1 1 
124 114 113 112 111 108 104 100 94 91 91 88 87 85 82 76 71 71 70 69 67 67 66 62 62 58 57 55 54 54 54 51 50 47 47 46 44 38 36 36 36 36 36 36 36 35 35 34 34 33 31 30 30 30 30 28 27 26 26 26 26 26 26 25 24 24 24 23 21 21 19 18 17 17 16 16 16 16 16 15 15 15 14 12 11 11 11 11 11 10 10 10 10 10 10 10 10 10 10 9 9 9 9 8 7 7 6 6 6 5 5 5 5 5 4 4 4 4 4 3 2 2 2 2 2 2 1 1 1 1 1 1 1 1 1 1 1 1 1 1 1 
117 114 113 105 105 102 94 94 88 87 87 87 85 84 81 73 68 67 67 67 67 65 63 62 59 53 52 52 52 49 47 47 47 47 47 46 44 36 36 36 36 36 36 34 34 34 33 33 32 32 31 30 28 28 28 27 25 24 24 24 24 23 23 23 22 22 22 22 21 19 18 17 16 16 15 15 15 14 14 14 14 14 13 11 11 11 11 10 10 10 10 10 10 9 9 9 9 8 8 8 8 7 7 7 6 6 6 5 5 4 4 4 4 3 3 3 3 3 3 2 2 2 2 1 1 1 1 1 1 1 1 1 1 1 1 1 1 
115 114 108 103 99 97 94 89 87 78 77 77 76 76 71 71 67 67 67 62 56 56 52 52 51 51 51 51 50 49 46 46 46 43 43 39 39 36 36 36 36 36 34 33 33 29 28 28 27 27 27 26 26 25 25 25 24 24 24 24 23 22 22 22 22 21 21 20 19 18 15 15 15 15 15 15 14 14 14 14 13 13 12 11 11 10 10 10 10 10 9 9 9 9 7 7 6 5 5 5 5 5 5 5 5 5 5 4 4 4 4 3 3 3 2 2 2 2 2 2 2 2 2 1 1 1 1 1 1 1 1 
115 105 98 94 94 93 92 83 79 78 76 76 76 74 71 69 66 65 62 56 56 55 51 51 48 47 47 47 45 45 45 43 43 42 41 39 39 36 36 36 35 34 32 32 29 28 28 27 25 25 24 24 23 23 21 20 19 19 19 19 19 19 19 19 19 19 19 15 14 14 14 14 14 14 14 14 13 13 13 11 11 11 10 10 10 10 10 9 9 9 8 8 7 7 6 6 5 5 5 5 5 5 5 5 4 3 3 3 3 2 2 2 2 2 2 2 2 2 2 2 2 2 1 1 1 1 1 
114 105 95 92 87 84 79 79 77 77 69 69 68 68 65 61 61 61 57 55 55 51 51 48 47 47 47 47 45 44 43 43 41 41 39 38 36 36 35 35 32 31 31 28 28 27 25 25 23 22 22 21 21 21 20 20 19 19 19 19 19 19 19 19 19 16 15 14 14 14 13 13 13 11 11 11 11 11 11 10 10 10 10 10 10 10 9 9 9 9 7 7 6 6 6 6 5 5 5 5 4 4 4 4 4 3 3 3 3 2 2 2 2 2 1 1 1 1 1 1 1 1 1 1 1 
113 103 94 91 86 82 79 79 68 68 67 67 67 62 62 58 58 58 54 53 51 45 45 45 45 45 44 42 41 41 41 36 36 36 36 36 36 34 32 31 30 29 28 27 27 25 24 23 23 21 21 21 21 20 18 18 17 16 16 16 16 16 16 16 16 16 14 14 12 12 12 12 12 11 11 10 10 10 9 9 9 9 8 8 8 7 7 7 7 7 7 7 6 5 5 5 5 4 3 3 2 2 2 2 2 2 2 2 2 2 1 1 1 1 1 1 1 1 1 1 1 
108 102 93 91 86 80 79 73 68 67 67 63 63 61 59 58 56 56 51 51 47 45 45 45 45 45 43 41 41 39 39 36 36 35 35 35 33 30 30 29 24 24 24 24 24 24 24 22 20 20 18 18 17 17 17 16 16 16 16 16 16 16 16 15 15 14 14 12 12 11 11 11 11 11 10 10 9 9 9 8 8 8 8 8 7 7 7 7 7 7 5 5 5 5 4 4 4 4 2 2 2 2 2 2 2 2 1 1 
107 95 92 87 83 78 74 69 67 67 65 63 61 57 57 55 54 52 50 49 47 45 45 45 41 41 38 38 35 35 34 34 34 34 32 32 31 29 29 26 24 24 24 24 21 21 19 19 19 17 16 16 16 16 16 16 16 15 15 15 14 14 13 13 13 13 13 12 12 11 11 11 11 10 9 9 8 8 8 8 8 7 6 6 6 6 6 6 5 3 3 3 3 3 3 3 2 2 2 2 2 2 2 2 
106 94 91 85 80 78 72 68 67 67 64 59 58 56 55 50 50 47 46 45 45 45 44 42 41 37 35 35 34 34 32 30 30 30 27 27 27 27 26 25 24 24 23 21 20 19 19 19 17 17 16 16 16 16 16 15 14 14 14 14 13 13 13 13 13 11 11 10 10 10 10 10 10 9 7 5 4 4 4 4 4 4 4 4 4 4 4 4 3 3 3 3 3 3 3 2 2 1 1 1 1 1 1 1 
101 92 83 83 79 77 72 67 66 66 64 58 58 56 55 50 48 47 45 45 45 44 43 40 39 36 34 33 33 33 29 28 27 27 27 27 27 27 26 23 23 23 22 21 20 18 18 17 17 16 16 16 15 14 14 14 14 14 14 14 13 13 13 13 11 10 10 10 10 10 10 9 8 8 7 4 4 4 4 4 4 4 4 3 3 3 3 3 3 3 3 3 2 2 2 2 1 1 1 1 1 1 1 1 
100 89 82 81 78 76 70 67 66 65 61 57 54 52 52 49 48 47 45 45 44 44 41 39 39 36 32 30 29 29 28 28 27 27 26 25 25 23 22 22 21 21 19 18 18 17 17 17 16 16 16 16 15 14 14 14 14 14 14 13 13 12 11 11 11 10 10 10 9 9 8 8 8 8 7 4 4 4 4 4 4 4 4 3 3 3 3 3 2 2 2 2 2 2 1 1 1 1 1 1 
93 87 82 76 75 71 70 67 65 64 60 54 54 52 52 49 48 47 45 45 44 43 41 36 36 35 32 30 29 28 28 27 26 26 26 25 23 22 21 21 19 18 18 18 18 16 16 16 16 16 16 14 14 14 14 14 13 13 12 12 11 11 10 10 9 9 9 9 8 8 8 8 8 8 5 4 4 4 4 4 4 3 2 2 2 2 2 2 2 1 1 1 1 1 1 1 1 1 
92 83 80 75 74 71 69 62 60 59 57 54 54 49 47 47 47 43 42 41 41 40 40 32 32 32 30 30 29 27 27 27 26 25 25 23 22 20 20 19 19 18 18 18 17 16 15 14 14 14 14 14 14 14 14 12 12 11 11 11 10 10 10 9 9 9 9 8 8 7 7 7 7 7 5 4 4 4 4 3 3 2 2 2 2 2 1 1 1 1 1 1 1 1 
92 79 76 75 74 69 67 59 55 52 52 51 51 49 47 47 44 41 41 41 40 40 38 32 32 32 30 28 27 26 26 26 25 25 25 23 21 20 20 18 16 16 16 16 15 15 14 14 14 14 14 14 14 13 12 11 11 11 11 10 10 9 9 9 9 8 8 7 7 7 7 4 4 4 4 4 3 3 3 3 2 2 2 1 1 1 1 1 1 1 1 1 1 
91 79 74 72 70 69 61 58 55 52 52 49 48 45 45 44 42 40 40 40 40 39 37 32 32 32 30 28 26 25 25 25 23 23 23 23 20 20 19 17 16 16 16 15 15 14 14 14 14 14 13 13 13 13 12 11 10 10 10 10 9 9 8 8 8 8 7 7 7 6 6 4 3 2 2 2 2 2 2 2 2 2 1 1 1 1 1 1 1 1 1 1 
90 77 73 72 70 66 59 57 54 49 49 49 48 43 43 42 42 40 39 39 35 35 34 32 30 30 28 26 25 25 25 25 23 23 21 19 19 17 17 17 16 16 15 14 14 14 14 14 14 13 13 13 13 13 12 11 10 10 10 10 9 9 8 8 8 6 6 6 5 5 5 4 3 2 2 2 2 2 2 1 1 1 1 1 1 1 1 1 1 1 1 
89 74 73 71 68 64 59 56 52 47 47 47 44 43 42 41 41 39 36 36 35 32 30 30 30 30 26 26 25 24 23 22 21 21 21 18 18 16 16 16 15 15 15 14 14 14 14 14 14 13 13 13 13 13 11 10 10 9 9 8 8 8 7 6 6 5 5 4 4 4 4 3 2 2 2 2 2 2 1 1 1 1 1 1 1 1 1 1 
88 73 73 68 67 61 57 54 51 47 47 45 42 42 40 40 39 37 36 35 33 32 30 30 30 30 26 25 24 23 22 21 21 19 19 17 17 16 16 16 15 15 15 14 14 14 13 13 13 13 13 12 12 7 7 7 7 7 7 7 7 7 6 6 5 5 4 4 4 4 2 2 2 2 2 2 1 1 1 1 1 1 1 1 1 1 1 
86 71 70 66 66 59 52 52 49 46 45 43 41 40 40 38 38 37 35 35 33 31 30 28 28 28 26 25 24 22 20 20 19 19 19 17 17 16 16 15 14 14 13 13 13 13 13 13 13 13 13 12 11 7 7 7 7 7 7 4 4 4 4 4 4 4 3 3 3 3 2 2 2 2 2 2 1 1 1 1 1 1 
86 71 68 66 65 58 51 50 48 46 41 40 39 38 38 36 35 34 34 34 32 31 29 27 27 26 24 24 23 22 20 20 19 19 17 17 16 16 16 15 13 13 13 13 13 13 13 12 12 12 12 11 10 7 7 7 7 6 6 4 4 4 3 3 3 3 3 3 3 3 2 2 2 2 1 1 1 1 1 1 
81 70 67 66 62 54 50 48 43 38 36 36 35 35 35 35 35 32 32 32 30 29 26 26 26 25 24 22 22 22 20 20 19 18 17 17 16 16 16 13 13 13 13 12 12 12 11 10 9 9 9 9 7 7 7 7 6 4 4 4 4 3 3 3 3 3 3 2 2 2 2 2 1 1 1 1 1 1 1 1 
79 67 64 62 60 54 49 46 40 37 36 34 34 34 34 34 34 32 32 31 30 26 25 25 25 24 22 20 20 20 19 17 17 17 15 15 14 13 13 13 13 12 12 12 12 10 10 9 9 9 9 7 7 6 5 5 5 4 4 4 3 3 3 3 3 1 1 1 1 1 1 1 1 1 1 1 1 1 1 
76 67 64 62 58 53 49 46 40 36 36 34 34 34 34 34 33 31 29 29 29 26 25 25 25 20 20 20 20 20 18 17 16 16 15 14 13 13 12 12 11 11 11 10 10 8 8 6 6 6 6 5 5 5 5 5 5 4 4 4 3 3 3 2 2 1 1 1 1 1 1 1 1 1 1 1 1 
74 60 56 56 56 51 49 42 39 36 36 33 33 33 33 31 31 30 29 29 26 26 25 25 24 20 20 20 19 19 15 15 14 14 13 13 13 13 12 12 11 10 10 10 10 8 6 6 6 6 6 5 5 5 4 4 4 4 4 3 2 2 2 2 1 1 1 1 1 1 1 1 1 1 1 1 
74 59 56 55 51 50 47 42 39 36 34 33 33 32 32 31 29 28 26 25 25 25 25 22 22 20 18 18 17 14 14 14 13 13 13 13 13 13 12 12 11 10 10 10 10 7 6 6 6 5 5 5 5 5 4 4 3 3 3 2 2 2 1 1 1 1 1 1 1 1 1 1 1 1 1 
71 56 54 51 49 47 40 40 37 36 34 33 33 32 32 31 27 25 25 25 25 25 24 22 20 18 17 17 17 14 14 14 13 13 13 13 13 13 11 11 10 9 9 9 8 7 6 6 6 5 5 5 5 4 4 3 3 3 3 2 2 1 1 1 1 1 1 1 1 1 1 1 1 
71 55 54 51 49 47 39 39 36 36 32 32 32 31 30 29 27 25 24 22 19 18 18 17 16 16 15 13 13 13 12 12 12 12 12 12 12 10 10 10 10 9 9 9 8 7 6 6 5 4 4 4 4 4 3 3 3 3 3 1 1 1 1 1 1 1 1 1 1 1 
67 55 52 50 49 46 39 35 35 34 32 31 31 29 28 26 26 24 24 19 17 16 16 16 15 15 14 12 12 12 12 12 12 12 12 11 10 10 10 10 10 9 9 8 7 6 6 5 5 4 4 4 4 4 3 3 3 2 1 1 1 1 1 1 1 1 1 1 
67 52 52 50 49 46 39 35 34 33 32 30 30 29 28 24 23 23 23 17 17 16 16 16 15 12 12 12 12 12 12 12 12 11 11 10 10 10 9 9 9 9 8 8 6 6 6 5 3 3 3 3 3 3 3 2 2 2 1 1 1 1 1 1 1 1 1 1 
67 52 52 50 49 45 39 35 32 32 29 29 29 27 25 23 23 23 21 16 16 16 15 15 13 12 12 12 12 12 11 11 10 10 10 10 10 10 9 8 7 7 7 6 5 5 4 4 3 3 3 2 2 2 2 2 2 1 1 1 1 1 1 1 1 1 1 
65 52 49 48 47 44 36 34 32 31 29 26 26 26 23 23 23 23 21 16 16 15 15 15 13 12 12 12 11 11 11 10 10 10 10 10 10 9 8 7 7 7 6 5 5 5 4 4 3 3 2 2 2 2 2 2 2 1 1 1 1 1 1 1 1 1 1 
65 52 49 48 45 40 36 34 32 31 26 26 26 23 23 21 21 21 18 16 16 15 15 15 13 12 12 12 11 11 11 10 10 10 10 10 10 9 7 7 6 6 6 5 5 5 4 4 3 2 2 2 2 2 2 2 2 1 1 1 1 1 1 1 1 
62 51 49 48 43 39 34 33 31 29 26 26 24 23 21 21 21 17 17 15 15 15 15 14 13 12 12 11 11 10 10 10 10 10 9 9 9 6 6 6 6 6 6 5 5 4 4 3 3 2 2 2 2 2 2 2 1 1 1 1 1 
60 51 49 43 42 39 34 33 31 29 24 22 19 19 19 19 18 17 17 15 15 15 15 14 13 12 12 10 10 10 10 9 8 8 8 8 8 6 6 6 6 5 5 5 5 4 4 3 2 2 2 2 2 2 2 1 1 1 1 1 
58 50 47 42 41 38 31 31 29 28 23 22 19 19 19 18 18 16 16 15 15 14 14 13 12 11 11 10 10 10 10 9 8 8 8 8 8 6 6 6 4 4 4 3 3 2 2 2 2 2 2 2 2 2 1 1 1 1 1 1 
54 49 45 41 39 38 29 28 28 28 23 21 19 19 18 18 15 15 15 14 13 13 13 12 12 11 11 10 10 10 9 9 8 8 8 7 7 6 6 6 4 4 4 3 3 2 2 2 2 1 1 1 1 
54 49 44 41 36 35 29 28 27 27 23 20 19 19 18 18 14 14 14 13 12 12 12 12 11 11 11 10 8 8 8 8 8 8 7 7 7 6 5 5 4 3 3 3 3 2 2 2 2 1 1 1 1 
48 48 44 39 36 34 29 28 27 24 21 19 19 19 18 17 14 14 13 13 12 12 12 12 11 11 10 10 8 8 7 7 7 7 7 6 6 6 5 3 3 3 3 3 2 2 2 2 2 1 1 1 1 
48 43 39 38 35 34 27 27 27 24 20 19 19 19 18 16 14 13 13 12 12 12 12 12 11 11 10 9 7 7 7 7 7 7 7 6 6 6 5 3 3 3 3 3 2 2 2 2 2 1 1 
48 40 39 34 33 33 27 26 26 24 20 19 19 18 17 16 14 13 13 12 12 12 10 10 10 10 9 8 7 7 7 7 7 7 7 6 6 5 4 3 3 3 3 3 2 2 2 2 1 
45 39 39 32 32 32 27 26 26 21 20 17 16 16 16 16 14 13 12 12 12 11 10 10 10 9 7 7 7 7 7 7 7 7 7 6 5 4 3 3 3 3 3 3 2 2 2 1 1 
45 39 36 32 32 30 26 26 24 21 19 16 16 16 16 15 14 13 12 12 12 11 10 10 10 9 7 7 7 7 7 6 5 5 5 5 5 3 3 3 3 3 3 3 
44 37 34 32 28 27 26 26 23 21 18 16 16 16 16 14 13 13 12 12 12 11 10 10 9 8 7 7 7 7 7 6 5 5 4 3 3 3 3 2 2 2 2 2 
43 37 32 32 27 27 26 26 21 20 17 16 16 16 16 14 13 13 12 12 11 9 9 8 7 7 6 6 6 6 6 5 5 5 3 3 3 3 3 2 2 2 2 1 
43 33 31 31 27 27 25 24 21 20 17 16 16 16 16 14 13 13 12 11 9 9 7 7 7 6 6 6 6 6 5 4 4 4 3 3 3 2 2 2 2 2 1 
43 33 31 30 26 26 25 22 21 17 16 16 16 15 15 14 11 11 11 11 9 8 7 7 7 6 6 6 6 6 5 4 4 4 2 2 2 2 2 2 1 1 
42 33 31 30 26 25 24 22 20 17 16 16 16 15 15 13 11 11 11 11 9 7 7 7 7 6 5 5 5 5 5 4 4 3 2 2 2 2 2 1 1 1 
42 33 31 29 26 25 24 21 20 16 16 16 15 15 14 11 11 11 10 10 8 7 7 7 6 6 5 5 5 5 5 4 3 2 2 2 2 2 1 1 1 1 
41 32 30 27 26 25 24 21 19 16 16 16 14 13 13 11 11 11 10 10 8 7 7 7 6 5 5 5 5 5 5 4 3 2 2 2 2 2 1 1 1 
41 32 29 27 25 23 23 21 18 16 16 14 14 13 11 11 11 11 10 10 7 7 7 6 6 5 5 5 5 5 4 4 3 2 2 2 2 2 1 1 1 
40 32 29 25 25 23 23 21 17 16 16 13 12 12 11 11 11 11 10 10 7 7 6 6 5 5 5 5 4 4 4 4 2 2 2 2 2 1 1 1 1 
38 30 26 24 24 23 23 21 17 16 16 13 12 12 10 10 10 10 9 9 7 6 6 5 5 5 5 4 4 4 4 2 2 2 2 2 1 1 1 1 
38 30 26 24 24 22 22 21 17 15 15 13 12 10 10 10 9 9 9 9 6 6 6 5 4 4 4 3 3 3 3 2 2 2 2 2 1 1 1 1 
34 30 26 24 24 22 22 20 17 15 13 12 12 10 10 10 9 9 9 6 6 5 4 4 3 3 3 3 3 2 2 2 2 2 2 1 1 1 1 1 
34 29 26 24 24 22 22 20 17 15 13 11 11 10 10 9 9 9 8 6 4 4 4 4 3 3 3 3 3 2 2 2 2 2 1 1 1 1 1 1 
34 27 26 24 23 22 21 20 16 15 11 10 10 10 10 9 8 7 7 5 4 4 4 4 3 3 2 2 2 2 2 2 2 2 1 1 1 
33 26 25 24 21 21 21 18 15 13 11 10 10 10 10 9 8 7 5 5 4 4 4 4 3 2 2 2 2 2 2 2 2 2 1 1 1 
33 26 25 24 21 21 21 18 15 13 10 10 10 10 9 8 8 5 5 5 4 4 4 3 2 2 2 2 2 2 2 2 2 1 1 1 1 
33 26 25 22 21 21 21 17 15 12 10 10 10 10 9 8 6 5 4 4 4 4 4 3 2 2 2 2 2 2 2 2 2 1 1 1 
33 25 25 22 21 19 19 17 15 12 10 10 8 7 7 7 6 5 4 4 4 4 2 2 2 2 2 2 2 2 2 2 1 1 1 1 
32 25 22 21 21 19 19 17 15 10 10 8 8 7 7 7 6 5 4 4 4 3 2 2 2 2 2 2 2 2 2 2 1 1 1 1 
30 24 22 21 21 19 19 17 15 10 9 8 8 7 7 5 4 4 4 4 3 3 2 2 2 2 2 2 2 2 2 2 1 1 1 1 
28 22 21 21 21 19 18 16 15 10 9 8 8 6 6 4 4 4 4 3 3 3 2 2 2 2 2 2 2 2 1 1 1 
27 22 21 21 20 19 18 16 14 9 9 8 8 6 5 4 4 4 4 3 2 2 2 2 2 2 2 2 2 2 1 1 1 
25 21 21 21 20 19 17 13 13 9 9 8 8 6 5 4 4 4 3 2 2 2 2 2 2 2 2 2 1 1 1 
25 21 21 21 20 17 17 13 13 9 8 8 7 6 5 4 4 4 2 2 2 2 2 2 2 2 2 1 1 1 1 
24 21 21 21 19 17 16 13 12 9 8 7 6 5 4 4 4 3 2 2 2 2 2 2 2 1 1 1 1 
24 21 21 20 18 16 16 13 11 9 8 7 5 5 4 4 4 3 2 2 2 2 2 2 2 1 1 1 
24 21 21 18 15 15 15 12 11 9 8 7 5 4 4 4 4 3 2 2 2 2 2 2 2 1 
24 21 20 15 15 15 15 11 11 8 8 7 5 4 4 4 3 2 2 2 2 2 2 2 1 
23 20 19 15 15 15 13 11 11 8 8 5 5 4 4 3 2 2 2 2 2 2 1 1 1 
23 20 19 15 15 13 13 11 11 8 8 5 4 4 4 3 2 2 2 2 2 2 1 1 1 
22 20 18 15 15 13 13 11 10 8 7 5 4 3 3 3 2 2 2 2 2 1 1 1 1 
22 20 17 15 15 13 12 10 8 8 7 5 4 3 3 3 2 2 2 2 2 1 1 1 1 
22 19 16 15 15 12 11 10 8 8 7 5 3 3 3 3 2 2 2 2 1 1 1 1 
22 18 15 15 14 11 11 10 8 8 7 5 3 3 3 2 2 2 2 2 1 1 1 1 
20 18 15 13 13 10 10 9 7 7 6 4 3 3 3 2 2 2 2 2 1 1 1 
19 18 15 13 13 10 10 9 7 7 6 4 3 3 3 2 2 2 2 2 1 1 1 
18 18 14 13 13 10 10 8 7 7 5 4 3 3 3 2 2 2 2 2 1 1 
18 18 14 13 13 10 9 8 7 6 5 3 3 3 3 2 2 2 2 2 1 1 
18 18 14 13 10 10 9 8 7 6 5 3 3 3 2 2 2 2 2 1 1 1 
18 18 14 11 10 10 9 7 7 5 4 3 3 3 2 2 2 2 1 1 1 
18 17 14 11 9 9 8 7 7 5 4 3 3 3 2 2 2 1 1 1 
18 17 14 11 9 9 8 7 7 5 4 3 3 2 2 2 1 
17 17 14 11 9 9 7 7 5 4 4 3 2 2 2 2 1 
16 16 13 10 9 9 7 6 5 4 4 2 2 2 2 2 1 
16 16 13 10 9 8 7 5 5 4 4 2 2 2 1 1 
16 16 13 10 9 8 7 5 5 4 4 2 2 2 1 1 
16 16 13 10 9 7 6 5 5 4 3 2 2 2 1 1 
16 16 13 10 8 5 5 5 5 4 3 2 2 2 1 1 
16 16 12 9 5 5 5 5 4 4 3 2 2 2 1 1 
16 15 12 9 5 5 5 4 3 3 2 2 2 2 1 1 
15 14 11 8 5 5 4 4 3 2 2 2 2 2 1 
14 14 11 8 5 4 4 3 3 2 2 2 2 1 1 
14 13 11 8 5 4 4 3 3 2 2 2 2 1 1 
13 12 11 8 5 4 4 3 2 2 2 2 2 1 
13 12 10 8 5 4 4 2 2 2 2 2 1 1 
12 12 10 8 5 4 4 2 2 2 2 2 1 
12 12 10 7 4 4 4 2 2 2 2 2 
12 11 10 7 4 4 4 2 2 2 2 2 
12 11 10 7 4 4 3 2 2 2 2 2 
12 11 10 7 4 3 3 2 1 1 1 
12 9 9 6 4 3 3 2 1 1 1 
11 8 7 6 4 3 3 2 1 1 1 
11 7 7 6 4 3 3 2 1 1 1 
10 7 6 6 4 3 3 2 1 1 1 
10 7 6 6 3 3 3 2 1 1 
10 7 6 5 3 3 3 2 1 
9 6 6 5 3 3 3 2 1 
9 6 6 4 3 3 3 2 1 
9 6 6 3 3 3 3 2 
8 6 6 3 3 3 2 2 
8 6 5 3 3 2 2 1 
8 5 4 3 2 2 2 1 
8 4 3 2 2 2 2 1 
6 3 3 2 2 2 2 1 
6 3 3 2 2 2 2 1 
6 3 3 2 2 2 1 1 
5 3 2 2 2 2 1 1 
5 3 2 2 2 2 1 1 
5 2 2 2 2 1 1 1 
5 2 2 2 1 1 1 1 
4 2 2 2 1 1 1 1 
4 2 1 1 1 1 
3 2 1 1 1 
3 2 1 
3 
3 
2 
2 
2 
2 
2 
2 
2 
2 
2 
2 
2 
2 
2 
1 
1 
