174 142 130 130 123 117 106 106 104 93 89 89 89 89 86 86 81 81 80 77 74 74 72 72 69 69 69 67 67 66 64 64 64 61 61 60 59 58 55 53 51 51 49 46 46 46 45 43 43 43 40 40 38 37 37 35 35 34 33 33 32 32 32 32 31 30 30 30 29 29 29 29 28 28 28 27 26 26 26 26 25 24 24 24 24 24 24 22 22 22 22 22 21 19 18 18 18 18 18 15 15 14 14 14 13 12 11 11 11 10 9 9 9 9 7 7 6 6 6 6 6 6 6 6 6 6 5 5 5 5 5 4 4 4 4 4 3 3 3 3 3 3 3 3 3 3 3 3 3 3 1 1 1 1 1 1 1 1 1 1 1 1 1 1 1 1 1 1 1 1 1 1 1 1 1 1 
157 131 121 117 117 108 103 101 99 87 83 82 81 81 80 79 79 74 73 72 71 71 70 70 68 65 64 64 63 63 62 62 61 56 55 55 52 48 48 46 46 46 46 44 44 41 41 39 35 32 32 31 31 31 30 30 30 29 28 28 25 25 25 25 25 24 24 24 24 24 23 23 23 22 22 22 22 21 19 19 18 17 17 15 15 15 15 15 15 15 15 14 14 14 13 13 13 12 9 9 9 8 7 7 7 6 6 6 6 5 5 5 5 5 5 5 5 4 4 4 4 4 4 3 3 3 3 3 3 3 3 3 3 3 3 3 3 2 2 2 2 1 1 1 1 1 1 1 
155 130 117 109 109 103 100 98 96 84 83 78 78 75 73 73 73 73 69 69 69 69 68 68 65 63 60 59 57 57 56 52 52 52 51 50 50 47 47 46 46 42 42 40 40 39 38 35 33 32 32 31 31 31 30 29 29 28 26 26 25 25 25 25 23 23 23 23 23 23 22 22 20 18 18 17 17 17 17 17 17 15 15 15 15 15 15 15 13 13 13 13 13 12 11 11 8 7 7 7 7 7 7 7 5 5 4 4 4 4 4 4 4 4 4 3 3 3 3 3 3 3 3 3 3 3 3 3 3 3 3 3 3 3 3 2 2 2 2 1 
141 124 115 105 100 100 99 96 90 82 75 75 74 73 72 71 71 69 68 68 68 64 63 62 62 57 55 55 55 54 49 48 48 47 45 44 41 41 41 41 40 39 39 38 35 33 33 32 32 31 31 31 30 30 27 27 27 25 25 25 25 23 22 22 21 21 21 21 21 20 20 19 19 18 18 17 17 16 16 14 14 14 13 12 12 12 12 12 12 11 11 9 8 8 8 8 8 7 7 6 6 6 6 5 4 3 3 3 3 3 3 3 3 3 3 3 3 3 3 3 3 3 3 3 3 3 3 3 3 3 2 2 2 2 2 2 2 2 2 1 
139 113 108 101 99 93 92 91 86 80 74 73 73 72 72 70 68 68 68 66 65 63 63 60 57 54 54 53 52 50 49 48 44 41 41 41 41 41 41 39 39 39 37 34 33 33 32 31 28 28 28 28 28 25 24 24 23 21 21 21 21 21 20 19 19 18 18 18 17 17 17 16 16 16 15 15 15 15 14 10 10 9 9 8 8 8 8 8 8 8 8 8 8 8 6 6 6 6 6 5 5 5 5 5 4 3 3 3 3 3 3 3 3 3 3 3 3 3 3 3 3 3 3 3 2 2 2 2 2 2 2 2 2 
128 107 104 98 93 90 87 87 85 73 71 70 70 65 65 65 64 61 60 60 59 59 58 52 52 52 49 49 49 48 47 47 44 41 40 40 39 39 38 35 31 31 31 31 31 31 31 29 28 28 28 27 26 24 24 23 21 20 20 19 19 19 16 16 15 15 15 15 14 14 14 14 14 14 13 12 12 12 11 10 8 8 8 8 8 8 8 8 8 8 8 8 6 4 3 3 3 3 3 3 3 3 2 2 2 2 2 2 2 2 2 2 2 1 1 1 1 1 1 1 1 1 1 1 1 
126 103 101 96 90 86 86 81 75 73 71 70 70 65 65 61 61 60 59 55 52 52 51 51 51 50 48 48 48 46 45 44 43 41 40 39 38 38 35 34 31 31 31 31 31 30 30 28 28 26 26 26 26 22 21 19 19 19 19 19 19 18 16 15 15 15 14 14 14 14 14 13 12 12 12 12 11 10 9 8 8 8 8 8 8 8 8 8 8 7 7 6 5 4 2 2 2 2 2 2 2 2 2 2 2 1 1 1 1 1 1 1 1 1 1 
126 98 95 93 83 83 82 79 72 69 65 63 62 61 59 58 58 58 56 52 51 51 51 50 49 49 48 46 44 44 44 41 39 39 39 37 37 36 34 34 31 31 31 30 29 29 28 27 27 25 24 23 22 22 20 18 18 18 17 16 16 16 15 14 14 14 14 14 13 13 13 12 12 11 10 8 8 8 8 8 8 8 8 7 7 7 7 6 6 6 6 3 3 3 2 2 2 2 2 2 2 2 1 1 1 1 1 1 1 
123 91 90 88 82 82 81 79 69 67 65 62 62 61 58 58 57 55 52 52 50 49 47 46 46 46 45 45 43 43 42 40 39 39 39 36 36 33 32 32 31 28 27 27 26 26 25 25 24 24 24 22 22 20 20 18 17 16 16 16 15 15 15 14 11 11 11 11 10 8 8 8 8 8 8 8 8 8 8 8 7 7 7 7 7 7 7 6 5 5 5 3 3 3 2 2 2 2 2 2 
115 88 85 84 81 79 75 75 67 67 64 62 59 59 57 56 55 53 52 50 49 48 47 46 46 46 44 42 41 41 39 39 39 38 37 34 34 33 31 31 28 27 25 25 24 23 23 23 23 22 19 19 19 18 18 18 16 16 16 16 15 14 14 12 11 8 8 8 8 8 8 8 8 8 8 8 8 8 8 8 6 5 5 5 5 4 4 4 4 3 3 3 3 1 1 1 1 1 1 1 
114 87 84 84 81 78 73 71 67 66 62 61 59 57 56 54 54 51 50 48 48 47 46 46 42 40 40 40 40 40 38 38 38 37 32 31 31 31 30 27 25 25 24 23 23 23 23 23 23 21 19 19 14 14 14 14 14 14 13 13 12 12 11 10 9 8 8 8 7 7 6 5 5 4 4 4 4 4 4 4 4 4 4 3 3 3 3 3 3 2 2 2 1 1 1 1 1 1 
104 86 84 83 77 77 73 71 67 65 61 58 58 56 55 54 50 49 47 47 46 46 44 42 41 40 40 40 39 37 37 36 35 34 31 30 27 27 26 26 23 22 22 22 20 19 19 18 18 17 17 17 14 14 14 14 14 13 11 11 11 11 11 8 8 8 8 7 6 6 5 4 4 4 3 3 3 3 3 3 3 3 3 3 3 3 1 1 1 1 1 1 1 1 1 1 1 1 
104 82 81 78 77 75 71 70 61 60 60 58 57 53 53 51 48 42 41 41 40 40 40 39 39 39 34 33 33 33 31 30 30 30 30 29 27 24 23 23 22 21 20 18 18 18 17 17 17 16 16 16 14 14 13 13 13 11 11 11 11 10 10 8 6 4 4 4 4 4 4 4 3 3 3 3 3 3 3 3 3 3 3 2 2 2 1 1 1 1 1 
102 81 78 77 77 74 67 66 60 60 55 55 55 52 51 47 45 41 39 39 39 39 39 39 36 36 33 33 32 32 31 30 30 30 28 28 26 24 23 23 22 21 20 18 18 17 17 17 17 16 16 14 14 13 13 13 12 11 11 11 9 8 8 8 4 4 4 4 4 4 4 3 3 3 3 3 3 3 3 3 3 3 3 2 2 1 1 1 1 1 
102 80 77 76 74 67 67 66 59 58 55 54 53 50 47 46 42 41 39 39 39 38 35 35 35 35 32 32 31 31 30 30 28 28 27 27 26 23 23 22 21 19 18 17 16 16 16 16 15 15 14 14 13 11 11 10 10 9 9 9 8 8 8 7 4 4 4 4 4 4 3 3 3 2 2 2 2 2 2 2 2 2 2 1 1 1 1 1 1 
92 79 77 73 73 67 67 66 58 55 55 54 50 45 45 45 40 40 39 39 38 36 35 32 32 32 32 32 31 29 26 26 24 23 23 23 22 22 19 19 19 17 16 16 16 16 15 15 14 12 11 11 11 11 10 10 9 9 9 8 8 8 5 5 4 4 3 3 3 3 3 3 3 2 2 2 2 1 1 1 1 1 1 1 1 1 
88 78 73 72 72 67 63 61 58 55 54 54 48 44 44 40 39 39 39 37 35 34 34 32 32 32 32 29 27 25 25 23 23 22 22 22 22 21 19 19 17 17 16 16 16 15 15 14 13 12 11 11 11 11 10 10 9 9 9 6 6 6 4 4 4 4 3 3 3 3 3 2 2 2 2 2 2 1 1 1 1 1 1 1 1 1 
88 78 72 70 68 65 59 58 57 54 54 51 48 44 43 37 37 37 36 35 34 34 34 29 29 29 29 27 25 24 23 22 22 22 22 19 19 19 19 18 17 17 16 16 16 15 14 13 13 12 11 11 11 11 10 10 9 7 7 5 5 5 4 4 4 4 3 3 3 3 2 2 2 2 2 1 1 1 1 1 1 1 1 1 1 1 
84 75 67 67 67 64 57 57 52 48 47 47 45 42 40 37 37 36 35 33 30 29 29 29 29 28 26 25 23 22 22 22 22 22 21 19 19 19 17 17 17 17 16 16 15 14 14 13 12 9 9 8 7 7 7 7 6 6 6 4 4 4 4 4 4 4 3 3 3 3 2 1 1 1 1 1 1 1 1 
82 74 67 67 63 62 57 54 48 46 45 45 45 42 40 37 36 36 32 32 29 29 29 29 29 26 26 25 22 22 22 22 22 21 20 19 19 17 17 14 14 14 14 14 14 14 14 12 12 7 7 7 7 5 5 5 5 5 5 4 4 4 4 3 2 2 2 2 2 2 1 1 1 1 
78 74 64 62 60 57 54 53 46 45 45 45 44 40 39 36 34 34 32 32 29 29 27 26 26 26 25 24 22 22 22 21 20 20 20 19 18 17 16 14 14 14 14 14 14 13 13 12 10 7 7 7 6 5 5 5 5 5 5 4 4 4 3 2 2 2 2 2 2 2 
78 73 62 61 59 56 52 51 46 45 45 45 44 39 38 36 34 34 32 32 29 29 26 26 26 25 25 23 22 21 19 17 17 17 17 17 16 16 15 14 14 14 13 13 12 12 10 10 8 7 7 7 5 5 5 5 5 4 4 3 2 2 2 2 2 2 2 1 
78 71 62 61 58 55 50 49 46 45 45 44 43 38 38 36 34 34 32 31 29 28 26 26 24 23 22 22 22 20 18 17 17 17 17 17 16 16 15 14 14 12 12 12 12 12 10 10 7 7 7 7 5 5 5 5 3 3 2 1 1 1 1 1 1 1 1 
77 67 62 60 58 55 49 49 46 45 44 44 41 38 37 33 33 32 30 30 29 27 26 26 23 23 21 21 21 19 17 17 17 17 17 16 15 14 14 13 13 12 11 11 11 11 10 9 7 7 6 6 5 5 4 3 3 2 2 1 1 1 1 1 1 1 
76 65 60 55 55 54 49 48 45 44 44 41 40 37 36 32 32 28 28 28 28 27 24 24 23 22 21 20 20 19 17 17 17 17 17 16 14 13 13 13 12 9 9 9 9 9 9 8 6 5 5 5 5 4 4 3 3 2 1 1 
73 65 60 55 55 51 49 47 44 44 43 40 38 37 35 32 32 28 28 28 28 27 24 23 23 22 20 19 19 19 17 17 17 17 16 16 13 13 13 13 12 9 9 9 9 9 9 8 5 5 5 5 5 3 3 3 1 1 1 
72 62 60 53 53 51 49 44 44 40 39 38 36 34 33 32 31 28 28 26 26 26 24 22 21 21 20 19 19 19 17 17 16 16 15 12 12 12 12 12 12 9 9 9 9 8 7 7 5 5 5 4 4 3 3 2 1 1 1 
67 59 56 53 52 50 46 44 44 39 36 34 34 33 33 32 30 28 27 25 25 25 20 20 20 20 19 19 19 17 17 17 16 16 15 12 12 12 12 12 11 9 9 8 7 6 6 6 5 5 5 4 3 2 1 1 1 1 1 
67 59 55 53 49 49 42 42 42 36 34 31 30 29 29 29 27 27 26 25 25 23 20 20 18 17 17 17 17 17 17 14 14 11 11 11 9 9 9 8 8 7 7 7 6 6 6 6 5 5 5 3 3 2 1 1 
66 57 53 53 49 48 42 42 42 35 33 31 30 29 29 29 26 25 25 25 24 22 19 18 17 17 17 17 17 17 16 14 14 11 8 8 8 8 8 8 8 7 7 7 6 6 6 5 5 5 4 2 1 
65 57 53 52 48 47 41 41 40 35 32 31 29 29 28 26 26 25 25 25 23 21 19 18 17 16 16 16 16 13 13 13 9 9 8 7 7 7 7 7 7 6 5 5 5 5 5 5 4 4 2 1 
65 53 52 52 42 42 40 40 37 35 32 30 29 27 26 26 26 24 24 23 22 21 19 18 16 16 16 16 15 13 12 11 8 8 8 7 6 6 6 6 6 6 5 5 5 5 5 3 3 3 2 1 
63 53 52 49 39 39 37 36 36 30 30 29 29 27 24 24 23 23 22 22 21 20 18 17 16 16 15 15 12 11 9 8 7 6 6 6 6 6 6 6 6 5 5 5 5 5 5 3 3 2 2 1 
63 53 52 48 39 39 36 36 35 30 30 29 29 27 24 24 23 22 22 20 20 19 18 17 16 15 15 14 12 9 9 7 7 6 6 6 6 6 6 6 6 5 5 5 5 4 4 3 3 2 2 1 
60 53 51 45 37 36 36 35 32 30 29 29 26 25 24 24 21 20 20 19 19 17 16 16 15 15 14 14 10 8 7 7 7 6 6 6 6 6 5 5 5 5 5 5 5 4 4 3 3 2 2 1 
59 52 49 45 37 36 34 33 31 29 28 28 25 25 23 21 19 19 19 19 18 16 16 14 13 13 13 13 9 8 7 7 7 6 6 6 6 6 5 5 5 5 5 5 4 4 4 3 2 1 1 
58 52 44 44 37 34 32 30 30 26 26 26 25 25 23 19 19 19 19 19 17 16 15 14 13 13 13 13 8 8 7 7 6 6 6 6 6 6 4 4 4 4 4 4 4 4 4 3 2 1 1 
52 52 44 42 36 34 30 28 26 26 26 26 23 23 22 19 19 19 19 18 17 15 13 13 13 13 12 10 8 7 6 6 6 6 6 6 6 6 4 4 4 4 4 4 4 3 2 2 1 1 1 
52 46 39 39 35 33 30 26 26 26 25 24 23 23 21 19 19 18 18 16 16 14 13 13 13 13 12 10 8 7 6 6 6 6 6 6 4 4 4 4 4 4 4 4 2 2 2 2 1 1 1 
49 46 38 37 35 31 28 26 26 26 25 22 22 22 21 19 19 18 17 16 15 14 13 13 13 11 11 10 7 7 6 6 6 6 6 4 4 4 4 4 4 4 2 2 2 2 2 1 1 1 1 
49 41 38 37 35 30 28 26 26 26 25 22 22 20 20 19 18 18 17 15 14 13 13 13 13 11 10 10 7 6 6 6 6 6 5 4 4 4 4 4 3 3 2 1 1 1 1 1 1 1 1 
49 41 38 37 33 29 28 26 25 25 25 22 21 19 18 18 18 17 15 14 13 13 13 11 11 10 10 10 6 6 6 6 6 6 5 4 4 4 4 3 3 3 2 1 1 1 1 1 1 1 
49 41 35 32 30 26 26 26 25 25 25 21 20 17 17 17 17 15 14 14 13 12 12 11 11 10 10 10 6 6 6 6 6 5 4 4 4 4 3 3 3 3 2 1 1 1 1 1 1 1 
46 39 34 31 30 26 26 26 25 25 23 21 20 17 17 17 17 15 14 14 12 12 12 11 11 9 9 8 6 6 6 5 5 5 4 4 4 4 3 2 2 2 2 1 1 1 1 1 1 
45 39 34 30 30 26 26 24 23 23 22 21 20 17 16 16 15 15 14 12 12 12 11 9 9 9 9 8 6 5 5 5 5 5 4 4 4 4 3 2 2 2 2 1 1 1 
44 39 34 30 29 26 26 24 22 21 21 20 18 17 15 15 14 13 13 12 12 11 10 9 9 9 8 8 6 5 5 5 5 4 4 4 4 3 2 2 2 1 1 1 1 1 
44 39 34 30 29 25 24 22 22 21 21 20 17 17 14 14 14 13 13 12 12 11 10 9 9 6 6 6 6 5 5 5 5 4 4 4 4 3 2 2 2 1 1 1 
44 39 33 29 28 25 24 21 21 21 21 20 17 16 13 13 11 11 11 11 11 10 10 9 7 6 6 6 6 5 5 5 5 4 4 3 3 3 2 1 1 1 1 
43 35 33 28 28 25 24 21 21 20 20 17 16 14 13 12 11 11 11 11 11 10 10 9 7 6 6 6 6 5 5 5 5 4 4 3 3 3 2 1 1 1 
41 35 32 28 27 24 22 21 21 20 14 14 14 13 13 12 11 11 11 11 11 10 9 9 7 6 6 6 6 5 5 5 5 4 3 3 3 2 2 1 1 1 
41 34 32 28 26 22 21 19 19 19 14 14 13 13 12 11 11 11 11 11 10 10 9 8 7 6 6 6 6 5 5 5 4 4 3 2 2 2 1 1 1 
40 34 32 28 24 21 21 19 18 18 14 13 13 12 11 11 9 9 9 9 9 9 9 8 6 6 6 6 6 5 4 4 4 3 3 2 2 1 1 1 1 
39 34 30 27 24 20 18 18 17 17 14 12 12 12 11 10 9 9 9 8 8 8 7 7 6 6 6 6 5 5 4 4 3 3 3 2 2 1 1 1 
39 31 30 26 24 20 18 18 17 14 14 12 12 9 9 9 9 8 7 7 7 7 7 7 6 6 6 5 5 5 4 4 3 3 3 2 1 1 1 1 
39 31 30 26 24 20 18 18 17 14 14 12 11 9 9 9 7 7 7 7 7 6 6 6 6 6 5 5 5 4 4 4 3 2 2 2 1 1 1 1 
36 31 30 23 23 20 18 17 17 14 13 12 11 9 9 9 7 7 7 7 7 6 6 6 6 6 5 5 5 4 3 3 3 2 1 1 1 1 1 1 
36 31 29 23 20 19 18 17 17 13 13 12 11 9 9 9 7 7 7 7 7 6 6 6 6 6 5 4 4 4 3 2 2 1 1 1 1 1 1 
35 31 29 22 19 17 17 17 16 13 13 12 11 9 9 8 7 7 7 7 6 6 6 6 6 6 5 4 3 3 3 2 2 1 1 1 1 1 
35 31 29 21 19 17 17 17 14 12 11 10 9 9 9 8 7 7 7 7 6 5 4 4 3 3 3 3 3 2 2 2 2 1 1 1 1 1 
34 31 29 18 18 17 17 15 11 11 11 9 9 8 8 8 7 7 7 7 6 5 4 4 3 3 3 2 2 2 2 2 2 1 1 1 1 1 
33 31 29 18 18 16 16 11 10 10 9 9 9 8 8 8 7 7 7 7 6 5 4 4 3 3 3 2 2 1 1 1 1 1 1 1 1 1 
29 28 27 18 17 16 12 11 10 10 9 9 9 8 8 7 6 6 6 6 4 4 4 4 3 3 3 2 2 1 1 1 1 1 1 1 1 
28 27 25 18 17 16 12 11 9 9 9 9 9 8 7 7 6 6 6 4 4 4 4 4 3 2 2 2 2 1 1 1 1 1 1 1 1 
26 26 25 18 16 15 11 10 9 9 9 9 9 8 7 6 6 6 5 4 4 4 4 4 3 2 2 2 1 1 1 1 1 1 1 1 
26 26 24 18 16 15 10 10 9 9 9 9 9 8 6 6 6 6 5 4 4 4 4 3 3 2 2 2 1 1 1 1 1 1 
26 22 22 18 16 14 9 9 9 9 9 9 9 7 6 6 6 5 5 4 4 4 3 3 3 1 1 1 1 1 1 1 1 
26 22 22 18 15 14 9 9 9 9 9 9 8 7 6 6 6 5 4 4 4 3 2 1 1 1 1 1 1 1 1 1 1 
26 22 21 17 15 13 9 9 9 9 9 9 8 7 6 6 6 4 3 3 3 3 2 1 1 1 1 1 1 1 1 
26 22 21 17 14 13 9 9 9 9 9 8 8 7 6 6 4 4 3 3 3 2 2 1 1 1 1 1 1 1 1 
26 22 21 14 14 12 9 9 9 9 9 8 8 7 6 5 4 4 3 3 3 2 2 1 1 1 1 1 1 1 
26 22 21 14 14 12 9 9 9 9 8 7 7 7 6 5 4 4 3 3 3 2 2 1 1 1 1 1 1 
26 21 21 14 13 12 9 9 8 8 8 7 7 6 5 5 4 4 3 3 2 2 2 1 1 1 1 1 
25 21 21 14 12 12 9 8 8 8 7 7 7 6 5 5 4 3 3 2 2 2 2 1 1 1 
25 21 20 14 12 12 9 8 8 8 7 6 6 6 5 5 4 3 3 2 2 1 1 1 1 
23 21 20 13 12 12 9 8 8 7 7 6 6 5 5 5 4 2 2 2 2 1 1 1 1 
23 21 20 13 12 12 9 8 8 7 7 6 5 5 5 5 4 2 2 2 2 1 1 1 
21 21 19 13 12 12 8 7 7 7 7 5 5 5 4 4 4 2 2 2 1 1 1 1 
21 20 19 13 12 11 8 7 7 6 6 5 5 5 3 3 3 2 2 1 1 1 1 1 
20 19 18 13 11 10 8 7 7 6 6 4 4 4 3 3 2 1 1 1 1 1 1 1 
20 19 17 13 10 10 8 7 7 6 5 4 4 4 3 2 2 1 1 1 1 1 1 1 
19 18 17 13 10 10 8 7 7 5 5 4 4 4 3 2 2 1 1 1 1 1 1 1 
19 18 17 13 10 9 8 7 7 5 4 4 4 4 2 2 2 1 1 1 1 1 
19 17 17 13 10 9 8 7 7 5 4 4 4 4 2 2 2 1 1 1 1 1 
18 17 17 13 10 9 8 7 6 5 4 4 4 4 2 2 1 1 1 1 1 1 
18 17 16 12 10 7 7 7 6 4 4 4 4 4 2 2 1 1 1 1 1 
17 17 15 12 10 7 7 7 4 4 4 4 4 4 2 2 1 1 1 1 
17 13 13 12 10 7 7 6 4 4 4 4 4 4 2 2 1 1 
17 13 12 12 10 7 7 6 4 4 4 3 3 2 2 
13 12 12 12 10 7 7 5 4 4 4 3 2 2 1 
13 12 12 12 9 7 7 5 4 4 4 3 2 1 
13 12 12 11 9 7 7 5 4 4 4 1 1 1 
13 12 12 11 8 7 7 5 4 3 3 1 1 1 
13 12 11 11 8 7 7 4 4 3 2 1 1 
13 12 10 10 8 7 6 4 4 2 1 1 1 
13 11 9 9 8 7 6 4 4 2 1 1 1 
12 9 9 8 8 6 6 4 3 2 1 1 
12 9 8 8 7 6 3 3 3 2 1 1 
10 9 8 7 7 6 3 3 3 1 1 1 
10 9 7 7 6 4 3 3 2 
10 7 7 7 6 4 3 3 2 
10 7 7 7 6 3 3 3 2 
10 7 7 7 6 3 3 3 1 
10 7 6 6 6 3 3 3 1 
10 7 6 6 5 3 3 3 1 
10 7 6 6 5 3 3 2 
10 7 6 6 3 3 3 1 
10 7 6 6 3 3 2 
10 7 6 6 3 3 2 
10 7 5 5 3 2 2 
10 7 5 5 3 2 1 
9 7 5 4 3 2 1 
9 7 5 4 3 2 1 
8 6 5 4 3 2 1 
8 6 4 4 3 2 1 
7 5 4 4 3 1 1 
7 5 4 3 2 1 
6 5 4 3 2 
6 4 4 3 2 
6 4 4 3 1 
6 4 4 3 1 
5 4 3 3 1 
5 4 3 3 1 
4 3 3 3 1 
4 3 3 3 
4 3 3 3 
3 3 3 3 
3 3 2 2 
3 3 2 2 
3 3 2 2 
3 2 2 2 
3 2 2 2 
3 2 2 2 
3 2 2 2 
3 2 2 2 
3 2 2 2 
2 2 1 1 
2 2 1 1 
2 1 1 1 
2 1 1 1 
2 1 1 1 
2 1 1 1 
2 1 1 1 
2 1 1 1 
2 1 1 1 
2 1 1 1 
2 1 1 1 
2 1 1 1 
2 1 1 1 
2 1 1 
2 1 1 
2 1 1 
2 1 1 
2 1 1 
2 1 1 
2 1 1 
2 1 1 
2 1 1 
2 1 
2 1 
2 1 
1 1 
1 1 
1 
1 
1 
1 
1 
