173 155 142 131 130 126 111 106 104 102 102 102 100 97 97 97 96 96 93 85 85 83 80 78 78 75 74 69 69 69 69 67 66 65 63 62 58 57 57 55 53 52 52 52 52 45 45 45 44 43 37 37 37 37 36 35 35 35 35 34 34 34 34 31 31 31 31 31 31 29 29 29 29 28 27 27 26 25 24 23 20 20 18 18 18 18 16 16 16 16 16 16 16 16 15 15 14 14 13 12 12 11 11 11 11 11 11 11 11 10 8 7 6 6 6 6 6 6 6 6 6 6 6 6 6 6 6 6 6 6 6 6 4 4 4 4 4 4 3 3 3 2 2 2 2 2 2 2 2 1 1 1 1 
158 141 131 129 126 121 108 100 98 98 97 96 91 88 88 88 75 75 75 73 71 68 68 68 68 68 68 62 62 59 57 57 57 56 55 53 53 51 51 51 47 45 45 45 45 45 43 41 41 40 37 36 36 36 35 35 34 33 32 32 31 30 27 27 27 27 27 25 25 25 24 24 23 23 23 23 22 18 18 18 18 18 18 18 17 17 16 16 16 16 16 14 13 13 13 12 12 9 9 9 9 9 8 8 8 8 7 7 7 7 7 7 6 6 6 6 6 6 6 4 4 4 3 3 3 2 2 2 2 2 2 2 2 2 
143 132 126 126 117 112 103 96 93 89 89 87 86 83 80 76 75 73 69 69 68 68 68 65 64 63 62 58 56 56 56 56 53 51 48 48 48 47 42 42 41 41 41 41 40 36 36 35 35 35 33 33 33 31 31 30 30 29 29 28 28 27 27 26 26 26 25 25 22 22 22 21 21 21 19 17 17 17 16 15 15 15 12 12 11 11 11 11 11 11 11 11 11 11 10 10 9 9 9 9 8 7 7 6 6 6 6 6 6 5 5 5 5 5 5 5 3 3 3 3 2 2 2 1 1 
121 120 113 105 102 94 94 94 93 84 81 79 77 73 73 73 71 71 68 60 60 57 57 57 57 57 57 55 54 49 49 47 47 45 44 43 42 42 41 41 39 38 38 36 36 36 35 35 33 33 32 31 31 31 31 30 29 29 28 27 25 25 25 23 23 21 20 20 20 19 19 19 17 17 17 17 12 12 12 12 12 12 12 12 11 11 11 11 11 11 11 10 10 10 9 8 8 8 8 8 6 6 6 6 6 5 3 3 3 3 3 3 3 2 2 2 2 2 2 2 1 1 1 
119 111 107 105 95 91 89 87 86 79 72 72 72 72 71 71 70 69 66 60 59 57 57 57 56 56 54 52 51 47 46 44 44 44 43 42 41 41 40 38 38 38 37 36 36 35 35 35 32 31 30 30 27 26 26 25 25 24 22 21 21 20 20 18 18 18 18 18 18 16 16 16 13 13 13 13 12 12 12 11 11 11 11 11 11 11 10 10 10 9 9 9 9 8 8 8 8 6 6 6 6 6 5 5 4 4 3 3 2 2 2 2 2 2 2 2 1 1 1 1 1 
108 103 100 95 90 88 88 85 85 77 72 70 69 69 69 69 69 68 64 59 59 57 57 55 55 55 53 51 48 47 45 44 43 43 42 41 40 40 39 38 36 34 34 34 34 34 32 32 32 28 27 27 26 26 24 22 22 22 20 20 20 19 19 18 18 17 17 16 16 16 14 14 12 12 12 12 12 12 12 11 11 11 11 11 11 10 10 10 10 8 8 8 8 8 8 8 7 6 6 6 6 5 5 4 3 3 3 3 2 2 2 2 2 2 2 2 1 1 1 
99 95 94 93 89 87 86 85 85 77 72 70 69 69 69 66 66 66 63 59 58 57 55 54 51 51 51 49 44 41 41 41 41 39 38 38 37 36 35 34 32 31 30 30 30 30 30 26 26 26 26 26 24 24 23 22 21 18 18 17 17 17 17 17 17 16 16 16 16 15 14 12 12 12 12 12 11 11 11 11 11 11 10 9 9 9 9 9 8 7 7 7 7 6 6 6 6 6 6 5 4 4 4 3 3 2 2 1 1 1 1 1 1 1 1 1 1 1 
93 93 93 89 88 87 86 83 81 73 71 70 69 69 64 64 61 60 58 58 57 55 53 53 50 49 45 45 44 41 41 41 38 37 36 35 35 34 33 31 30 30 30 29 29 23 23 23 23 23 23 22 21 21 20 20 19 18 17 17 17 17 17 17 16 16 16 15 13 13 12 12 12 12 12 10 10 10 10 10 10 9 9 8 7 6 6 6 6 6 6 6 6 6 6 6 5 5 4 4 4 4 4 3 2 1 1 1 1 1 1 1 1 1 
93 93 88 87 86 84 84 82 81 73 71 68 68 64 63 60 60 59 57 55 54 54 51 49 48 47 43 43 41 39 39 39 37 36 35 34 34 33 33 30 30 30 26 26 26 23 23 23 23 20 20 19 19 18 18 18 18 18 17 17 17 17 16 16 15 14 13 12 12 12 10 10 10 9 8 8 8 8 8 8 7 7 7 7 7 6 6 6 6 6 6 6 5 5 5 5 5 4 4 2 2 2 2 2 2 1 1 1 1 1 1 1 1 1 
93 91 88 87 85 83 83 75 74 71 71 68 68 63 59 58 58 55 55 55 54 52 49 48 46 43 42 42 40 39 38 36 35 32 32 32 32 32 31 30 28 27 26 25 23 23 23 23 22 20 20 19 19 17 17 15 14 14 14 14 12 11 11 10 10 10 9 9 9 9 9 8 8 8 8 8 7 6 5 5 5 3 3 3 3 3 3 3 3 3 3 3 3 3 3 3 2 2 2 2 2 2 2 2 1 1 1 1 1 1 1 1 1 1 
93 91 85 84 84 83 79 75 71 71 69 68 66 60 57 57 56 54 52 52 51 50 47 44 44 43 42 42 39 38 35 34 34 32 32 32 32 31 29 27 27 26 25 21 21 21 21 18 18 18 18 18 18 17 16 14 14 14 13 13 12 10 10 10 9 8 8 8 8 8 8 8 8 7 7 7 7 5 5 5 4 3 3 3 3 3 3 3 3 3 3 3 3 2 2 2 2 2 2 2 2 1 1 1 1 1 1 1 1 1 1 
93 87 85 84 82 77 77 74 71 69 68 65 63 59 57 56 54 52 52 49 48 47 46 42 41 41 41 41 38 38 35 34 32 32 31 31 30 29 28 27 27 25 24 20 20 20 18 18 18 18 16 16 15 15 15 14 14 13 12 12 11 10 8 8 8 8 8 8 8 7 7 7 7 6 6 6 6 5 3 3 3 3 3 3 3 3 3 3 3 3 3 2 2 2 2 2 2 2 2 1 1 1 1 1 1 1 1 1 1 1 1 
91 87 85 84 80 76 74 69 68 68 65 64 61 55 50 49 49 47 47 46 45 44 43 41 39 39 38 37 36 36 35 34 31 31 31 31 28 27 27 27 25 23 20 20 20 18 18 18 17 16 15 15 15 14 14 14 12 12 12 11 10 10 8 8 8 8 8 8 8 7 7 6 6 6 6 6 4 4 3 3 3 3 3 3 3 3 3 3 3 3 3 2 2 2 2 2 2 2 1 1 1 1 1 1 1 1 1 1 1 1 
90 87 83 82 77 76 72 67 66 66 62 60 51 51 50 48 48 47 47 46 43 39 38 37 34 34 34 34 34 34 33 33 31 31 31 29 28 27 25 25 23 20 20 19 19 18 17 17 16 15 14 14 14 14 14 12 12 11 10 10 10 10 8 8 8 8 8 7 7 7 6 6 6 6 6 4 4 3 3 3 3 3 2 2 2 2 2 2 2 2 2 2 2 2 2 2 1 1 1 1 1 1 1 1 1 1 
87 86 80 73 69 68 68 65 65 64 61 57 51 51 50 48 48 45 45 44 41 38 37 37 34 34 33 33 32 32 32 31 31 29 29 28 27 24 24 23 19 19 19 19 19 16 16 15 15 15 14 14 13 12 12 12 12 10 10 10 10 9 8 8 8 8 8 7 7 6 6 6 6 6 6 4 4 3 3 3 3 2 2 2 2 2 2 2 2 2 2 2 1 1 1 1 1 1 1 1 1 1 
86 85 74 72 68 68 68 65 65 63 58 52 51 49 49 48 47 45 43 42 40 38 37 33 32 32 31 31 31 31 29 28 27 27 27 27 27 23 22 22 19 19 19 18 16 15 15 15 15 14 13 13 12 12 12 12 10 10 10 10 10 9 8 8 8 8 8 6 6 5 5 5 5 5 4 4 4 3 3 2 2 2 2 2 2 2 2 2 2 2 1 1 1 1 1 1 
83 80 73 71 68 68 65 64 62 61 58 51 50 49 48 48 46 44 43 41 36 36 36 33 31 31 31 31 31 31 29 27 27 27 26 26 24 23 21 20 19 19 18 18 16 15 15 15 13 13 13 12 12 12 12 12 10 10 10 10 9 8 8 8 7 6 5 5 5 5 5 5 5 5 4 4 3 3 2 2 2 2 2 2 2 2 2 2 2 1 1 1 1 1 
81 80 72 69 68 68 65 62 61 58 56 51 50 48 47 45 45 44 41 41 36 36 34 32 31 31 31 31 31 30 29 27 26 26 26 23 23 22 21 20 18 18 18 17 15 15 14 14 13 13 13 12 12 12 11 11 10 10 10 9 9 8 6 6 6 5 5 5 5 5 5 4 4 4 3 3 2 2 2 2 2 2 2 2 2 2 2 1 1 
81 80 71 69 68 65 64 62 59 56 52 51 49 47 45 45 45 43 41 39 34 33 33 31 31 30 30 30 29 29 27 26 26 26 24 22 22 20 20 19 18 17 17 16 15 15 14 14 13 13 13 12 12 12 11 11 10 10 9 8 8 8 6 6 6 5 5 5 5 4 4 4 4 3 3 3 2 2 2 2 1 1 1 1 1 1 1 1 
81 80 71 69 66 62 59 59 58 56 50 45 45 45 45 45 43 39 38 38 33 32 32 30 29 29 28 28 28 26 26 26 24 24 22 21 20 19 19 19 18 17 17 16 15 14 14 14 13 13 13 12 12 11 10 10 10 9 8 8 7 7 6 6 6 5 5 4 4 4 4 4 2 2 2 2 2 2 2 2 
81 78 70 68 64 62 59 56 56 54 50 45 45 45 44 43 41 38 37 36 33 32 32 30 29 27 27 26 26 25 25 24 23 22 21 20 19 18 18 18 17 17 16 15 15 14 13 13 13 12 10 10 10 8 8 8 8 8 8 7 7 6 5 5 5 4 4 4 4 3 3 3 2 2 2 2 1 
81 78 68 66 62 61 56 56 50 50 46 45 45 42 40 37 37 35 35 34 33 31 29 29 29 27 26 25 25 24 24 23 21 20 20 19 17 17 17 16 16 15 15 14 14 13 12 12 12 10 9 9 8 8 8 7 7 6 6 6 6 4 4 4 4 4 3 3 3 3 3 3 2 2 2 1 1 
80 76 66 66 62 58 56 55 48 48 45 44 43 41 39 37 37 35 33 32 31 30 28 28 28 26 25 25 24 20 19 18 17 17 16 16 16 16 15 15 14 14 14 14 14 13 12 11 11 10 8 8 8 8 8 6 5 5 5 5 5 4 4 4 4 3 3 3 2 2 2 2 2 2 1 1 
75 74 66 64 61 56 56 54 48 46 44 40 40 38 38 36 36 34 30 30 29 28 28 27 25 25 24 23 22 20 19 18 17 16 16 16 16 16 14 13 12 12 12 12 12 11 11 10 7 7 7 7 5 4 4 4 4 4 4 4 3 3 3 3 3 3 3 3 2 2 2 2 2 2 1 1 
75 71 65 64 59 56 55 53 46 45 42 39 38 36 36 34 32 32 30 30 28 27 24 23 22 22 22 22 21 19 19 18 17 16 16 16 16 15 12 12 12 11 11 11 10 10 7 6 6 6 6 5 5 4 4 4 4 4 4 4 3 3 3 3 3 3 3 3 2 2 1 1 
75 69 63 61 55 54 54 49 46 42 40 36 36 36 35 29 26 24 23 23 23 23 23 21 21 21 20 20 20 17 17 16 16 16 16 16 14 12 12 12 11 10 10 10 10 8 7 6 6 5 4 4 4 4 3 3 3 3 3 3 3 3 2 2 2 2 2 2 2 1 
74 69 63 61 54 54 52 46 44 38 38 36 34 32 31 24 24 23 23 23 23 22 22 21 20 20 20 19 18 17 16 16 16 16 16 11 11 11 11 11 10 10 9 9 9 7 7 6 5 5 3 3 3 3 3 3 3 3 3 3 3 3 2 2 2 2 1 1 1 1 
73 60 58 57 54 54 51 46 42 38 38 36 34 32 25 24 24 22 22 22 22 22 21 20 20 19 19 17 17 17 16 16 16 15 15 11 11 11 10 10 8 8 8 7 7 7 6 5 3 3 3 3 3 3 3 3 3 3 3 3 3 3 2 2 1 1 1 1 1 1 
73 59 55 55 54 50 46 45 42 37 34 34 31 31 25 24 23 22 22 22 22 22 20 15 15 15 15 15 15 15 15 15 15 13 12 10 7 7 7 7 7 7 7 7 7 7 6 4 3 3 3 3 3 3 3 3 3 3 3 3 3 2 2 1 1 
72 59 55 51 48 48 45 43 39 35 32 32 31 31 24 24 23 21 21 20 19 19 17 15 15 15 15 15 15 15 11 11 11 11 11 10 7 7 7 7 7 7 7 7 7 7 5 4 3 3 3 3 3 3 3 3 3 3 2 2 2 2 1 1 1 
71 58 51 48 46 44 44 42 37 35 31 29 27 27 23 22 22 21 21 19 19 18 15 15 15 15 15 15 15 14 11 11 11 11 10 8 7 7 7 7 6 6 6 6 6 5 4 3 3 3 3 3 3 3 3 3 3 2 2 2 2 2 1 1 1 
68 51 50 47 43 37 37 37 35 31 29 29 24 22 21 20 20 20 20 19 19 18 15 15 15 15 15 14 14 14 11 11 11 10 9 6 6 6 6 6 6 6 6 6 6 4 4 3 3 3 3 3 3 3 3 3 2 2 2 1 
68 51 50 47 43 37 37 36 33 31 27 27 22 21 20 20 19 19 19 19 16 16 15 15 15 15 15 13 13 12 10 9 8 8 7 6 6 6 6 6 6 6 6 6 6 3 3 3 3 3 3 3 3 3 3 2 2 2 2 
66 50 48 42 41 37 37 36 29 28 26 24 22 21 20 20 19 18 18 17 16 16 15 15 14 14 13 12 11 10 9 8 7 7 7 6 6 6 6 6 6 6 6 6 4 3 3 3 3 3 3 3 2 2 1 1 
66 49 47 42 41 37 35 32 27 26 25 23 20 20 19 19 17 17 17 17 16 14 14 14 14 14 13 12 10 10 9 8 7 7 7 6 6 6 6 6 6 6 5 5 4 3 3 3 3 3 3 2 1 1 
63 44 43 42 41 36 32 29 25 25 24 22 20 20 19 18 17 17 17 17 15 14 14 14 13 13 13 10 9 9 9 8 6 6 6 6 6 6 6 6 5 5 5 4 4 3 3 3 3 3 2 2 1 
60 44 43 40 40 31 29 27 24 24 22 22 20 19 19 18 17 17 16 16 15 14 14 13 13 12 12 10 9 9 7 7 6 6 6 6 6 6 6 4 4 4 4 4 3 3 3 3 3 3 2 2 1 
57 43 43 39 39 29 28 25 24 24 22 22 20 19 19 16 16 15 15 15 15 14 14 12 12 12 12 10 9 9 7 6 6 6 6 6 6 6 5 4 4 4 4 4 3 3 2 2 2 2 2 1 1 
57 43 41 39 37 29 28 25 24 23 21 20 19 19 19 16 16 15 15 13 13 12 12 12 12 12 11 10 9 9 7 6 6 6 6 6 5 5 5 4 4 3 3 3 3 3 2 2 2 2 2 1 1 
57 42 41 38 37 28 27 25 24 22 21 20 19 19 16 16 16 15 13 13 13 12 12 11 11 11 11 9 9 9 7 6 6 6 6 6 5 5 5 4 3 3 3 3 3 2 2 2 2 1 1 
56 42 39 35 33 27 27 24 24 22 21 19 18 18 16 16 15 13 13 12 12 11 11 10 10 8 8 8 7 7 6 6 6 6 6 5 5 5 5 4 3 3 2 2 2 2 2 2 1 1 
56 42 38 35 31 27 26 24 23 21 19 18 17 16 16 15 14 13 11 11 10 10 10 10 10 8 8 8 7 7 6 6 6 5 5 5 5 5 4 3 3 2 2 2 2 2 2 2 
56 40 36 33 27 26 25 22 22 21 19 18 17 15 15 14 13 11 10 9 9 9 9 9 9 8 8 8 7 7 6 6 6 5 5 5 3 3 3 3 2 2 2 1 1 1 1 1 
56 40 35 33 27 26 23 21 21 21 19 16 16 15 13 13 12 10 9 9 9 9 9 9 9 8 8 8 6 6 5 5 5 5 5 3 3 3 3 3 2 2 1 1 1 1 1 1 
45 38 34 33 26 23 23 21 21 19 16 15 14 14 13 12 12 9 9 9 9 9 9 9 8 8 6 6 5 5 5 5 5 5 4 3 3 3 3 3 2 2 1 1 1 1 1 1 
45 36 33 32 26 22 22 21 21 19 15 13 13 13 13 12 10 8 8 8 8 7 7 7 7 7 6 5 5 5 5 5 4 4 3 3 3 3 3 3 2 2 1 1 1 1 
45 36 32 32 26 22 21 21 20 19 14 13 13 12 11 11 9 8 8 8 8 7 7 7 6 5 5 5 5 5 5 5 3 3 3 3 3 3 2 2 2 2 1 1 1 
45 36 29 29 26 21 21 17 17 17 13 13 13 12 11 9 9 8 8 8 8 7 7 7 5 5 5 5 4 4 4 4 3 3 3 3 3 2 2 1 1 1 1 1 
43 34 28 27 26 21 21 17 17 17 13 13 11 11 10 9 8 8 8 8 8 7 7 6 5 5 5 5 4 4 4 4 3 3 3 3 3 2 1 1 1 1 1 
41 34 27 27 23 21 20 17 17 17 13 13 11 10 10 8 8 8 8 8 8 7 7 6 5 5 5 5 4 4 4 4 3 3 3 3 3 2 1 1 1 1 
39 34 27 27 22 20 20 17 17 17 13 13 11 10 10 8 8 8 8 8 7 7 6 5 5 5 5 5 4 4 4 4 3 3 3 2 2 2 1 1 1 1 
36 33 27 24 19 19 18 17 17 16 13 12 10 10 8 8 8 8 8 8 7 7 6 5 5 5 4 4 4 4 4 3 3 2 2 2 2 1 1 1 1 
35 31 26 23 18 18 17 17 17 14 13 12 10 10 8 8 8 8 8 7 7 6 6 5 5 5 4 4 4 4 3 3 3 2 2 2 2 1 1 1 1 
35 31 25 21 18 18 17 17 15 13 13 11 10 10 8 8 8 8 8 7 6 6 5 5 5 4 3 3 3 3 3 2 2 2 2 1 1 1 1 1 1 
34 31 24 21 18 17 17 13 13 13 13 10 10 9 8 8 8 8 7 7 6 5 5 5 4 3 3 3 3 3 3 2 2 2 2 1 1 1 1 1 1 
33 31 24 21 18 17 15 13 13 13 11 10 10 9 8 7 7 7 7 7 6 5 5 4 4 3 3 3 3 3 3 2 2 2 2 1 1 1 1 1 
33 31 24 21 18 15 15 13 13 12 11 8 8 8 7 7 7 7 6 6 6 5 4 4 4 3 3 3 3 3 3 2 2 2 2 1 1 
33 31 18 16 15 15 14 13 12 10 10 8 8 8 7 7 6 6 6 6 4 4 4 4 4 3 3 3 3 3 2 2 2 2 2 1 
33 29 16 16 15 14 13 12 11 9 9 8 8 7 6 6 6 6 5 5 4 4 4 4 4 3 3 3 3 3 2 2 1 1 1 1 
33 29 16 16 14 14 13 11 11 9 9 8 8 7 6 6 5 4 4 4 4 4 4 4 4 3 3 3 3 3 2 1 1 1 
33 29 16 15 13 13 12 11 10 9 8 8 8 6 6 5 4 4 4 4 4 4 3 3 3 3 3 3 3 2 2 1 1 1 
33 29 15 14 13 11 11 10 10 9 8 8 8 6 6 5 4 4 4 4 4 4 3 3 3 3 3 3 2 2 2 1 1 1 
33 29 15 14 12 10 10 10 10 9 8 8 7 6 5 4 3 3 3 3 3 3 3 3 3 3 3 3 2 1 1 1 
32 28 15 14 12 10 10 9 9 9 8 7 7 6 4 3 3 3 3 3 3 3 3 3 3 2 2 2 2 1 1 
32 27 15 14 12 10 10 9 9 7 7 6 6 5 4 3 3 3 3 3 3 3 3 3 3 2 2 2 2 1 1 
29 27 15 13 12 10 10 9 8 7 6 5 4 3 3 3 3 3 3 3 3 3 3 2 2 2 2 2 2 1 
28 27 15 13 10 10 10 9 7 7 6 4 3 3 3 3 3 3 3 3 3 2 2 2 2 2 2 1 1 
28 23 14 11 10 9 9 9 7 7 6 4 3 3 3 3 3 3 3 2 2 2 2 2 2 2 1 1 1 
28 23 14 10 10 9 9 7 7 6 6 4 3 3 3 3 3 3 2 2 2 2 2 2 2 1 1 1 1 
27 23 12 10 9 9 9 7 7 6 5 4 3 3 3 3 3 3 2 2 2 2 2 2 1 1 1 1 1 
25 23 12 10 9 9 9 7 7 6 4 4 3 3 3 3 3 2 2 2 2 2 2 1 1 1 1 1 1 
25 23 12 10 9 9 9 7 6 5 4 4 3 3 3 3 3 2 2 2 2 2 2 1 1 1 1 1 
25 23 11 10 9 9 9 7 6 5 4 4 3 3 3 3 3 2 2 2 2 2 2 1 1 1 1 
25 22 11 10 9 9 9 6 6 4 4 4 3 3 3 3 3 2 2 2 1 1 1 1 1 1 1 
25 22 11 10 9 9 8 5 5 4 3 3 3 3 3 3 3 2 2 2 1 1 1 1 1 
25 19 11 9 9 9 8 4 4 4 3 3 3 3 3 3 2 2 1 1 1 1 1 
25 19 9 9 9 9 8 4 4 4 3 3 3 3 3 3 2 2 1 1 1 1 1 
25 19 9 9 9 7 7 4 4 3 3 3 3 3 2 2 2 1 1 1 1 1 1 
23 18 9 9 9 7 7 4 3 3 3 3 3 3 2 2 1 1 1 1 1 1 
21 15 9 9 9 7 7 4 3 3 3 3 3 3 2 2 1 1 1 1 1 1 
21 13 9 9 9 7 7 3 3 3 3 3 3 3 2 2 1 1 1 
21 13 9 9 9 7 7 3 3 3 3 3 3 3 2 1 1 1 1 
17 12 9 9 9 7 7 3 3 3 3 3 3 3 1 1 1 1 
17 12 9 9 9 7 7 3 3 3 3 3 3 2 1 1 1 1 
17 12 9 9 9 7 7 3 3 3 3 3 2 1 1 1 1 
17 12 9 9 9 7 7 3 3 3 3 3 2 1 1 1 1 
17 12 9 9 9 7 7 3 3 3 3 3 2 1 
17 12 9 9 7 7 6 3 3 3 3 2 1 1 
15 12 9 9 7 7 6 3 3 3 2 1 1 1 
14 12 9 9 7 6 5 3 3 3 1 1 1 
14 12 9 9 7 6 5 3 3 3 1 1 1 
14 12 9 9 7 6 4 3 3 3 1 1 1 
14 12 9 9 6 5 4 3 3 2 1 1 1 
13 12 9 9 4 4 3 3 3 2 1 1 1 
13 12 9 9 4 3 3 3 3 2 1 1 1 
12 11 9 8 3 3 3 3 3 2 1 1 1 
12 11 9 8 3 3 3 3 3 1 1 1 1 
12 10 8 7 3 3 3 3 3 1 1 1 
11 9 8 7 3 3 3 3 3 1 1 1 
10 9 8 7 3 3 3 3 3 1 1 1 
10 9 8 7 3 3 3 3 3 1 1 1 
9 9 8 7 3 3 3 3 3 1 1 1 
9 9 7 7 3 3 2 2 2 1 1 1 
9 9 7 6 3 3 2 2 2 1 1 1 
9 9 7 6 3 3 2 2 2 1 1 1 
9 7 7 5 3 3 2 2 1 1 1 
9 7 7 4 3 3 2 2 1 1 1 
9 7 7 4 3 3 2 2 1 1 1 
9 7 7 4 3 3 2 2 1 1 1 
9 7 6 3 3 3 2 2 1 
9 7 6 3 3 3 2 2 1 
9 7 6 3 3 3 2 1 1 
9 7 6 3 3 3 2 1 1 
7 6 6 3 3 3 1 1 1 
7 6 6 3 3 3 1 
7 6 4 3 3 3 1 
6 5 4 3 3 3 1 
5 5 4 3 3 2 1 
5 5 4 3 3 2 1 
5 5 3 3 2 
5 4 3 3 2 
5 4 3 3 2 
5 4 3 3 2 
5 3 3 3 2 
5 3 3 3 2 
5 3 3 2 2 
4 3 3 2 2 
4 3 2 2 1 
4 3 2 2 1 
4 3 2 2 1 
4 3 2 2 1 
4 3 2 2 1 
4 3 2 2 1 
4 3 2 2 1 
4 3 2 2 1 
4 3 2 2 1 
3 3 2 2 1 
3 3 2 2 1 
3 3 2 2 1 
3 3 2 1 1 
3 3 2 1 1 
3 3 2 1 1 
3 3 2 1 1 
3 3 1 1 1 
3 3 1 1 1 
3 2 1 1 1 
3 2 1 1 1 
3 2 1 1 
3 2 1 1 
2 2 1 1 
2 2 1 1 
2 1 1 1 
2 1 1 1 
2 1 1 
2 1 1 
2 1 
1 1 
1 
1 
1 
1 
1 
1 
1 
1 
1 
1 
1 
1 
1 
1 
