162 136 133 131 124 124 120 114 104 104 103 102 100 100 100 91 83 80 79 78 76 76 72 72 70 68 66 64 63 62 61 61 60 60 59 56 56 56 56 50 41 41 41 41 40 38 38 38 38 38 38 35 35 35 34 34 34 34 34 34 33 33 33 31 31 30 30 30 30 30 29 29 29 27 26 26 26 26 26 24 24 24 24 23 22 22 22 22 22 20 20 19 18 17 17 17 16 15 14 14 12 12 12 12 11 11 11 10 10 10 10 10 10 9 8 8 8 8 8 8 7 7 7 6 6 6 6 6 6 6 6 6 6 6 6 5 4 4 4 3 3 2 2 2 2 2 2 2 2 2 2 2 2 2 2 1 1 1 1 1 1 1 1 1 1 1 1 1 1 
148 132 120 119 118 115 113 112 104 98 97 96 91 89 89 86 76 74 74 74 72 72 71 63 63 62 62 61 56 56 56 55 53 53 52 50 50 50 50 43 41 41 41 40 38 38 38 38 37 37 36 35 35 34 34 34 34 33 33 33 32 32 31 31 28 28 28 28 27 27 26 24 23 23 23 23 22 21 21 20 20 20 19 18 17 15 14 14 12 12 11 11 11 9 9 9 9 9 8 8 7 7 7 7 7 7 7 5 5 5 5 5 5 5 5 5 5 5 5 5 5 4 4 4 4 4 4 4 4 4 4 4 4 4 4 4 3 3 3 3 2 2 2 2 2 2 2 2 2 2 2 1 1 1 1 1 1 
142 129 114 104 103 103 103 94 93 91 91 90 89 88 83 82 76 74 72 71 70 61 60 60 57 57 57 56 55 53 51 50 48 48 48 46 46 46 46 42 41 39 38 38 38 38 38 36 36 33 32 30 28 28 26 26 26 25 25 25 25 25 25 25 25 24 24 24 24 23 21 21 20 19 19 17 17 17 16 16 16 16 16 14 14 14 13 12 12 7 7 7 7 7 7 6 6 6 6 6 6 6 5 5 5 5 4 4 4 4 4 4 4 4 4 4 4 4 4 4 4 4 4 4 4 4 4 4 4 3 3 3 2 2 2 2 2 2 2 2 2 2 2 2 2 2 1 
137 125 111 104 103 103 99 92 91 91 90 89 84 83 80 75 72 68 68 67 66 59 58 57 56 54 53 53 51 51 50 50 48 46 46 44 44 44 43 41 39 39 38 38 38 35 35 30 30 30 28 28 27 26 26 23 22 22 22 19 19 19 19 18 18 18 18 18 18 17 17 17 17 16 16 16 14 13 13 13 13 13 13 12 11 10 10 10 10 7 7 7 7 7 6 6 5 5 4 4 4 4 4 4 4 4 4 4 4 4 4 4 4 4 4 4 4 4 4 4 4 4 4 4 3 3 3 2 2 2 2 2 2 2 2 2 2 2 2 2 1 
131 116 110 104 96 95 93 91 89 88 82 81 81 80 79 74 71 64 64 61 57 51 51 48 47 47 47 47 46 46 46 46 46 46 43 42 42 41 41 39 39 38 36 35 32 31 30 30 30 29 27 27 25 25 25 22 22 22 22 19 19 19 17 17 17 16 16 16 16 16 16 16 15 15 15 15 14 13 13 13 13 13 12 11 11 10 10 9 9 7 6 6 5 5 5 4 4 4 4 4 4 4 4 4 4 4 4 4 4 4 4 4 4 4 4 4 3 3 3 3 3 2 2 2 2 1 1 1 1 1 1 1 1 1 1 1 1 1 1 1 1 
126 115 105 97 92 92 90 88 86 81 81 78 78 77 76 71 70 64 63 58 54 51 51 47 47 47 45 45 45 45 44 44 44 43 41 40 38 38 38 36 33 33 32 30 30 30 29 29 28 28 24 24 23 23 23 22 21 21 19 18 17 17 16 16 16 16 16 16 15 14 14 14 14 14 14 14 14 13 12 12 12 12 12 11 9 9 9 8 8 5 5 5 5 4 4 4 4 4 4 4 4 4 4 4 4 4 4 4 4 4 4 4 4 3 3 3 3 3 3 3 3 2 2 2 2 1 1 1 1 1 1 1 1 1 
125 114 103 97 92 91 84 83 83 80 78 74 74 70 69 68 64 63 58 55 52 50 49 47 47 47 45 45 45 45 44 44 42 41 41 38 38 35 35 33 33 33 30 28 28 28 28 27 26 26 23 23 23 22 22 22 19 16 16 16 16 16 16 16 16 16 15 15 14 14 14 14 14 13 13 13 13 13 12 12 11 11 10 8 8 7 7 7 7 5 5 4 4 4 4 4 4 4 4 4 4 4 4 4 4 4 4 4 4 4 4 2 2 2 2 2 2 2 2 2 2 2 2 1 1 1 1 1 1 1 1 1 1 1 
121 112 94 94 91 87 81 80 78 78 76 74 70 68 65 65 62 57 57 54 51 50 45 45 45 45 45 44 44 44 42 42 38 38 38 38 34 34 33 32 32 29 29 27 27 25 25 25 25 25 22 21 21 21 21 20 18 16 16 16 16 15 14 14 14 14 14 14 13 12 12 12 12 12 12 12 10 9 9 8 8 8 7 7 7 7 6 6 6 5 4 4 4 4 4 4 4 3 3 3 3 3 3 3 3 2 2 2 2 2 2 2 2 2 2 2 2 2 2 1 1 1 1 1 1 1 1 1 
119 100 94 93 90 85 80 78 74 68 68 67 62 62 60 58 58 57 55 51 50 48 45 45 45 43 43 43 43 41 41 39 38 37 36 36 34 33 32 32 29 28 28 26 25 24 24 23 22 21 21 21 19 19 19 19 17 16 16 15 15 15 14 14 14 14 14 14 12 12 11 10 10 10 9 9 9 8 8 7 7 7 7 6 6 6 6 6 5 4 4 4 4 4 4 4 3 3 3 3 3 3 3 2 2 2 2 2 2 2 2 2 2 2 1 1 1 1 1 1 1 1 1 1 1 
111 97 93 86 86 81 75 75 70 66 60 56 53 51 51 50 50 48 48 47 47 45 45 45 43 42 42 40 35 35 34 31 30 28 28 28 28 27 24 24 24 24 23 23 23 21 21 21 21 21 21 19 19 18 18 17 17 15 15 15 14 14 13 13 12 12 12 12 11 9 9 9 8 8 8 8 8 7 7 7 7 7 7 6 6 5 5 5 5 4 4 4 4 4 4 3 3 3 3 3 2 2 2 2 2 2 2 2 1 1 1 1 1 1 1 1 1 1 1 1 1 1 
111 95 86 83 83 79 75 72 70 56 56 54 51 51 51 49 49 48 48 47 47 41 40 39 39 37 36 34 34 34 32 31 29 28 28 28 27 25 24 23 23 23 22 22 22 21 21 21 19 19 19 19 18 16 16 14 14 14 14 14 14 13 12 12 10 8 8 8 8 8 8 8 8 8 8 7 7 7 7 6 6 6 5 5 5 5 5 5 5 4 4 4 4 4 4 3 2 2 2 2 2 2 2 2 2 1 1 1 1 1 1 1 1 1 1 1 1 1 
99 94 86 82 81 78 73 71 67 54 54 52 50 50 49 48 44 44 43 43 41 40 40 38 37 37 34 34 30 30 28 28 28 26 24 23 23 22 22 22 21 21 21 21 21 21 21 20 18 17 16 15 15 15 14 14 13 13 13 13 13 12 12 11 9 8 8 8 8 8 8 7 7 7 7 6 6 6 6 6 6 5 4 4 4 4 4 4 3 3 3 3 3 3 3 3 2 2 2 2 2 1 1 1 1 1 1 1 1 1 1 1 1 1 1 1 
99 93 86 80 78 75 67 66 65 52 52 51 50 49 49 47 44 44 43 43 41 39 39 38 37 35 34 34 30 28 28 26 25 23 23 23 23 22 22 21 21 21 21 19 19 19 19 19 17 17 15 15 15 14 14 13 13 13 12 8 8 8 8 8 8 8 8 8 8 8 8 7 7 6 6 6 5 4 4 4 4 3 3 3 3 3 3 3 3 3 3 3 2 2 2 2 2 2 2 2 1 1 1 1 1 1 1 1 1 1 1 1 
99 90 84 80 78 71 67 65 65 52 50 50 50 49 49 47 44 44 43 41 41 38 38 33 33 33 31 30 29 26 24 24 24 23 23 22 22 22 22 21 20 20 20 19 19 18 17 14 14 14 14 14 14 13 13 13 12 12 8 8 8 8 8 8 8 7 7 7 7 7 5 4 4 4 3 3 3 3 3 3 3 3 3 3 3 3 3 2 2 2 2 2 2 2 2 2 2 2 1 1 1 1 1 1 1 1 1 1 1 
99 88 80 80 74 71 67 64 62 51 50 50 50 49 49 47 42 42 41 40 39 37 36 31 31 29 28 28 28 26 24 24 22 22 22 22 22 22 20 20 20 20 20 19 19 15 15 14 14 14 14 13 13 13 13 13 12 12 8 8 8 8 8 8 7 7 7 6 6 5 5 4 4 3 3 3 3 3 3 3 3 3 3 2 2 2 2 2 2 2 2 2 2 2 2 2 2 2 1 1 1 1 1 
95 88 80 73 73 70 65 58 58 51 50 49 49 48 46 46 42 42 41 39 39 37 36 31 28 27 27 27 27 24 24 24 22 22 21 21 21 20 20 20 17 17 17 17 16 15 13 12 12 12 12 12 12 11 11 11 11 10 8 8 8 7 7 7 7 7 7 6 3 3 3 3 3 3 3 3 3 3 3 2 2 2 2 2 2 2 2 2 2 2 2 2 2 1 1 1 1 1 1 
91 82 80 73 71 67 65 58 58 51 50 47 47 46 46 44 42 42 36 36 35 35 35 31 28 27 27 27 24 23 22 22 22 21 20 20 20 20 19 18 17 17 17 16 15 12 12 12 12 12 12 11 10 10 9 9 9 9 8 8 7 7 7 7 6 5 4 3 3 3 3 3 3 3 3 3 3 3 2 2 2 2 2 2 2 2 2 2 2 2 1 1 1 1 1 1 1 1 
87 80 79 73 70 67 65 57 56 51 50 47 47 46 46 41 41 40 35 35 35 34 31 30 27 27 27 27 23 22 22 21 21 21 20 20 20 19 16 16 16 16 16 15 13 12 12 12 11 10 9 9 9 9 9 9 9 9 7 7 7 6 6 6 6 5 4 3 3 3 3 3 3 3 2 1 1 1 1 1 1 1 1 1 1 1 1 1 1 
84 80 77 70 68 65 62 53 53 51 50 47 46 46 45 40 40 40 35 34 31 31 30 29 27 27 27 25 21 21 21 21 21 20 20 20 20 18 16 16 15 14 14 13 13 12 12 12 11 9 9 9 9 9 9 8 8 8 7 6 5 5 5 5 5 4 4 3 3 3 3 3 3 3 2 1 1 1 1 1 1 1 1 1 1 1 
80 69 69 66 66 64 59 52 49 49 48 47 46 40 40 38 38 37 33 32 30 30 29 28 27 26 26 23 21 21 21 21 20 20 18 18 17 17 16 13 13 13 12 12 12 12 12 12 9 9 8 8 8 8 8 8 8 7 7 6 5 5 5 5 4 3 3 3 3 3 2 2 2 1 1 1 1 1 1 1 1 1 1 1 
72 69 69 66 66 60 59 52 49 49 45 44 44 40 38 38 35 35 32 30 30 30 28 28 27 26 26 23 21 21 20 20 20 18 17 16 16 16 13 13 13 13 12 12 12 12 11 11 9 9 8 8 8 8 8 7 7 7 6 6 5 5 4 4 4 3 3 3 3 3 2 2 1 1 1 1 1 1 1 1 
70 68 67 66 61 58 55 50 49 48 45 44 43 40 38 37 35 34 32 30 30 30 28 28 27 26 26 22 21 21 20 20 20 17 17 15 15 15 13 13 12 12 12 12 12 11 11 11 9 9 8 8 7 7 7 7 7 7 6 5 5 5 4 4 4 3 3 2 2 2 2 1 1 1 1 1 
70 66 66 65 58 55 50 49 49 46 44 43 41 40 38 37 35 34 31 30 30 29 27 27 26 26 25 22 21 20 20 20 20 16 16 15 14 14 13 13 12 12 12 12 10 10 10 10 9 9 8 7 7 7 7 7 6 5 5 5 5 5 4 4 2 2 2 2 2 2 2 1 1 1 1 
70 66 66 64 56 55 50 48 47 46 42 42 41 40 37 35 34 31 30 30 27 27 27 24 24 24 24 22 21 20 20 18 18 16 15 14 14 14 12 12 11 11 11 10 10 10 10 9 9 9 8 7 7 7 6 6 6 5 5 5 3 3 3 3 2 2 2 2 1 1 1 1 1 1 1 
69 66 65 63 56 55 49 45 44 42 41 41 41 39 36 33 33 30 30 30 27 27 22 22 22 22 22 22 21 20 20 17 16 16 14 14 14 14 12 12 11 11 11 10 9 9 9 9 7 7 7 7 7 7 6 6 5 3 3 3 2 2 2 2 1 1 1 1 
68 66 62 61 54 54 43 43 41 41 41 38 38 36 35 32 32 29 29 27 25 24 22 22 22 22 22 21 20 20 19 16 16 15 14 13 13 13 12 11 11 11 11 9 9 9 9 7 7 7 6 6 6 6 5 4 4 3 3 2 2 2 1 1 1 1 1 
67 66 62 60 54 52 43 43 41 41 40 38 37 35 34 32 31 29 29 25 24 23 22 22 22 22 22 20 20 16 16 14 13 13 12 12 12 12 12 11 10 10 10 9 9 8 8 7 7 6 5 5 3 3 3 3 3 2 2 2 2 2 1 1 1 1 
64 63 62 59 52 46 43 42 41 38 38 38 36 34 34 32 30 28 28 24 22 22 22 22 22 22 21 20 18 14 14 14 13 13 12 12 12 12 12 10 10 10 9 9 8 8 8 7 5 5 5 5 3 3 3 3 3 2 2 2 2 
64 63 59 56 52 40 40 39 39 38 38 36 36 34 34 32 29 28 26 24 22 22 22 20 20 20 20 18 17 14 14 13 13 13 12 12 12 10 10 10 10 9 8 8 8 8 8 7 5 5 5 3 3 3 2 2 2 2 2 1 1 
64 63 57 50 48 40 40 39 37 37 36 36 34 34 32 30 29 25 24 23 22 22 20 20 20 19 19 17 15 14 14 13 13 12 12 12 10 10 10 10 9 9 8 7 6 6 6 6 5 4 4 3 3 3 2 2 1 1 1 1 1 
64 58 55 47 46 40 37 36 36 36 34 34 34 32 28 28 27 25 24 20 20 19 19 19 16 16 16 16 14 14 14 12 12 12 12 10 9 9 9 9 8 8 7 6 6 6 5 4 3 3 3 3 3 3 2 2 1 1 1 1 
60 58 53 47 46 40 36 36 35 35 34 32 28 27 26 26 26 23 22 20 18 18 18 17 16 16 15 15 14 14 12 12 11 11 10 10 8 8 8 7 7 7 6 6 5 5 5 3 3 3 3 3 1 1 1 1 1 1 1 1 
60 55 53 47 45 36 36 36 35 35 34 31 28 26 25 25 25 20 19 19 18 17 17 16 16 15 15 14 14 13 12 10 10 9 9 9 7 7 7 7 7 7 6 6 5 4 3 3 3 3 3 3 1 1 1 1 
59 50 49 47 44 36 35 35 35 34 30 28 27 26 25 24 23 19 19 19 18 17 16 14 14 14 14 13 11 11 10 10 8 8 8 7 7 7 7 7 7 7 6 5 5 4 3 3 3 3 3 3 1 1 1 1 
59 49 49 46 44 36 35 35 34 33 30 28 25 25 25 22 22 19 19 18 16 16 15 13 13 13 13 13 11 10 10 9 8 8 7 7 7 7 7 7 7 5 5 5 4 3 3 3 3 3 3 2 1 1 1 1 
57 48 48 45 40 34 34 33 33 33 30 28 25 22 22 21 21 19 19 18 16 16 13 13 12 12 10 10 10 10 9 9 8 8 7 7 7 7 7 7 6 5 5 5 3 3 3 3 3 3 3 2 1 
56 48 47 44 40 33 33 33 31 29 29 28 25 21 21 21 20 18 18 17 13 13 13 13 11 11 10 10 9 9 9 9 8 7 7 7 7 7 7 7 6 5 5 4 3 3 3 2 2 2 2 1 1 
55 47 46 44 40 33 33 29 28 28 28 26 25 21 21 20 18 16 16 15 12 12 12 12 11 11 10 9 9 9 9 7 7 7 7 6 6 6 6 6 6 5 4 4 3 3 3 2 2 
55 47 42 42 39 33 33 28 28 28 27 25 25 21 21 19 17 15 15 13 11 11 11 11 10 10 10 9 9 8 8 7 7 6 6 6 5 5 5 5 4 4 4 3 3 1 
55 43 42 40 38 33 33 28 28 28 26 25 21 20 20 19 17 15 15 12 11 11 10 10 10 10 10 8 8 8 7 7 6 6 5 5 5 5 4 4 4 3 3 3 1 1 
53 41 40 37 37 33 33 28 28 27 25 25 20 20 19 18 17 15 14 12 11 11 10 10 10 10 9 8 8 7 7 7 6 6 5 5 5 4 4 3 3 3 3 2 1 1 
53 40 39 37 35 33 33 28 28 24 24 24 20 20 19 18 15 15 14 12 11 11 10 10 10 10 8 8 8 7 7 5 5 5 5 5 5 4 4 3 3 3 2 2 1 
53 38 38 37 35 33 32 28 28 24 24 23 20 19 18 18 15 15 14 12 11 11 10 10 10 8 8 6 5 5 5 5 5 5 5 4 4 4 3 2 1 
53 38 37 37 33 32 31 28 26 24 24 23 20 19 18 18 15 13 12 11 11 11 10 10 9 8 6 6 5 5 5 4 4 4 4 4 4 4 3 2 
52 36 34 33 32 32 28 28 26 22 22 22 20 19 18 16 15 13 12 10 10 9 9 9 9 8 6 5 5 5 4 4 4 4 4 4 4 4 1 1 
47 35 34 33 31 30 28 28 26 22 22 20 20 17 17 16 15 12 10 10 9 9 9 9 9 7 5 5 5 4 4 4 4 4 4 4 4 3 
47 34 33 32 29 29 24 24 22 22 21 20 20 17 16 16 15 12 10 10 9 9 9 9 8 7 5 5 4 4 4 4 4 4 4 3 3 3 
47 34 32 32 29 27 24 23 22 22 21 20 19 17 16 16 14 12 10 10 9 9 8 8 8 7 5 5 4 4 4 2 2 2 2 1 1 1 
47 34 32 32 29 25 23 23 22 22 20 19 16 16 16 12 12 12 9 9 9 8 8 8 8 6 5 5 4 4 3 2 2 2 1 1 1 1 
41 32 29 28 26 24 22 22 21 20 19 17 16 15 15 12 12 10 9 9 8 7 6 6 6 6 5 5 2 1 1 1 1 1 1 1 1 1 
41 32 27 27 26 24 22 21 21 18 18 17 16 15 13 12 11 10 8 8 8 6 6 6 6 5 5 5 2 1 1 1 1 1 1 1 1 
38 32 27 27 26 21 21 20 18 18 17 16 15 14 13 12 11 10 8 8 8 6 6 6 6 4 4 4 1 1 1 1 1 1 1 1 
38 32 27 27 24 21 21 19 18 18 16 16 15 13 13 9 9 9 8 8 8 6 6 5 5 4 4 4 1 1 1 1 1 1 1 
38 32 27 26 22 21 21 19 18 18 16 15 14 13 12 9 9 9 8 8 7 6 6 5 4 4 4 4 1 1 1 1 1 1 1 
38 31 27 23 22 21 20 18 18 18 15 14 13 12 12 9 9 9 7 6 6 6 6 5 4 4 4 4 1 1 1 1 1 1 1 
38 31 27 23 21 19 19 16 16 16 15 14 12 11 11 9 9 8 7 6 6 6 6 5 4 4 4 2 1 1 1 1 1 1 
31 30 27 23 20 19 19 16 16 16 14 14 12 11 11 9 8 7 7 6 6 5 4 4 4 4 3 2 1 1 1 1 
30 28 26 23 20 19 17 16 16 16 14 14 11 11 10 9 8 7 7 6 5 4 4 4 3 3 3 2 1 1 1 1 
30 27 26 23 20 19 16 16 16 14 14 13 11 11 10 9 8 7 7 6 5 4 4 2 2 2 2 1 1 1 1 
29 27 23 22 19 19 16 16 16 12 12 11 10 10 9 8 8 7 6 6 5 4 4 2 2 2 2 1 1 
29 27 23 22 19 17 15 15 14 12 12 10 10 10 8 8 6 6 6 5 5 4 4 2 2 2 2 1 
27 26 23 22 19 14 14 14 14 12 10 10 7 7 7 7 6 6 5 5 5 3 3 2 2 2 2 1 
27 25 22 21 19 14 14 14 14 12 10 9 7 7 7 6 6 5 5 5 4 3 2 2 2 2 2 
26 23 21 21 18 14 14 14 14 12 10 9 7 7 6 6 6 5 5 5 4 2 2 2 2 2 2 
26 23 21 19 17 14 13 13 13 10 9 8 7 7 6 6 6 5 5 5 4 2 2 2 2 2 1 
26 23 21 18 17 13 13 12 12 8 8 8 6 6 6 6 5 5 5 5 3 2 2 2 2 2 1 
26 21 20 18 17 13 13 12 9 8 8 8 6 6 6 6 5 3 3 3 2 2 2 2 2 2 1 
26 21 20 18 17 12 11 11 9 8 8 8 6 6 6 6 4 3 3 3 2 2 2 2 2 1 1 
26 21 19 18 16 11 11 10 9 8 8 8 6 6 5 5 3 3 2 2 2 2 2 2 1 1 1 
25 20 19 17 15 11 11 10 9 8 8 7 6 5 5 5 3 3 2 2 2 2 1 1 1 1 
25 19 19 16 15 11 10 9 8 7 7 7 6 5 5 4 3 3 2 2 2 2 1 1 1 
25 19 19 16 15 11 9 8 7 7 6 6 6 5 5 4 2 2 2 2 2 2 1 1 1 
24 19 19 16 15 11 9 8 7 7 6 6 6 5 4 3 2 2 2 2 2 2 1 1 
23 19 19 16 15 11 9 8 7 6 6 5 5 5 4 3 2 2 2 2 2 2 1 1 
22 19 19 16 15 10 8 7 7 6 6 5 5 4 3 3 2 2 2 2 2 1 1 1 
22 19 19 16 13 9 7 7 7 6 6 5 5 4 3 3 2 2 2 2 2 1 1 1 
21 19 19 16 12 9 7 7 7 6 6 5 5 4 3 2 2 2 2 2 1 1 1 1 
21 19 19 13 12 9 7 7 7 6 6 5 5 4 3 2 2 2 2 2 1 1 1 1 
21 19 17 13 12 9 7 7 7 6 6 5 5 4 2 2 2 2 2 2 1 1 1 
21 19 17 12 11 8 7 7 6 6 5 5 4 4 2 2 2 2 2 1 1 1 1 
20 18 15 12 11 8 7 7 6 6 5 5 4 4 2 2 2 2 2 1 1 
20 18 15 12 11 8 7 7 6 6 5 5 4 3 2 2 2 2 1 
20 17 14 12 11 7 7 6 6 5 4 3 3 3 2 2 2 2 1 
17 17 14 11 11 7 7 6 6 4 4 3 3 2 2 2 2 2 1 
17 17 14 11 11 7 7 6 6 4 4 2 2 2 2 1 1 1 
16 16 14 11 11 7 7 6 6 4 4 2 2 2 2 1 1 1 
16 16 13 11 11 7 6 6 6 4 4 2 2 2 2 1 
16 14 13 11 10 7 6 6 6 3 2 2 2 2 2 1 
15 14 13 11 10 7 6 6 6 3 2 2 2 2 2 1 
15 14 13 10 10 6 6 6 6 2 2 2 2 2 1 1 
15 14 12 9 9 6 6 6 5 2 2 2 2 2 1 
15 13 12 9 9 6 6 4 4 2 2 2 2 2 1 
15 12 12 9 9 5 5 4 3 2 2 2 2 2 1 
15 11 11 9 9 5 4 3 2 2 2 2 2 2 
12 11 11 9 8 4 4 3 2 2 2 2 1 1 
12 11 11 9 8 4 4 3 2 2 2 2 1 1 
12 11 11 9 7 3 3 3 2 2 1 1 1 1 
12 11 11 7 7 3 3 3 2 2 1 1 1 1 
12 11 9 7 6 3 3 3 2 2 1 1 1 1 
11 11 9 7 6 3 3 3 1 1 1 1 1 
11 11 8 7 5 3 3 2 1 1 1 1 
11 11 6 6 4 3 3 2 1 1 1 1 
11 11 6 5 3 3 2 2 1 1 1 1 
11 11 6 4 3 3 2 2 1 1 1 1 
11 11 6 3 3 3 2 2 1 1 
11 10 6 3 3 2 2 2 1 1 
11 9 6 3 2 2 2 1 1 1 
11 9 6 3 2 2 2 1 1 1 
11 9 6 3 2 2 2 1 1 1 
9 9 6 3 2 2 1 1 1 1 
9 9 6 3 2 2 1 1 1 1 
9 9 6 3 2 2 1 1 1 1 
9 9 6 3 1 1 1 1 1 1 
9 8 5 2 1 1 1 1 1 1 
9 8 5 2 1 1 1 1 
9 8 5 2 1 1 1 1 
9 8 5 2 1 1 1 1 
9 8 5 2 1 1 1 1 
9 8 5 2 1 1 1 
9 7 4 2 1 1 1 
9 5 4 2 1 1 1 
9 5 4 2 1 1 
9 3 3 2 1 1 
9 3 3 2 1 1 
8 3 3 2 1 1 
8 3 3 2 1 
8 3 3 1 1 
7 3 3 1 1 
7 3 2 1 1 
7 3 2 1 1 
7 3 1 1 1 
6 3 1 1 1 
6 2 1 1 
6 2 1 1 
6 2 1 1 
6 2 1 
5 2 1 
5 2 1 
5 2 1 
5 1 1 
5 1 1 
5 1 1 
5 1 1 
5 1 1 
3 1 
3 1 
3 1 
3 1 
3 1 
3 1 
2 1 
2 1 
2 1 
2 1 
2 1 
2 1 
2 
2 
2 
2 
1 
1 
1 
1 
1 
1 
1 
1 
1 
1 
1 
1 
1 
1 
