177 163 152 133 131 130 130 125 121 108 107 107 105 99 93 91 89 89 89 86 84 84 75 75 72 71 70 68 68 67 67 66 66 66 64 61 61 57 54 54 53 50 49 49 49 46 46 46 45 45 42 42 39 37 35 35 33 33 32 29 29 29 27 27 27 27 27 27 26 26 25 25 25 24 24 24 24 22 21 20 20 20 20 19 19 19 19 19 18 18 18 18 18 18 17 16 13 13 13 13 13 12 11 11 11 10 9 9 8 8 8 8 8 8 8 8 8 8 8 8 8 7 6 5 5 5 4 4 4 4 4 4 4 3 3 3 3 3 3 3 3 3 3 3 3 3 3 3 3 3 3 3 3 3 3 3 1 1 1 1 1 1 1 1 1 1 1 1 1 1 1 1 1 1 1 1 1 1 
147 132 129 126 126 124 121 119 115 108 107 102 98 95 89 82 82 82 80 80 80 79 73 73 71 70 70 68 66 65 65 64 62 62 57 53 52 52 51 51 49 47 46 44 44 43 42 41 39 38 35 35 34 34 33 32 30 30 29 29 29 25 25 25 25 25 25 24 24 24 24 22 22 21 20 19 19 19 19 18 18 18 18 18 18 18 17 17 14 14 14 13 11 11 10 10 10 10 10 9 9 9 9 9 9 9 9 8 8 8 8 8 8 7 7 7 6 6 6 6 6 5 5 5 4 4 4 3 3 3 3 3 3 3 3 3 3 3 3 3 3 3 3 2 2 2 2 2 1 1 1 1 1 1 1 1 1 1 1 
137 128 124 122 119 119 115 111 106 99 94 93 87 87 87 82 79 78 78 77 74 73 71 70 70 68 65 64 64 61 57 57 55 55 54 51 47 46 42 41 41 39 39 39 39 39 38 37 37 37 35 34 33 31 30 30 28 28 27 27 26 25 24 24 24 24 24 22 22 21 21 21 21 20 20 19 19 19 18 18 17 16 15 14 13 12 11 11 11 11 10 10 10 10 9 8 8 8 8 8 8 8 8 8 8 8 8 8 7 6 6 6 5 5 5 5 5 5 5 4 4 4 4 4 3 3 3 3 3 3 3 3 2 2 2 2 2 2 2 2 1 1 1 1 1 1 1 1 1 1 
136 126 121 112 108 108 106 105 97 92 89 89 86 84 80 79 73 67 66 65 65 64 64 62 61 61 56 55 55 54 53 52 52 50 49 47 45 45 41 41 41 39 38 37 37 37 37 37 35 35 34 32 32 30 28 27 27 27 26 25 25 23 23 23 23 21 21 21 19 16 16 16 16 16 16 16 16 15 14 14 14 14 11 11 11 11 11 10 10 10 9 8 8 8 8 8 8 7 7 6 6 6 6 6 5 5 5 5 5 5 5 5 5 5 4 4 4 4 4 4 3 2 2 2 2 2 2 2 2 2 2 2 2 2 2 2 1 1 1 1 
129 124 113 111 108 106 98 91 82 80 79 72 71 70 69 65 64 61 61 60 58 57 57 57 56 55 53 53 53 51 51 46 46 44 44 44 44 43 41 39 39 39 38 37 36 32 32 32 32 32 31 30 27 27 23 23 23 23 23 21 21 21 20 20 20 20 20 18 17 16 16 15 15 15 14 14 14 13 13 13 12 11 11 11 11 11 11 10 10 8 8 8 8 8 8 8 8 6 6 6 6 4 4 4 3 3 3 3 2 2 2 2 2 2 2 1 1 1 1 1 1 1 1 1 1 1 1 1 1 1 1 1 1 1 1 1 1 1 
125 121 108 107 105 97 96 91 80 76 76 70 70 67 62 61 61 58 57 57 57 56 53 53 52 52 47 47 44 44 44 44 44 39 38 38 37 36 34 34 34 33 33 33 30 30 30 29 28 27 27 26 24 24 23 20 19 19 19 19 19 17 17 17 17 17 17 16 14 13 13 13 13 13 9 9 9 9 8 8 7 6 6 6 6 6 6 6 6 6 6 6 6 6 6 6 6 6 6 5 5 4 4 4 3 3 2 2 2 1 1 1 1 1 1 1 1 1 1 1 1 1 1 1 1 1 1 1 1 1 1 1 1 
122 115 103 102 101 97 84 80 78 76 67 67 66 66 62 61 60 58 56 56 53 52 50 50 49 49 47 46 44 41 38 38 37 36 33 33 33 33 31 29 26 26 26 26 24 24 24 22 21 21 21 21 21 21 21 19 18 18 18 18 18 17 17 17 17 16 16 16 14 13 13 13 13 13 9 9 9 8 6 6 6 6 6 6 6 6 6 6 6 6 6 6 6 6 6 5 5 5 5 5 5 4 4 4 3 2 2 2 1 1 1 1 1 1 1 1 1 1 1 
114 107 103 101 99 89 82 71 71 68 66 66 65 65 62 61 57 57 56 54 52 49 47 47 47 46 46 45 44 40 36 36 31 31 29 29 29 28 26 26 26 25 24 23 23 22 22 20 20 19 19 19 19 19 19 19 17 17 17 16 15 15 15 15 15 15 15 14 12 12 12 12 12 11 9 8 8 8 6 6 6 6 6 5 5 3 3 3 3 3 3 3 3 3 3 3 3 3 3 3 3 3 3 3 2 2 1 1 1 1 1 1 1 1 1 1 1 1 1 
114 106 102 101 95 80 80 67 67 66 64 63 61 60 60 60 57 54 54 49 47 45 45 45 44 44 42 41 41 38 32 29 28 28 28 28 27 25 25 24 24 23 23 23 23 21 21 19 19 19 19 19 17 16 16 13 12 12 12 12 12 12 12 12 12 12 11 11 11 11 11 11 11 10 9 8 8 7 6 6 6 6 4 4 3 3 3 3 3 3 3 3 3 3 3 3 3 3 3 3 2 2 2 2 2 1 1 1 1 1 1 
112 104 99 98 93 80 75 67 66 66 64 63 61 59 57 55 55 49 46 45 45 43 43 43 42 42 40 40 39 37 30 28 28 28 28 27 27 24 24 23 23 23 22 22 22 20 20 19 18 18 17 17 14 13 12 12 12 12 12 12 12 12 12 11 11 11 11 11 10 10 10 10 9 7 7 6 6 6 5 5 4 4 3 3 3 3 3 3 3 3 3 3 3 3 3 3 3 3 2 2 2 2 2 2 1 1 1 
107 102 99 93 90 78 75 66 65 58 58 57 57 57 56 53 53 48 43 43 43 43 43 43 42 38 36 36 35 34 28 28 28 28 27 26 25 23 20 20 20 20 20 19 19 19 19 18 17 17 17 16 14 12 12 12 12 12 12 12 11 11 11 11 11 11 10 9 9 9 9 9 9 7 7 6 6 6 5 4 3 3 3 3 3 3 3 3 3 3 3 3 2 2 1 1 1 1 1 1 1 1 1 1 
107 94 90 90 89 76 74 66 64 57 55 55 55 55 50 50 49 46 42 40 39 39 39 36 36 36 35 34 33 30 28 28 28 28 25 24 24 21 20 19 18 18 18 18 18 18 17 17 17 17 15 15 13 12 12 12 12 12 12 11 11 11 10 10 10 9 9 9 9 8 7 5 5 5 5 5 5 5 5 4 3 3 3 3 3 3 3 2 2 2 2 1 1 1 1 1 1 1 
100 92 88 87 79 72 70 65 64 57 55 52 52 51 50 49 48 44 42 39 39 39 39 36 35 34 32 32 32 30 28 28 27 24 24 24 22 21 19 18 18 18 18 18 18 18 17 17 16 15 15 14 13 12 12 12 11 11 10 10 10 10 9 9 9 9 8 8 8 6 6 4 4 4 4 4 4 4 4 3 3 3 3 3 2 1 1 1 1 1 
99 89 87 84 78 68 65 62 62 57 53 51 50 50 50 47 47 44 40 39 39 38 37 35 35 33 32 32 31 30 28 28 25 24 23 23 21 18 18 18 18 18 17 17 17 16 16 16 16 15 15 13 12 12 12 12 11 11 10 7 7 7 7 7 7 7 6 6 6 6 6 4 4 4 4 4 4 3 3 2 2 2 2 2 1 1 1 1 1 
96 89 87 76 76 66 63 62 62 57 52 50 50 50 49 47 46 38 38 38 38 37 36 35 34 33 32 32 31 30 25 24 24 24 19 19 19 18 18 18 16 16 16 16 16 16 15 15 15 14 13 13 12 12 10 9 9 8 8 7 7 7 7 7 7 6 6 6 5 5 4 3 3 3 3 3 3 3 3 2 2 2 2 2 1 1 1 
96 88 82 76 73 66 63 61 61 53 52 50 50 49 48 47 44 38 38 38 37 37 36 34 34 33 32 31 30 28 24 24 24 21 19 18 18 18 18 16 16 16 16 15 15 14 14 14 12 12 11 11 11 11 10 8 8 8 8 7 7 7 7 7 6 5 5 4 4 3 3 3 2 2 2 2 2 2 2 2 2 2 1 1 1 1 1 
96 86 81 76 71 66 63 61 59 51 51 49 49 49 48 46 44 38 35 35 35 35 35 34 34 33 32 31 30 28 24 24 24 21 18 18 18 18 17 16 16 15 14 14 14 14 13 13 12 12 11 11 11 9 9 8 8 7 7 7 7 7 7 3 3 2 2 2 2 2 2 2 2 2 2 2 2 2 2 2 2 1 1 1 1 1 1 
93 85 81 76 71 65 63 57 57 51 51 49 49 47 46 43 42 37 35 35 35 33 33 33 33 31 31 26 26 25 23 23 23 20 18 18 17 17 16 15 15 14 14 14 13 13 13 11 10 10 10 9 9 8 8 8 8 7 7 7 7 6 4 3 3 2 2 2 2 2 2 1 1 1 1 1 1 1 1 1 
87 84 73 70 68 61 60 56 56 51 50 49 48 47 45 40 40 36 35 35 35 33 33 33 33 28 27 24 23 22 22 21 19 18 18 18 17 17 15 13 13 13 13 13 13 13 11 11 10 10 9 9 8 8 7 7 7 7 7 7 7 6 4 2 2 2 2 2 2 2 2 1 1 1 1 
86 82 70 69 64 58 57 56 56 49 49 47 46 45 43 40 39 36 35 35 35 33 33 31 30 28 23 22 22 22 22 21 19 18 18 18 17 15 15 13 13 12 12 12 11 11 10 10 10 10 9 8 8 7 7 7 7 7 7 7 5 5 4 2 2 2 2 2 1 1 
82 73 70 68 64 58 57 56 54 49 48 47 46 45 41 40 39 35 35 35 35 33 33 30 30 26 23 22 22 22 21 20 19 18 17 16 15 14 13 13 11 11 11 11 11 11 10 9 9 8 7 7 7 7 7 7 7 6 6 5 5 5 4 2 2 2 1 1 
81 73 67 66 63 57 57 56 52 49 47 47 44 43 39 39 37 35 35 35 34 33 29 27 26 25 23 22 22 20 17 17 15 15 15 15 15 13 13 13 11 11 11 11 11 10 9 9 8 8 7 7 7 7 7 7 5 5 5 5 5 4 4 2 2 2 1 1 
72 72 65 63 60 57 52 52 51 48 47 46 43 41 39 37 36 35 35 34 33 32 24 24 24 24 23 22 22 20 17 17 15 15 15 14 13 13 12 12 11 11 11 10 9 9 8 8 7 7 7 7 6 6 6 6 5 3 3 3 2 2 2 1 1 1 1 1 
72 71 65 62 60 53 51 51 50 48 46 45 41 41 39 37 36 35 34 32 30 28 24 24 24 23 22 22 20 20 17 17 15 13 13 13 13 13 12 12 11 11 11 10 9 9 7 7 7 6 6 6 6 6 5 4 4 3 3 3 2 2 1 
71 68 62 61 57 53 51 50 49 48 46 41 41 39 39 37 36 33 31 31 26 26 24 23 22 22 22 20 19 19 16 16 15 13 13 13 13 12 12 12 11 11 11 8 8 8 7 7 6 6 6 6 6 4 4 4 4 3 3 3 2 2 1 
71 67 61 60 56 53 49 49 49 47 42 41 41 39 37 32 28 27 26 26 23 22 21 21 18 18 18 18 18 18 15 15 15 13 13 13 12 12 11 11 9 9 9 8 8 8 7 6 6 6 6 6 4 4 4 4 4 3 3 2 2 2 1 
70 64 59 58 56 50 49 49 47 46 41 41 39 35 35 32 26 26 26 25 21 21 19 19 18 17 16 16 16 16 15 15 14 13 13 12 11 11 10 10 8 8 8 8 7 7 6 6 6 6 4 4 4 4 4 4 4 3 2 2 2 2 1 
70 64 59 58 55 49 45 45 45 42 40 39 39 35 34 31 26 26 26 25 21 19 19 19 16 16 16 16 16 16 15 13 13 12 12 11 11 11 10 9 8 8 8 8 7 7 6 5 4 4 4 4 4 4 3 3 3 3 2 2 1 1 1 
69 64 57 53 42 42 42 42 42 40 40 39 36 34 30 30 26 26 26 24 20 19 19 19 16 16 16 16 14 13 13 12 12 12 11 11 11 10 10 9 8 8 7 7 7 7 5 5 4 4 4 4 4 3 3 3 3 3 
69 59 54 49 42 42 42 41 40 40 39 33 33 33 28 28 26 26 24 21 20 19 19 16 16 16 16 16 13 13 13 12 12 11 10 10 10 9 9 7 7 7 7 6 6 6 5 4 4 4 4 4 3 3 3 3 3 2 
67 59 53 48 42 41 40 40 38 38 38 33 30 28 28 26 26 25 22 20 19 18 17 16 16 15 15 14 13 13 12 11 11 9 9 9 8 8 8 7 7 7 7 6 6 5 5 4 4 4 4 4 3 3 2 2 1 1 
65 58 53 47 41 40 40 40 38 38 37 32 30 27 26 26 26 23 22 19 17 17 16 16 16 15 15 14 11 11 11 11 11 9 9 9 7 6 6 6 6 6 6 6 5 5 5 3 3 3 3 3 3 2 2 1 1 1 
65 55 52 47 41 40 40 39 38 37 36 31 28 26 26 26 22 21 19 19 17 17 16 16 15 15 15 14 11 11 11 10 8 8 8 7 7 6 6 6 6 5 5 5 5 4 4 3 3 3 3 3 2 2 1 
61 53 52 47 40 40 40 38 37 37 32 28 28 26 24 24 21 20 19 18 17 17 16 16 15 12 12 11 11 10 10 10 8 7 7 6 6 6 6 6 6 5 5 4 4 4 3 3 3 3 2 2 2 2 1 
61 52 51 47 40 39 38 38 36 34 31 27 27 26 23 23 20 20 19 18 17 16 16 15 15 12 12 11 10 10 10 8 7 7 6 6 6 6 6 5 4 4 4 4 4 3 3 2 2 2 2 2 1 1 
61 52 45 45 40 38 38 35 34 33 28 24 24 24 23 21 20 20 19 18 17 16 16 13 13 11 11 11 10 10 9 8 7 7 6 6 6 6 6 4 4 4 4 4 4 3 3 2 2 2 2 1 1 
59 51 44 43 40 38 38 35 34 30 28 24 24 24 23 21 20 20 18 18 15 15 15 13 13 11 11 10 10 10 8 8 7 7 6 6 6 5 5 4 4 4 4 4 4 3 2 2 2 1 1 1 1 
58 50 44 40 39 37 37 35 32 30 28 24 24 24 22 21 20 20 18 17 15 15 14 13 12 11 11 10 10 9 8 7 7 7 6 6 6 5 4 4 4 4 3 3 3 3 2 2 2 1 
55 50 42 40 36 36 35 33 29 27 27 24 24 24 22 20 18 18 17 16 15 14 13 13 12 11 10 10 9 8 7 7 7 6 6 6 5 4 4 4 4 3 3 3 2 2 2 2 2 1 
53 49 42 36 36 35 32 31 29 27 26 24 24 24 22 20 18 18 16 15 15 12 12 12 11 11 9 9 7 7 7 5 5 5 5 5 4 4 4 4 3 3 3 1 1 1 1 1 1 
53 49 42 36 35 33 32 31 27 26 26 24 24 24 22 20 17 16 15 14 14 12 11 11 10 9 7 7 7 7 7 5 5 5 5 5 4 4 4 4 2 2 1 1 1 1 
49 46 41 35 35 33 30 30 26 26 26 24 24 22 21 19 17 16 14 13 13 12 11 10 9 9 7 7 7 7 7 5 5 5 5 5 4 4 4 2 2 1 1 1 1 1 
48 45 41 35 31 26 25 25 25 24 24 24 22 22 20 16 15 15 13 13 13 12 11 9 9 8 7 7 6 6 6 5 5 5 5 4 4 4 3 2 1 1 1 
48 44 33 33 31 26 25 25 24 24 24 23 22 19 15 15 15 14 12 12 12 12 10 9 8 7 7 6 6 6 5 5 5 5 5 4 4 3 2 2 1 1 1 
48 44 33 33 27 26 25 25 24 24 23 23 20 17 15 14 12 12 12 12 12 12 10 9 8 7 6 6 6 5 5 5 5 5 4 4 4 2 2 
47 44 33 32 26 26 24 24 22 22 22 21 20 17 15 12 12 12 12 12 12 11 10 9 8 7 6 6 6 5 5 5 4 4 4 3 3 
47 42 33 32 26 25 24 23 21 20 20 20 20 17 15 12 12 12 12 12 11 10 10 9 8 7 6 6 5 5 5 5 4 4 4 3 1 
46 42 33 32 25 24 24 22 21 20 20 20 17 17 15 12 12 12 12 11 10 9 9 8 7 7 6 5 5 5 5 4 4 4 4 2 1 
43 40 33 32 25 24 22 22 21 20 18 18 17 17 15 12 12 12 11 10 10 9 9 7 7 7 6 5 5 4 4 3 3 3 3 2 
43 39 33 30 25 24 22 22 21 19 18 18 17 15 12 12 11 11 10 9 9 7 7 7 6 6 5 5 5 4 4 3 3 3 3 2 
42 37 33 30 25 24 22 21 20 19 18 18 17 15 11 10 9 9 9 9 8 7 6 6 6 6 5 5 5 4 4 3 3 3 2 2 
41 37 33 30 25 23 22 21 19 18 18 17 16 13 11 9 9 9 9 9 7 7 6 5 5 5 5 5 4 4 3 3 3 2 2 2 
41 34 33 29 25 23 21 21 19 18 18 16 15 13 11 9 9 9 8 8 7 7 6 5 5 5 4 4 3 3 3 2 2 2 2 1 
41 34 31 29 25 23 21 19 19 18 15 15 14 12 9 9 9 9 8 7 6 6 6 5 5 4 4 3 3 2 2 2 2 2 2 1 
41 34 30 27 24 22 21 19 18 18 15 14 12 11 9 9 9 9 8 7 6 6 5 4 4 4 4 3 3 2 2 2 2 2 2 1 
39 33 30 26 24 21 21 19 18 15 14 13 12 10 9 9 7 7 7 6 6 6 5 4 4 3 3 3 2 2 2 2 2 2 1 1 
34 31 29 26 24 21 21 19 18 14 14 13 12 9 9 9 7 7 6 5 4 4 4 4 3 3 3 3 2 2 2 2 2 2 1 1 
32 30 29 24 24 21 18 17 16 14 11 11 11 9 9 9 6 6 5 4 3 3 3 3 3 3 3 3 2 2 2 2 2 2 
32 29 27 23 23 21 17 16 16 14 11 11 10 9 9 9 6 5 5 4 3 3 3 3 3 3 3 2 2 2 2 2 2 1 
32 27 26 23 23 21 16 15 15 13 11 11 9 9 9 7 6 5 4 3 3 3 3 3 3 3 3 2 2 2 2 2 2 1 
30 26 26 23 23 21 16 15 14 12 10 9 9 9 8 6 6 4 4 3 3 3 3 3 3 2 2 2 2 2 2 2 1 1 
30 26 23 23 23 21 15 14 14 10 9 9 9 9 8 6 4 4 4 3 3 3 3 2 2 2 2 2 2 2 2 2 1 1 
29 24 23 23 21 19 14 14 14 9 9 9 9 9 6 6 4 4 4 3 3 2 2 2 2 2 2 2 2 2 1 1 1 1 
28 24 23 23 21 18 14 14 14 9 9 9 9 8 6 5 4 4 4 3 2 2 2 2 2 2 2 2 2 2 1 1 1 1 
27 24 23 21 18 17 14 14 13 9 9 9 9 7 5 5 4 4 3 3 2 2 2 2 2 2 2 2 2 2 1 1 1 
27 24 23 21 18 15 14 13 13 9 8 8 8 6 5 5 4 4 3 3 2 2 2 2 2 2 2 2 2 2 1 1 
27 24 23 21 18 14 14 13 13 9 8 8 8 6 4 4 3 3 2 2 2 2 2 2 2 2 2 2 2 1 1 1 
27 24 23 21 18 14 13 12 11 9 8 8 8 6 4 4 3 3 2 2 2 2 2 2 2 2 2 1 1 1 1 1 
27 24 20 19 18 14 13 12 11 9 8 8 7 6 4 4 3 3 2 2 2 2 2 2 2 2 2 1 1 1 
25 23 19 19 18 14 13 11 11 9 8 8 6 5 4 4 3 2 2 2 2 2 2 2 2 2 2 1 1 1 
25 23 19 19 18 13 13 11 11 9 8 8 6 5 4 4 2 2 2 2 2 2 2 2 2 2 1 1 1 1 
24 23 18 18 16 13 13 11 11 9 8 6 5 4 4 3 2 2 2 2 2 2 2 2 2 1 1 1 1 
23 22 18 18 16 13 12 11 11 9 7 3 3 3 3 2 2 2 2 2 2 2 2 2 1 1 1 1 
23 22 18 18 16 13 12 11 11 9 5 3 3 3 2 2 2 2 2 2 2 2 2 2 1 1 1 
23 22 18 18 15 12 11 11 10 9 5 3 3 2 2 2 2 2 2 2 2 2 2 1 1 1 1 
23 21 17 15 14 12 11 11 9 9 5 3 3 2 2 2 2 2 2 2 2 2 1 1 1 1 
20 20 17 15 13 12 11 11 9 9 5 3 3 2 2 2 2 2 2 2 2 1 1 1 1 
20 20 16 15 13 11 11 9 7 7 4 2 2 2 2 2 2 2 2 
20 19 16 15 13 11 7 7 6 6 4 2 2 2 2 2 2 2 1 
20 19 16 15 13 11 7 7 6 6 3 2 2 2 2 2 2 
19 16 16 15 13 11 7 7 6 4 3 2 2 2 2 2 2 
19 16 16 14 12 10 7 6 6 4 3 2 2 2 2 2 2 
17 16 15 14 12 9 6 6 5 4 3 2 2 2 2 2 2 
17 16 15 13 12 9 6 6 5 3 3 2 2 2 2 2 1 
17 15 14 12 11 9 6 6 5 3 2 2 2 2 2 1 1 
16 12 12 12 11 7 6 6 5 3 2 2 2 2 1 1 
16 12 12 11 10 7 6 6 5 3 2 2 2 2 1 1 
13 12 12 11 10 6 6 6 5 3 2 2 2 2 1 
13 12 12 11 10 6 6 6 4 3 2 2 2 2 
13 12 12 11 10 6 5 5 4 3 2 2 2 2 
13 12 11 11 9 6 5 5 4 3 2 2 2 2 
13 12 11 10 8 5 5 4 4 3 2 2 2 
13 12 11 10 7 5 4 4 4 3 2 2 2 
13 12 11 9 7 5 4 4 3 3 2 2 2 
13 12 9 8 7 5 4 4 3 2 2 2 1 
13 11 9 8 7 5 4 3 3 2 2 2 1 
13 11 9 8 6 5 4 3 3 2 2 2 1 
12 10 9 8 6 5 4 3 3 2 2 2 1 
12 9 8 7 6 4 4 3 3 2 2 1 1 
10 9 8 7 6 4 3 3 3 2 2 1 1 
10 8 8 7 5 4 3 3 3 2 2 1 1 
10 8 8 7 5 4 3 3 3 2 2 1 
10 8 8 7 5 4 3 3 2 2 2 1 
10 8 8 6 5 3 3 3 2 2 1 1 
8 8 8 6 5 3 3 3 2 2 1 1 
8 8 8 6 5 3 3 3 1 1 1 
8 8 8 6 5 3 3 2 1 1 
8 8 7 6 4 3 3 2 1 1 
8 8 7 6 4 3 3 2 1 1 
8 7 7 6 4 3 2 2 1 1 
8 7 7 6 4 3 2 1 1 1 
8 7 7 6 4 3 1 1 
8 7 7 5 3 3 1 1 
8 7 7 4 3 3 1 
8 7 7 4 3 3 
7 7 7 4 3 3 
7 7 7 4 3 1 
7 7 7 4 3 
7 7 5 4 1 
7 6 5 3 1 
7 5 5 3 1 
6 5 4 3 1 
6 5 4 3 
6 5 4 2 
6 4 4 2 
6 4 4 2 
6 4 3 2 
6 3 3 2 
6 3 3 2 
5 3 3 2 
5 3 3 2 
5 3 2 1 
4 2 2 1 
4 2 2 1 
4 2 2 
4 2 2 
4 2 2 
3 2 2 
3 2 2 
3 2 2 
3 2 2 
3 2 2 
1 1 1 
1 1 1 
1 1 1 
1 1 1 
1 1 1 
1 1 1 
1 1 
1 1 
1 
1 
1 
1 
1 
1 
1 
1 
1 
1 
1 
