164 163 145 141 140 129 128 109 109 108 105 104 103 103 92 88 86 85 81 78 77 77 77 76 75 69 69 69 69 69 68 68 66 64 59 56 56 55 50 50 49 47 47 42 41 40 38 38 38 38 38 36 36 36 35 33 33 33 33 33 32 32 32 31 31 29 29 28 28 27 27 27 26 26 24 24 23 23 23 21 20 20 18 17 16 15 15 15 15 15 14 14 14 14 14 13 13 13 13 13 13 13 13 13 13 11 11 11 11 11 11 11 11 10 10 10 9 8 8 8 7 5 5 5 4 4 4 4 3 3 3 3 3 3 3 3 3 3 3 3 2 2 2 2 2 2 2 2 2 1 1 1 1 1 1 1 1 1 1 1 1 1 1 1 1 1 1 1 1 1 1 1 1 1 1 1 1 1 1 1 1 1 1 1 1 1 1 1 1 1 1 
147 138 133 125 117 116 116 109 108 108 104 100 99 83 81 81 81 79 78 77 72 68 67 65 64 64 62 62 61 61 60 56 54 53 53 49 46 42 41 41 41 40 40 39 39 37 37 37 35 35 34 34 34 32 31 31 28 28 27 27 27 26 24 24 24 22 22 22 22 22 22 20 20 20 20 19 19 19 19 18 18 18 17 15 15 15 15 15 15 14 14 14 14 14 13 13 12 12 12 10 9 9 9 9 8 8 8 7 6 6 6 6 6 6 6 5 5 5 5 4 3 3 3 3 3 2 2 2 2 1 1 1 1 1 1 1 
145 132 125 116 116 111 106 106 106 98 94 90 79 79 78 77 76 76 73 73 71 66 62 60 58 56 56 55 53 48 48 48 48 45 43 42 42 42 41 40 39 39 38 38 37 36 34 34 34 32 31 31 31 26 26 26 26 23 23 23 23 23 22 22 22 22 22 18 18 18 18 18 18 18 18 18 18 18 18 16 15 15 15 15 12 12 12 12 11 11 11 11 11 11 10 9 9 9 9 6 6 6 4 4 4 4 4 4 3 3 3 3 3 3 3 2 2 2 2 2 2 2 2 2 2 2 2 1 1 
128 125 116 115 107 101 99 96 88 86 85 80 77 75 75 75 75 74 69 67 63 63 61 58 56 53 52 49 46 46 46 46 46 43 43 42 41 40 39 39 39 38 36 36 36 35 34 34 34 32 31 30 30 26 25 25 24 23 22 21 21 21 21 21 21 21 19 18 18 18 18 18 18 18 18 18 18 17 15 15 15 14 14 13 12 12 12 11 10 10 10 10 10 10 9 7 7 6 6 6 6 5 4 4 4 4 4 3 3 3 3 2 2 2 2 2 2 2 2 2 2 2 2 2 1 1 1 1 
124 119 115 109 107 99 91 88 84 84 82 80 77 73 73 66 66 66 62 59 57 57 57 57 56 52 48 48 46 46 46 46 41 40 39 38 37 37 37 36 36 32 31 31 31 30 30 30 30 29 29 28 26 24 23 23 23 21 20 20 20 20 20 20 19 19 18 18 18 18 18 16 16 16 16 16 16 16 15 15 14 14 12 12 12 12 10 10 9 8 8 8 8 8 7 6 5 4 4 4 4 4 4 4 3 3 3 3 2 2 2 2 2 2 2 2 2 2 2 2 2 1 1 1 1 
124 118 110 101 101 91 87 84 83 81 78 77 70 69 68 66 64 63 60 58 55 54 51 51 50 49 48 44 43 41 41 39 39 37 37 37 37 37 34 34 32 32 30 29 28 27 27 27 27 27 26 25 25 24 23 22 21 20 20 20 20 20 19 19 19 19 18 18 17 17 15 15 15 15 14 13 13 13 13 10 10 10 10 10 10 10 10 9 8 7 7 6 5 5 5 4 3 3 3 3 3 3 2 2 2 2 2 2 2 2 2 1 1 1 1 1 1 1 1 1 1 1 1 1 
120 117 105 97 88 88 85 81 81 79 78 72 70 68 67 65 63 60 60 58 55 54 51 50 50 49 48 43 42 41 41 37 37 37 37 37 36 35 34 33 31 31 30 28 28 27 27 26 26 26 25 25 23 23 22 22 21 20 20 20 20 19 19 18 18 17 15 15 15 15 14 14 14 14 13 13 12 12 12 10 10 10 9 8 8 8 7 7 6 6 6 6 3 3 3 3 3 3 3 3 2 2 2 2 2 2 2 2 2 2 2 1 1 1 1 1 1 1 1 1 1 1 
117 114 98 92 88 87 81 81 78 78 77 72 70 65 63 60 58 56 55 55 53 52 50 50 49 48 47 42 41 41 41 37 37 37 36 33 33 33 30 30 30 29 29 28 27 27 26 26 25 24 24 24 23 22 22 21 21 20 20 19 19 17 17 17 17 16 15 15 14 14 14 14 13 11 11 11 11 11 11 10 10 9 8 8 6 6 6 6 6 6 5 4 3 3 3 3 2 2 2 2 2 2 2 2 2 2 2 2 2 2 2 1 1 1 1 1 1 1 1 1 1 1 
114 107 89 88 85 85 80 80 78 75 74 68 63 62 62 60 57 55 51 50 50 50 49 48 48 46 42 41 41 41 40 37 37 37 35 33 32 30 29 29 29 29 27 27 27 26 26 25 25 24 23 23 23 22 21 21 19 19 19 18 17 16 16 16 16 16 14 14 14 14 13 12 12 11 11 11 11 11 10 10 10 9 6 6 6 5 5 5 4 4 4 4 3 3 3 3 2 2 2 2 2 2 2 2 1 1 1 1 1 1 1 1 1 1 1 1 
110 103 88 85 85 83 80 79 72 72 72 65 63 62 60 58 55 55 50 48 47 47 47 47 45 44 42 41 40 39 39 37 37 35 34 33 31 30 28 28 27 27 27 27 25 24 24 24 24 23 22 21 21 19 19 19 19 18 17 16 16 16 15 15 15 15 14 14 14 13 13 12 12 11 11 11 10 10 9 9 9 8 6 6 6 5 5 5 4 4 4 3 3 3 3 2 2 2 1 1 1 1 1 1 1 
109 100 86 85 84 83 78 78 72 72 72 63 63 60 57 56 55 55 48 47 45 45 45 44 44 42 42 41 39 39 37 37 33 32 32 31 27 26 25 25 25 24 24 24 24 24 23 23 23 22 21 21 20 17 17 16 15 15 14 13 13 13 13 13 13 13 12 11 10 10 10 9 9 7 7 7 7 7 6 6 6 6 6 5 5 5 5 5 4 3 3 3 2 2 2 1 1 1 1 1 1 1 1 1 1 
109 100 85 85 82 82 69 67 67 66 65 63 62 60 56 56 51 50 47 45 44 43 43 43 43 42 41 40 39 34 32 32 32 30 30 29 26 26 24 24 24 24 24 23 21 21 21 21 21 20 19 18 18 17 16 16 13 13 13 13 13 13 13 13 13 8 7 7 6 6 6 6 6 6 6 6 6 6 6 6 6 5 5 4 4 4 4 4 3 3 2 2 2 2 2 1 1 1 1 1 1 1 1 1 1 
105 98 85 85 82 77 68 66 66 66 64 62 59 58 54 54 50 48 46 45 44 43 42 41 41 39 38 38 36 32 32 30 30 27 27 25 25 25 24 24 24 24 23 21 21 21 21 20 19 19 18 18 17 16 14 14 13 13 13 12 12 12 12 10 10 7 7 7 6 6 6 5 5 5 5 5 5 5 5 5 5 4 4 3 3 3 3 3 3 3 2 2 2 2 1 1 1 1 1 1 1 1 1 1 1 
104 97 85 83 81 77 68 66 58 58 56 56 56 56 53 51 50 48 46 45 42 42 42 40 39 38 37 37 35 32 32 30 27 27 26 25 25 24 24 24 22 22 22 21 21 20 19 19 18 17 16 15 15 14 14 13 13 12 12 12 12 12 10 10 7 7 7 7 6 6 5 5 5 4 4 4 3 3 3 3 3 3 3 3 3 3 3 3 3 3 2 2 2 1 1 1 1 1 1 1 1 
100 93 82 82 80 69 67 66 58 58 56 55 53 53 51 50 48 48 45 43 42 42 42 40 36 35 34 33 33 31 29 29 27 27 26 25 24 22 22 21 20 19 19 19 18 18 18 18 15 15 14 14 13 12 12 12 12 12 12 11 11 11 10 10 7 7 7 6 6 5 4 4 4 4 4 3 3 3 3 3 3 3 3 3 3 3 3 3 3 3 2 2 2 1 1 1 1 
100 85 82 80 73 69 67 63 56 54 52 52 52 49 47 47 46 44 41 41 40 39 39 38 35 33 33 31 31 31 29 28 26 26 24 24 23 22 20 18 18 18 18 18 17 17 17 16 14 13 13 13 12 12 11 11 11 11 11 11 11 10 9 9 7 6 6 6 5 5 4 4 4 4 4 3 3 3 3 3 3 3 3 2 2 2 2 2 2 2 2 2 2 1 1 1 
96 85 81 76 71 62 62 60 55 49 47 45 45 45 43 42 41 41 41 39 39 39 38 38 35 33 31 31 28 28 26 23 23 23 23 22 22 22 20 18 18 18 18 18 17 16 16 15 14 13 12 11 11 11 11 11 11 11 11 10 10 10 6 6 6 6 4 4 4 3 3 3 3 3 3 3 3 3 3 2 2 2 2 2 2 2 2 1 1 1 1 1 1 1 1 
96 82 78 74 69 61 60 59 54 49 44 44 43 42 42 41 40 40 40 39 37 37 37 36 35 30 30 27 25 23 23 22 22 21 20 19 19 18 18 17 17 17 17 16 14 14 14 14 13 13 12 11 11 11 10 10 10 10 10 9 6 6 6 6 6 4 4 4 3 3 3 3 3 3 3 3 3 3 3 2 2 2 2 2 1 1 1 1 1 1 1 1 1 1 
85 82 77 72 67 60 60 59 43 41 41 41 40 39 39 39 39 39 37 37 37 36 35 35 32 27 26 23 21 20 20 19 19 19 19 19 18 18 18 17 17 17 16 15 14 14 14 13 13 13 11 11 11 11 10 10 8 8 8 8 6 6 6 6 5 4 4 3 3 3 3 3 3 3 3 3 2 2 2 2 2 2 1 1 1 1 1 1 1 1 1 1 1 1 
85 82 76 70 65 60 60 59 43 41 41 41 39 38 38 38 38 38 37 37 36 35 35 31 30 26 23 21 21 19 19 19 19 19 17 17 17 17 15 15 15 15 15 14 14 13 13 13 12 11 11 10 10 7 7 7 7 7 7 7 6 6 6 5 5 3 3 3 3 3 3 3 3 3 3 2 2 2 1 1 1 1 1 1 1 1 1 1 1 1 
81 72 70 62 54 54 53 49 42 41 41 38 38 38 38 38 38 38 35 35 34 34 33 31 30 25 22 21 20 19 19 19 18 18 17 15 15 15 15 15 14 14 14 13 13 13 12 12 12 11 9 9 8 7 6 6 6 6 6 6 4 3 3 3 3 3 3 3 3 3 3 3 3 2 2 1 1 1 1 1 
76 65 61 61 54 52 52 49 41 41 38 38 38 38 38 37 37 35 35 35 34 33 31 30 30 24 20 20 20 19 19 18 18 18 15 15 15 15 14 14 14 13 13 12 12 12 12 12 10 9 8 8 8 7 6 6 5 5 5 4 3 3 3 3 3 3 3 3 3 2 1 1 1 1 1 1 1 1 
70 62 60 58 54 51 51 49 41 40 38 38 38 37 37 37 37 35 33 33 31 30 30 28 27 24 20 19 19 19 19 18 16 16 15 15 14 14 14 14 14 12 12 11 11 10 10 8 8 8 8 8 8 6 6 6 4 4 4 4 3 3 3 3 2 1 1 1 1 1 
66 61 60 57 54 51 51 48 40 40 38 37 37 37 36 36 34 33 33 31 31 30 28 24 23 22 19 19 19 19 18 18 16 16 15 15 14 14 14 12 12 12 12 11 10 10 9 8 8 6 6 5 5 5 5 5 4 4 3 3 3 3 2 1 1 1 1 1 1 1 
65 61 60 57 51 51 50 46 40 40 37 36 36 36 36 35 31 31 30 30 28 28 27 24 22 19 19 19 19 18 18 17 15 15 15 14 14 14 14 12 12 12 12 11 9 9 9 8 8 5 5 5 5 5 5 5 4 4 3 3 3 2 2 1 1 
64 58 54 53 51 51 49 44 39 39 36 36 36 36 36 34 31 31 28 28 26 26 24 23 20 19 19 19 18 17 17 17 15 14 14 14 14 13 13 12 12 12 11 11 9 7 7 7 5 5 5 5 5 5 5 5 4 4 3 3 3 1 1 1 
61 58 54 53 51 49 43 41 39 37 35 33 33 33 33 32 31 30 28 26 25 24 24 22 20 19 18 18 17 17 16 15 14 14 13 13 13 13 13 11 11 10 10 7 7 7 7 7 5 5 5 5 5 5 4 4 4 4 3 3 2 1 1 
61 57 53 50 50 46 43 41 39 37 35 33 32 32 32 28 28 28 28 25 25 23 22 20 19 18 18 17 16 14 14 14 14 14 13 13 13 12 12 11 10 9 9 7 7 6 6 6 5 5 5 5 5 5 4 4 3 3 3 1 1 1 1 
58 54 53 48 48 46 43 38 38 37 34 33 32 32 31 28 28 28 27 25 24 23 21 20 19 18 18 15 14 14 14 13 13 13 12 12 10 10 10 9 9 9 9 6 6 6 6 6 5 5 5 5 5 4 4 1 1 
57 52 51 48 48 45 43 38 37 37 32 32 30 29 29 28 26 25 25 24 24 21 21 20 18 18 16 14 14 14 13 13 13 13 12 11 10 9 9 9 9 9 9 6 6 6 6 5 5 5 4 4 4 3 3 1 1 
57 51 51 46 45 45 41 38 37 34 31 30 29 28 27 27 25 25 25 22 22 20 20 20 17 17 15 14 14 14 13 13 13 12 12 11 9 9 9 9 9 8 8 6 5 5 5 5 5 4 3 2 2 2 2 1 
56 49 48 46 45 45 36 35 35 33 30 30 29 27 26 26 24 24 24 22 22 20 20 19 17 15 13 13 13 13 12 12 12 12 12 11 9 9 9 8 8 8 7 6 5 5 5 5 4 3 2 2 2 2 2 
56 48 48 45 45 41 35 33 33 33 30 30 28 26 25 25 24 23 22 21 20 20 19 17 16 14 13 13 13 13 12 12 12 12 12 10 9 9 8 8 8 7 7 6 5 5 5 4 4 2 2 2 2 2 2 
55 48 48 45 44 38 34 32 31 31 30 30 26 26 25 25 24 23 21 18 17 16 16 16 15 13 13 13 12 12 12 12 12 11 10 9 9 8 7 7 7 7 6 5 5 5 5 3 3 2 2 2 2 2 2 
53 47 46 45 41 38 32 31 31 31 30 28 26 25 24 24 22 22 21 18 16 16 16 15 14 13 13 12 12 12 12 12 11 11 10 9 8 7 7 6 6 6 5 5 5 5 2 2 2 2 2 2 2 1 1 
53 47 45 43 41 37 32 31 31 29 28 27 26 24 24 24 22 21 18 17 16 16 16 14 14 13 12 12 12 11 11 11 10 9 7 7 7 7 7 6 5 5 5 4 4 4 2 2 2 1 1 1 1 1 1 
53 47 45 42 39 34 32 31 29 28 28 26 24 24 24 24 20 20 18 17 16 16 16 13 13 13 12 11 11 11 9 9 9 8 7 7 7 6 5 5 5 3 3 3 3 3 2 2 1 1 1 1 1 
52 46 43 38 38 34 32 30 29 28 27 25 24 24 24 24 20 20 17 16 16 16 14 13 13 13 12 11 9 9 9 9 9 7 7 7 6 6 5 4 3 3 3 2 2 2 2 2 1 1 1 1 1 
45 45 43 36 36 34 32 30 28 28 27 25 24 24 23 22 20 20 17 16 15 15 14 13 13 12 12 11 9 9 9 9 9 6 6 6 6 5 4 3 3 2 2 2 2 2 2 1 1 1 1 
45 45 43 36 34 33 31 28 28 26 26 25 24 24 21 20 18 18 17 15 15 15 14 13 12 12 11 11 9 9 9 8 8 6 4 4 4 3 3 3 2 2 2 2 2 2 1 1 1 
45 42 40 36 33 33 31 28 27 26 25 25 24 23 20 20 18 17 17 15 15 15 14 13 12 12 10 9 8 8 8 8 8 6 4 4 4 3 3 3 2 2 2 2 1 1 1 1 
44 42 40 34 33 32 31 28 27 26 25 23 22 22 20 20 16 16 16 15 15 15 14 13 12 12 10 9 7 7 7 7 7 4 4 4 4 3 3 2 2 2 2 2 1 1 1 1 
44 40 38 33 33 31 30 27 27 26 25 23 22 21 20 20 16 16 15 15 15 13 12 12 12 10 10 9 7 7 7 7 6 4 4 4 2 2 2 2 2 2 2 2 1 1 1 1 
40 39 37 33 32 31 30 27 27 24 24 23 21 19 19 19 16 16 15 15 13 12 12 10 10 10 9 7 7 7 5 5 4 4 3 3 2 2 2 2 2 2 1 1 1 1 1 
40 39 37 32 30 29 28 27 27 24 23 22 21 19 19 18 16 16 15 15 13 12 12 10 9 9 9 7 7 7 4 4 4 4 3 3 2 2 2 2 2 2 1 1 1 1 1 
40 37 35 32 29 29 28 27 25 23 23 22 20 18 18 18 16 15 14 14 12 12 9 9 9 8 8 7 7 6 4 4 4 4 3 3 2 2 2 2 2 2 1 1 1 1 
38 37 32 32 29 28 26 24 24 23 22 20 19 18 18 17 16 15 14 12 12 11 9 9 9 8 8 7 6 6 3 3 3 3 3 3 2 2 2 2 2 1 1 1 1 
38 36 31 31 29 28 24 24 24 23 22 20 18 16 16 16 16 14 14 12 11 11 9 9 9 8 8 6 6 6 3 3 3 3 3 3 2 2 2 2 1 1 1 1 
38 35 31 31 29 28 24 23 23 23 21 19 16 16 15 15 15 14 14 12 11 10 9 8 8 8 7 6 6 6 3 3 3 3 3 2 2 2 2 2 1 1 1 1 
36 35 31 31 29 28 24 20 20 20 19 19 15 15 15 15 15 14 13 12 11 9 8 8 8 7 6 6 6 6 3 3 3 3 3 2 2 2 2 2 1 1 1 
35 31 31 30 28 25 24 20 20 20 19 17 15 15 15 15 14 13 12 12 11 9 7 6 6 6 6 5 5 4 3 3 3 2 2 2 2 2 2 2 1 1 
33 31 30 29 27 25 23 20 20 19 19 16 15 15 15 15 13 13 10 8 7 6 6 6 6 6 5 4 3 2 2 2 2 2 2 2 2 2 2 
33 31 30 27 27 25 20 19 19 17 17 16 15 15 15 14 13 11 9 8 7 6 6 6 6 5 4 4 3 2 2 2 2 2 2 2 1 1 1 
33 31 30 27 25 25 20 19 19 17 17 16 15 15 14 14 12 11 8 8 7 6 6 6 6 5 4 3 2 2 2 2 2 2 2 2 1 1 1 
32 30 28 27 25 23 19 19 18 17 17 15 15 12 12 12 11 9 8 8 6 6 6 6 5 4 3 2 2 2 2 2 2 2 2 1 1 1 1 
32 30 28 27 25 23 19 19 17 17 16 14 14 11 11 11 11 9 8 8 6 6 5 5 5 4 3 2 2 2 2 1 1 1 1 1 1 
30 28 28 26 25 23 19 18 17 16 16 13 13 11 11 11 11 9 8 7 6 6 5 3 3 3 3 2 2 2 1 1 1 1 1 1 1 
30 28 28 25 24 23 19 18 16 13 13 12 12 11 11 11 10 9 8 7 6 5 3 3 3 2 2 2 2 1 1 1 1 1 1 1 
30 28 28 25 24 23 17 17 15 13 13 12 12 11 11 11 10 8 8 6 4 4 3 2 2 2 2 2 2 1 1 1 1 1 1 
30 28 23 23 22 21 17 15 15 13 12 12 11 11 9 9 9 8 7 6 4 4 3 2 1 1 1 1 1 1 1 1 1 1 1 
30 28 23 21 21 20 17 15 15 13 12 12 11 11 9 9 8 8 6 6 3 3 1 1 1 1 1 1 1 1 1 1 1 1 
30 28 23 21 20 20 17 15 14 12 12 12 11 11 7 6 6 6 6 4 3 2 1 1 1 1 1 1 1 1 
29 28 22 20 20 20 16 15 14 12 12 11 11 11 6 6 6 3 3 3 2 1 1 
28 27 22 20 19 19 16 14 14 12 11 11 11 7 6 6 5 3 3 1 
28 27 22 20 19 18 16 14 12 11 11 11 10 6 5 4 3 2 1 1 
28 27 22 20 18 18 14 14 12 11 11 9 3 2 2 2 2 2 1 
27 26 22 19 17 16 14 14 12 11 10 9 3 2 2 2 1 1 1 
27 26 21 18 16 16 14 10 10 10 9 8 3 2 2 1 1 
27 26 20 17 16 15 13 10 9 8 8 6 2 2 1 1 1 
26 26 20 16 16 15 13 10 9 8 8 6 2 2 1 1 1 
26 26 20 16 16 14 13 10 9 8 8 6 2 1 1 1 1 
26 25 19 16 16 14 13 9 9 7 6 5 1 1 1 
25 24 18 16 16 14 13 9 9 7 6 4 1 1 1 
25 21 18 16 14 13 12 8 8 6 5 4 1 1 1 
25 21 17 15 14 11 10 8 8 5 5 2 1 1 1 
24 21 16 14 13 10 10 8 7 5 2 2 1 1 
21 19 16 14 13 10 10 7 7 5 1 1 
21 17 15 14 13 9 8 7 7 4 1 
20 15 15 13 13 7 7 6 6 4 1 
18 15 13 13 13 7 7 6 5 3 1 
17 15 13 13 12 7 7 6 5 3 1 
17 15 13 12 11 7 6 5 4 3 1 
17 13 13 10 10 5 5 5 3 1 1 
17 12 12 10 9 5 5 5 3 1 1 
14 10 10 10 9 5 5 5 3 1 
13 10 10 9 7 5 5 4 1 1 
13 10 10 8 6 5 5 4 1 1 
12 10 9 8 6 5 5 4 1 1 
11 10 9 7 6 5 5 4 1 1 
10 10 8 7 6 5 5 4 1 1 
9 9 8 6 5 5 5 4 1 
9 8 8 6 5 5 5 4 1 
8 8 7 6 5 5 5 4 1 
8 8 7 6 5 5 4 4 1 
8 6 6 5 5 5 4 4 1 
8 6 6 5 5 5 4 4 1 
8 6 6 5 5 5 4 4 1 
7 6 6 5 5 5 4 4 1 
7 6 6 5 5 4 4 3 1 
6 6 6 5 5 4 4 3 1 
6 6 5 5 5 3 3 2 
6 6 5 5 5 3 3 2 
6 5 5 5 5 3 3 2 
6 5 5 5 5 3 3 2 
5 5 5 5 4 3 2 2 
5 5 5 5 3 3 2 1 
5 5 5 5 3 3 2 1 
5 5 5 5 3 3 2 1 
5 5 5 5 3 2 1 1 
5 5 5 4 3 1 1 1 
5 5 5 3 3 1 
5 5 5 3 3 1 
5 5 5 3 2 1 
5 5 5 3 2 1 
5 5 5 3 2 1 
5 5 5 2 2 
5 5 5 2 1 
5 5 5 2 1 
5 5 4 2 1 
5 5 3 2 
5 5 2 2 
5 5 2 2 
5 5 2 2 
5 5 2 2 
5 5 2 2 
5 3 2 2 
5 3 2 2 
5 3 2 1 
5 3 2 1 
5 3 2 1 
5 3 2 1 
3 3 2 1 
3 2 2 1 
2 2 2 1 
2 2 2 1 
2 2 2 1 
2 2 1 
2 2 1 
2 2 1 
2 1 1 
2 1 1 
2 1 1 
2 1 1 
2 1 1 
2 1 1 
2 1 1 
2 1 1 
2 1 1 
2 1 1 
2 1 1 
2 1 1 
2 1 
2 1 
1 1 
1 1 
1 1 
1 1 
1 1 
1 1 
1 1 
1 1 
1 1 
1 
1 
1 
1 
1 
1 
1 
1 
1 
1 
1 
