157 150 147 146 129 127 116 113 109 106 102 100 98 94 94 92 90 83 82 81 80 80 80 80 69 69 69 66 66 65 65 64 64 64 62 62 60 59 57 56 53 53 53 53 52 51 49 49 47 47 43 43 43 42 42 42 42 42 40 35 35 35 34 32 31 31 28 26 25 23 22 22 22 21 21 21 21 20 20 20 20 20 17 16 16 16 15 15 15 15 15 15 15 15 15 15 14 14 14 14 14 14 14 14 13 13 12 8 8 8 8 8 8 8 8 8 7 7 7 6 6 6 6 6 6 5 5 4 4 4 3 3 3 3 3 3 3 3 3 3 3 3 3 3 3 3 3 3 3 3 3 3 3 3 3 3 3 3 3 3 3 3 3 3 3 3 3 2 2 2 2 2 2 2 2 1 1 1 1 1 1 1 1 1 1 
138 138 137 132 120 113 111 106 105 100 100 98 88 88 88 80 80 73 69 68 68 66 66 63 62 61 60 60 59 59 56 54 54 50 46 46 46 46 46 46 46 46 46 46 44 44 44 44 43 41 39 36 36 36 36 35 35 35 35 33 30 30 30 30 29 27 26 25 22 21 21 21 21 20 20 20 20 19 18 18 18 16 15 15 15 14 13 13 13 13 12 12 12 12 12 12 11 11 10 10 10 10 10 9 9 9 8 8 7 7 7 5 5 5 5 5 5 5 5 5 5 5 5 5 3 3 3 3 3 3 2 2 2 2 2 2 2 2 2 2 2 2 2 2 2 1 1 1 1 1 1 1 1 1 1 1 1 1 1 1 1 1 1 1 1 1 1 1 
136 134 132 119 118 107 105 104 100 97 91 85 85 85 82 80 78 71 69 68 68 65 61 60 59 59 59 59 59 59 55 54 52 49 46 45 44 44 44 44 44 44 40 39 39 37 37 36 36 36 36 36 34 32 31 30 29 29 27 27 27 27 26 26 26 25 23 23 22 21 21 21 20 20 19 18 18 17 15 15 15 15 15 13 13 13 13 11 10 9 9 9 9 9 9 9 9 9 8 8 8 8 8 8 8 8 7 7 6 5 4 4 4 4 3 3 3 3 3 3 3 3 3 3 3 3 3 3 2 2 2 2 2 2 2 2 2 2 2 2 2 2 2 1 1 1 1 1 1 1 1 1 1 1 1 1 1 1 1 1 1 1 1 
134 122 122 114 114 102 101 96 92 92 89 85 76 74 67 66 66 64 62 60 60 60 59 59 56 56 55 55 54 52 51 49 47 47 44 44 42 40 40 40 40 40 38 38 38 36 36 35 35 35 34 34 33 31 30 27 27 27 26 26 24 24 22 22 22 21 20 20 19 19 19 17 17 16 16 16 16 15 15 15 15 14 13 13 13 13 11 10 9 9 9 9 9 9 8 8 8 8 8 6 6 6 6 6 5 5 5 5 5 4 4 3 3 3 3 3 2 2 2 2 2 2 2 2 2 2 2 2 2 2 2 2 2 2 2 2 2 2 2 2 2 1 1 1 1 1 1 1 1 1 
133 122 121 114 109 97 96 92 90 85 83 80 75 71 67 66 64 63 61 60 60 59 51 51 51 50 48 47 47 47 44 44 44 44 44 43 41 40 39 39 38 37 37 36 35 35 32 32 32 28 26 26 26 24 23 23 23 23 23 23 23 22 22 20 20 19 18 18 18 17 16 16 16 15 15 14 14 14 14 12 11 11 10 10 9 9 9 9 8 8 8 8 8 8 8 8 6 6 6 4 4 4 4 4 4 4 4 4 3 3 3 3 3 3 2 2 2 2 2 2 2 2 2 2 2 2 2 2 2 2 2 2 2 2 2 2 2 2 2 1 1 1 1 1 1 1 1 
118 116 115 110 105 97 89 85 84 80 74 73 72 66 66 66 64 63 61 59 57 51 51 51 50 48 47 47 46 45 44 42 42 42 41 41 40 40 39 39 38 36 36 35 34 34 32 31 28 24 24 24 24 23 23 23 23 22 22 22 22 22 20 20 20 18 18 18 17 16 16 15 15 15 14 14 12 11 11 11 10 10 10 10 9 9 9 8 8 8 8 8 8 5 5 5 5 4 4 4 4 3 3 3 3 3 3 3 3 3 3 2 2 2 2 2 2 2 1 1 1 1 1 1 1 1 1 1 1 1 1 1 1 1 1 1 
117 105 105 96 94 94 88 82 79 75 73 72 70 66 63 63 57 57 56 53 53 49 49 47 47 47 45 43 43 43 43 42 41 41 41 39 39 39 35 35 34 34 34 31 29 27 26 26 26 24 23 23 23 23 23 23 22 22 22 21 20 20 20 19 19 17 17 17 13 12 12 12 11 11 11 9 9 9 9 8 8 7 7 7 7 6 6 6 6 6 6 5 5 4 4 4 4 4 4 3 3 3 3 3 3 3 2 2 2 1 1 1 1 1 1 1 1 1 1 1 1 1 1 1 1 1 1 1 1 1 1 1 1 1 
117 105 94 93 93 86 85 77 77 74 72 72 70 60 58 57 57 55 52 51 51 47 46 46 44 44 43 43 43 43 42 42 40 39 39 38 38 37 34 33 33 28 27 27 27 25 25 25 25 24 23 23 23 23 23 23 21 20 20 20 20 19 18 17 17 17 14 13 13 12 12 12 11 8 8 8 8 8 6 6 6 6 6 6 6 6 5 5 4 4 4 4 4 4 4 4 4 3 3 3 3 3 3 3 3 2 2 2 1 1 1 1 1 1 1 1 1 1 1 1 1 1 1 1 1 1 1 1 
116 104 92 92 89 85 82 77 75 72 72 67 67 58 58 54 53 52 51 51 48 47 45 45 43 42 42 42 42 42 40 40 40 39 38 36 36 36 30 29 28 27 27 26 25 23 22 22 22 21 21 20 20 19 19 18 18 18 17 16 16 15 15 15 15 14 13 13 13 10 7 7 7 7 7 7 6 6 6 6 6 6 6 6 5 5 5 5 4 4 4 4 4 4 3 3 3 3 3 3 3 3 3 3 3 2 1 1 1 1 1 1 1 1 1 1 1 1 1 1 1 1 1 1 1 1 
111 101 90 90 76 76 76 76 72 71 66 66 66 57 57 54 50 48 48 48 48 47 45 45 43 42 42 42 40 39 38 38 38 37 37 33 33 33 29 28 28 27 22 22 22 21 21 21 19 19 19 17 17 17 17 16 16 16 15 14 14 14 14 14 14 12 12 12 10 10 7 7 6 6 6 6 6 6 5 5 5 5 5 5 5 5 5 4 4 4 4 4 4 3 3 3 3 3 3 3 3 3 3 3 3 1 1 1 1 1 1 1 1 1 1 1 
102 101 90 87 76 76 76 74 68 66 66 65 63 56 55 53 48 48 48 48 45 45 43 43 40 40 40 40 38 36 36 36 35 34 34 31 30 26 26 25 22 21 21 20 20 18 18 18 18 17 17 17 17 16 16 16 16 15 15 14 14 14 14 14 13 12 10 9 8 7 7 6 6 6 6 5 5 5 5 5 4 4 4 4 4 4 4 4 3 3 3 3 3 3 3 3 3 3 1 1 1 1 1 1 1 1 1 1 1 1 1 
96 95 87 85 75 75 74 73 67 66 66 63 63 56 55 53 48 48 46 43 43 43 43 42 40 40 39 38 37 36 36 34 33 33 33 29 28 26 25 25 22 21 21 20 19 18 18 18 16 16 16 16 16 16 16 15 15 14 14 14 13 12 11 10 10 9 9 9 7 6 6 6 6 6 5 5 5 5 5 4 4 4 4 4 4 4 3 3 3 3 3 3 3 3 1 1 1 1 1 1 1 1 1 1 1 1 1 1 1 
95 87 82 82 75 75 74 69 67 66 62 61 59 55 53 53 47 47 46 43 43 43 42 39 39 38 37 36 34 34 34 34 33 33 30 28 28 26 25 23 21 21 21 18 18 18 17 16 16 16 15 15 15 15 15 14 12 12 10 10 10 9 8 8 8 8 8 8 7 6 6 6 6 5 5 5 5 5 4 4 4 4 3 3 3 3 2 2 2 2 2 1 1 1 1 1 1 1 1 1 1 1 1 1 1 1 1 1 
93 84 82 82 75 75 72 66 65 65 60 55 55 53 50 46 46 46 43 43 42 40 40 38 36 36 36 36 34 34 34 33 32 30 30 27 27 26 25 23 21 21 20 18 18 17 16 16 16 15 13 13 13 13 13 13 11 10 10 9 9 7 7 7 7 7 6 6 6 6 5 5 5 4 4 4 4 3 3 3 3 3 3 3 3 2 2 2 2 2 2 1 1 1 1 1 1 
93 83 79 78 75 71 67 66 64 61 59 55 48 47 47 46 46 46 43 43 39 39 33 31 30 30 30 28 28 27 27 26 26 26 26 26 25 24 20 20 20 20 20 18 17 16 16 15 15 13 13 12 12 12 11 11 10 10 9 9 8 7 7 7 6 6 6 6 6 5 5 5 5 4 4 4 3 3 3 3 3 2 2 2 2 2 2 2 2 2 1 1 1 1 1 
93 81 75 73 70 69 60 58 58 57 54 53 48 46 46 45 44 44 43 42 39 36 33 30 28 28 26 26 26 26 26 26 24 24 24 24 24 23 20 20 20 18 17 16 16 16 15 14 13 13 13 12 11 9 9 8 8 7 7 7 7 7 7 7 6 6 6 5 5 5 5 5 4 3 3 3 3 3 3 3 2 2 2 2 2 2 2 2 2 1 1 1 1 1 
79 76 73 70 70 64 59 58 56 56 51 51 47 46 46 45 43 42 41 36 36 34 33 29 28 27 26 26 25 24 24 24 23 23 23 23 22 21 20 20 19 18 17 16 15 14 13 12 11 11 11 11 9 8 8 8 7 7 7 7 7 7 7 7 6 4 4 4 4 4 4 4 3 3 3 3 2 2 2 2 2 2 2 2 2 2 2 2 2 1 1 1 1 1 
74 74 71 69 65 63 59 56 55 53 50 48 47 45 44 43 43 40 39 36 36 33 29 28 27 26 26 25 24 24 24 23 23 22 21 21 20 20 18 18 18 15 15 14 14 13 13 11 11 11 11 8 8 8 8 8 7 7 7 7 7 7 5 5 5 4 4 4 4 4 4 3 3 2 2 2 2 2 2 2 2 2 1 1 1 1 1 1 1 
73 70 70 64 63 59 59 54 53 53 50 48 47 44 44 43 42 38 38 36 36 33 28 28 27 26 26 25 24 24 24 23 23 22 21 20 20 17 17 16 14 12 12 12 12 11 11 11 11 10 10 8 8 8 7 7 6 5 5 5 5 5 5 5 5 4 4 4 4 4 3 2 2 2 2 2 2 2 2 2 1 1 1 1 1 1 
72 70 67 61 61 59 55 54 53 51 46 46 42 42 42 41 39 38 38 36 36 30 28 27 26 26 25 25 24 24 23 23 23 21 18 18 17 15 15 15 13 12 12 11 11 11 11 8 7 7 7 5 5 5 5 5 5 5 5 5 5 5 5 5 5 4 4 4 4 4 2 2 2 2 2 2 2 2 2 1 1 1 
71 69 63 61 58 58 55 53 52 50 46 43 42 42 42 40 39 37 35 31 30 29 28 27 25 25 25 25 24 24 23 23 22 20 18 18 14 14 14 14 12 12 10 10 9 7 5 5 5 5 5 5 5 5 5 5 5 5 5 5 5 4 4 4 4 4 3 2 2 2 2 2 2 2 2 2 2 2 1 1 1 
71 69 63 60 58 57 54 52 50 47 45 43 41 41 40 39 34 34 32 31 30 29 27 26 25 25 24 24 24 23 23 21 20 17 17 17 14 14 14 14 12 11 10 7 7 7 5 5 5 5 5 5 5 5 5 5 5 5 5 5 4 4 4 4 4 4 3 2 2 2 2 2 2 2 2 2 1 1 1 1 1 
69 69 63 60 58 54 52 50 49 46 45 43 41 41 40 39 34 33 30 30 30 29 26 25 25 24 24 24 23 22 21 20 19 17 17 17 14 14 13 13 11 10 8 7 7 6 5 5 5 5 5 5 5 5 5 5 4 4 4 4 3 3 3 2 2 2 2 2 2 2 2 2 2 1 1 1 1 1 
69 66 61 60 57 51 49 48 47 46 44 42 41 41 38 36 34 32 30 29 29 27 25 25 24 24 24 23 22 22 21 19 18 16 15 15 14 13 13 13 11 9 8 7 6 6 5 5 5 5 5 5 5 5 4 4 4 4 2 2 2 2 2 2 2 2 2 2 2 2 1 1 1 1 1 1 1 
66 66 61 58 53 51 47 47 47 45 43 42 39 39 36 34 34 32 30 29 29 25 25 25 24 24 23 23 21 20 20 18 16 14 14 14 13 13 13 12 11 7 6 6 6 6 5 5 5 5 5 4 3 3 3 3 3 3 2 2 2 2 2 2 2 2 2 2 2 1 1 1 1 1 1 1 1 
66 66 60 56 53 48 47 46 44 44 41 41 39 39 34 33 32 31 30 29 27 25 25 25 24 22 20 20 18 17 17 16 16 14 13 13 13 13 12 12 10 7 6 6 6 5 5 5 5 5 5 4 3 3 3 3 3 3 2 2 2 2 2 2 2 2 1 1 1 1 1 1 1 1 
65 65 60 56 53 47 45 45 44 41 41 40 39 38 32 32 30 30 30 29 27 25 25 23 22 21 20 20 17 15 15 15 14 13 13 13 13 13 12 12 7 6 6 6 5 5 5 4 4 4 4 4 3 3 2 2 2 2 2 2 2 2 2 2 2 1 1 1 1 1 
64 64 59 51 49 46 45 45 44 41 41 38 38 36 32 32 30 29 28 24 24 24 24 21 21 20 19 19 17 15 15 14 13 13 13 13 13 13 12 11 7 6 6 5 5 5 4 4 3 3 3 2 2 2 2 2 2 2 2 2 2 2 2 2 1 1 1 1 1 
64 61 57 50 48 45 45 42 40 40 40 37 36 35 32 32 30 28 28 24 24 24 21 21 21 20 19 17 17 14 14 14 13 13 13 13 12 12 12 9 6 5 5 5 5 5 4 4 3 3 3 2 2 2 2 2 2 2 2 2 2 1 1 1 1 1 1 
64 54 54 49 48 45 45 41 40 39 38 36 35 35 32 32 29 28 26 24 24 23 21 21 19 19 17 16 16 14 14 14 13 13 13 12 12 9 9 9 6 5 5 5 5 4 4 4 3 3 3 2 2 2 2 2 2 2 2 2 2 1 1 1 1 1 1 
64 54 52 49 47 45 41 39 37 36 36 36 32 29 29 29 27 25 23 23 23 21 21 21 19 19 15 15 14 14 12 12 12 12 12 12 10 9 9 9 5 5 5 4 4 4 4 3 3 3 3 2 2 2 2 2 2 2 2 2 2 1 1 1 1 
62 52 50 49 46 43 39 38 37 36 35 32 32 29 29 27 27 23 23 22 21 20 19 19 16 16 15 14 14 13 12 12 12 11 10 10 9 9 7 7 5 5 5 4 4 4 4 3 3 3 3 2 2 2 2 2 2 2 2 2 2 1 1 1 
60 51 47 47 45 42 39 38 36 32 30 29 29 29 28 23 23 23 19 19 19 19 19 18 16 15 15 14 14 12 12 11 11 9 9 9 9 9 6 6 5 4 4 4 4 4 4 3 3 3 2 2 2 2 2 2 2 2 2 1 1 1 1 
57 50 47 47 44 41 36 36 35 32 29 28 28 28 27 23 23 20 19 19 18 18 17 16 14 14 14 12 12 12 11 11 9 9 8 8 8 8 6 6 5 4 4 4 4 4 4 2 2 2 1 1 1 1 1 1 1 1 1 1 1 
57 50 46 46 43 40 36 36 34 29 29 28 28 27 26 23 22 19 18 18 17 17 15 15 14 14 12 12 11 11 11 9 9 9 8 8 7 7 6 5 5 4 4 4 4 4 3 2 2 1 1 1 1 1 1 1 1 1 1 1 1 
51 50 46 40 40 40 35 35 31 29 29 28 27 27 26 23 22 18 18 18 17 16 15 15 13 10 10 10 10 10 10 9 9 9 8 8 7 7 6 4 4 4 4 4 4 2 2 2 1 1 1 1 1 1 1 1 1 1 1 1 
50 45 43 40 40 39 35 33 31 29 29 28 27 25 25 22 22 18 18 17 16 15 15 15 11 10 10 10 10 9 9 9 9 7 7 7 6 5 5 4 4 4 4 4 4 2 2 2 1 1 1 1 1 1 1 1 1 1 1 1 
50 45 41 37 37 37 35 29 26 26 25 25 25 25 24 19 19 18 18 16 16 15 14 14 11 10 10 10 9 9 9 8 8 7 7 7 5 5 5 4 4 4 3 3 3 2 2 2 1 1 1 1 1 1 1 
50 44 38 37 36 35 33 28 25 25 25 23 22 22 22 19 18 18 17 16 15 14 14 14 11 10 9 9 9 9 8 7 6 5 5 5 5 4 4 3 3 2 2 2 2 2 2 2 1 1 1 1 1 1 
50 43 37 35 34 34 32 27 25 25 25 23 22 22 22 19 14 14 14 14 13 13 13 12 10 10 9 9 8 8 8 6 6 5 5 5 5 4 3 3 3 2 2 2 2 2 1 1 1 1 1 1 
49 39 36 35 34 32 30 27 25 25 25 23 22 18 18 17 14 13 13 13 13 12 12 12 10 10 9 9 8 8 8 5 5 5 5 5 4 4 3 2 2 2 2 1 1 1 1 1 
48 39 36 35 34 31 29 27 25 25 23 23 21 18 18 15 13 13 13 13 13 12 11 10 10 10 9 9 7 6 5 5 4 4 4 4 4 3 3 2 2 2 1 1 1 
45 38 36 34 33 30 28 27 25 21 21 21 21 18 18 13 13 13 12 12 12 12 11 10 9 9 9 6 6 5 5 2 2 2 2 2 2 2 2 2 2 2 1 
45 38 34 34 32 30 28 27 25 20 20 19 19 18 17 13 13 12 12 12 12 12 11 10 9 8 7 6 6 4 4 2 2 2 2 2 2 2 2 2 2 1 
45 36 34 33 32 29 28 27 25 20 19 19 19 16 16 13 13 12 12 12 12 11 11 7 7 7 7 6 5 4 4 2 2 2 2 2 1 1 1 1 1 
44 36 33 33 28 28 26 26 25 20 19 19 19 16 16 13 13 12 12 12 11 11 8 7 7 5 5 5 2 2 2 2 2 2 2 2 1 1 1 1 
44 35 33 32 28 27 26 26 25 20 19 18 17 16 15 13 13 12 12 12 11 11 8 7 6 4 4 2 2 2 2 2 2 2 2 2 1 1 1 1 
44 34 33 31 28 27 26 26 23 20 17 17 17 16 15 13 13 12 12 10 10 9 8 5 5 4 4 2 2 2 2 2 2 2 2 1 1 1 1 1 
42 33 32 31 28 27 26 23 23 20 17 17 17 16 14 13 12 12 10 10 9 7 7 5 3 3 3 2 2 2 2 1 1 1 1 1 1 1 1 1 
41 32 31 30 28 27 26 23 21 20 17 17 16 16 14 12 12 10 9 9 9 7 4 4 3 3 3 2 2 2 2 1 1 1 1 1 1 1 1 1 
39 32 31 30 28 27 26 21 21 20 17 16 16 14 13 12 10 10 9 8 8 7 4 3 3 3 3 2 2 2 1 1 1 1 1 1 1 
38 32 31 30 27 26 25 20 20 15 15 15 14 12 12 12 10 9 8 8 8 6 4 3 3 2 2 2 1 1 1 1 1 1 1 1 1 
38 31 31 27 25 24 23 20 17 15 15 13 13 12 12 10 9 8 8 8 6 5 4 3 2 2 2 2 1 1 1 1 1 1 1 1 1 
38 31 28 26 25 23 22 20 17 15 15 12 12 12 12 10 9 8 8 7 6 4 3 3 2 2 2 2 1 1 1 1 1 1 1 1 
36 30 27 25 24 23 21 17 16 15 14 12 12 12 12 9 9 7 7 7 5 4 3 3 2 2 2 2 1 1 1 1 1 1 
36 29 25 25 24 23 21 17 15 15 13 12 12 12 12 9 9 7 7 7 5 4 3 3 2 2 2 1 1 1 1 1 1 1 
35 29 25 25 24 23 17 16 14 14 13 12 12 11 11 9 9 7 7 5 5 4 2 2 2 2 2 1 1 1 1 1 
35 29 25 24 23 23 17 15 14 13 13 12 12 11 11 9 8 7 6 5 4 4 2 2 2 1 1 1 
34 29 25 23 22 22 15 13 13 13 13 12 12 11 11 8 8 7 6 5 4 4 2 2 1 1 1 1 
28 28 23 23 22 20 15 13 13 13 13 12 11 9 9 8 8 6 6 5 4 4 2 2 1 1 1 
28 28 23 23 21 19 15 13 13 13 13 12 11 9 9 8 7 6 4 4 3 2 2 1 1 1 
28 28 23 22 20 19 14 13 13 13 12 12 9 9 9 8 6 5 4 4 3 2 2 1 1 
28 27 23 21 20 19 14 12 12 12 11 9 9 8 8 8 6 5 4 4 2 2 2 1 1 
28 24 21 20 20 19 14 11 11 11 10 8 8 8 8 8 5 4 4 3 2 2 2 1 1 
26 22 20 20 19 18 14 11 11 10 10 8 8 8 7 5 5 4 3 3 2 2 2 1 1 
24 22 20 20 18 18 12 11 11 10 10 8 7 7 5 5 5 4 3 3 2 2 2 1 1 
24 22 20 19 18 15 12 11 11 9 8 8 7 7 5 4 4 4 2 2 1 1 1 1 1 
24 22 20 19 16 15 12 10 10 9 8 8 7 7 5 4 4 4 2 2 1 1 1 1 1 
22 22 20 16 16 15 11 10 10 9 8 8 7 5 4 4 4 3 2 2 1 1 1 1 
22 20 19 16 16 14 11 10 10 8 7 7 6 5 4 4 3 3 2 2 1 1 1 1 
22 20 19 16 15 14 11 10 9 8 7 7 6 5 4 4 3 3 2 2 1 1 1 1 
20 20 19 16 15 13 11 9 8 8 7 7 4 4 4 4 3 3 2 2 1 1 1 
20 20 18 15 15 12 11 9 8 7 7 7 4 4 4 3 3 3 2 1 1 1 1 
20 20 16 15 13 12 11 9 8 7 7 6 4 4 4 3 3 2 1 1 1 1 1 
20 20 15 13 13 12 11 9 8 7 6 5 4 4 4 3 3 2 1 1 1 1 
20 20 13 13 12 12 10 8 8 7 6 5 4 4 4 3 3 2 1 1 1 1 
20 20 12 12 12 11 10 8 8 6 6 5 4 4 4 3 3 1 1 1 1 1 
20 19 12 12 12 11 10 7 7 6 5 5 4 4 4 3 3 1 1 1 1 1 
20 19 12 11 11 11 10 7 7 4 4 4 4 4 4 3 3 1 1 1 1 1 
20 18 12 11 11 11 10 7 7 4 4 4 4 4 3 3 1 1 1 1 
20 17 12 11 11 11 9 7 5 4 4 4 4 4 3 2 1 1 1 1 
19 16 12 11 11 10 8 7 5 4 4 4 4 4 2 2 1 1 
19 16 12 11 9 8 7 7 5 4 4 4 2 2 2 2 1 1 
19 16 12 11 9 8 7 7 5 4 3 3 2 2 2 2 1 1 
17 16 12 11 9 8 7 7 5 4 3 3 2 2 2 2 1 1 
17 16 12 9 9 8 7 6 5 4 3 2 2 2 2 2 1 1 
15 15 12 9 8 8 7 6 4 4 3 2 2 2 2 2 1 1 
15 15 12 8 8 8 7 6 4 4 3 2 2 2 2 2 1 
15 15 12 8 8 7 7 6 4 4 3 2 2 2 1 1 1 
15 15 10 8 7 7 7 6 4 4 3 2 2 2 1 1 1 
15 15 10 8 7 7 7 6 4 4 3 2 2 1 1 1 1 
15 14 10 8 6 6 6 4 4 4 2 2 2 1 1 1 1 
15 14 10 8 6 6 6 4 4 4 2 2 1 1 1 1 1 
15 14 10 8 6 6 6 4 4 4 2 2 1 1 1 1 
15 14 10 8 6 6 5 4 4 4 2 2 1 1 1 1 
15 14 9 8 6 6 5 4 4 4 2 2 1 1 
15 13 9 8 6 6 5 4 4 4 2 2 1 
15 13 9 8 6 6 5 4 4 3 1 1 1 
14 12 9 8 6 5 5 4 4 3 1 1 1 
13 12 9 7 6 5 4 4 3 3 1 
13 11 9 7 6 5 4 4 3 2 1 
13 11 9 7 6 5 4 3 3 2 1 
13 10 9 7 6 5 2 2 2 1 1 
11 10 9 7 6 2 2 2 2 1 1 
11 10 8 7 6 2 2 2 1 1 1 
10 10 8 7 6 2 2 2 1 
10 9 8 7 6 2 2 2 1 
10 9 8 6 6 2 2 1 1 
10 9 8 6 6 2 2 1 
10 9 6 3 3 2 2 1 
10 8 6 3 3 2 2 1 
10 7 5 3 3 2 2 1 
10 7 5 3 2 2 2 
10 7 5 3 2 2 2 
9 7 4 2 2 2 1 
9 6 4 2 2 1 1 
9 5 4 2 2 1 1 
9 5 4 2 2 1 1 
9 5 3 2 2 1 1 
9 5 3 2 1 1 1 
9 5 3 1 1 1 
8 5 1 1 1 1 
8 3 1 1 1 1 
7 3 1 1 1 1 
7 3 1 1 1 
7 3 1 1 1 
7 3 1 1 1 
7 3 1 1 1 
7 3 1 1 1 
6 3 1 1 1 
6 3 1 1 1 
6 3 1 1 1 
5 1 1 1 1 
5 1 1 1 1 
5 1 1 1 
5 1 1 1 
5 1 1 1 
5 1 1 1 
5 1 1 1 
4 1 1 1 
4 1 1 1 
4 1 1 1 
4 1 1 
4 1 1 
4 1 1 
3 1 1 
2 1 1 
2 1 1 
1 1 1 
1 1 1 
1 1 1 
1 1 1 
1 1 1 
1 1 1 
1 1 1 
1 1 1 
1 1 1 
1 1 
1 1 
1 1 
1 1 
1 1 
1 1 
1 1 
1 1 
1 1 
1 1 
1 
1 
1 
1 
1 
1 
1 
1 
1 
1 
1 
1 
