148 143 138 133 127 125 122 121 116 115 113 110 105 104 104 101 99 96 93 90 84 82 75 73 73 72 71 67 67 67 66 66 65 61 61 59 58 58 55 55 52 52 51 47 47 45 42 42 41 41 41 39 39 39 38 38 33 30 30 30 30 27 26 26 26 26 26 24 24 24 24 23 23 23 23 22 22 22 22 22 21 20 19 18 18 18 17 17 17 16 15 14 14 12 12 12 12 12 12 11 11 11 11 10 10 10 10 10 10 10 10 10 8 8 8 8 8 8 8 8 8 8 7 7 6 6 5 4 4 4 4 4 4 4 3 3 3 3 3 3 3 3 3 3 3 3 2 2 2 1 1 1 1 1 1 1 1 1 1 1 
145 135 126 124 122 121 111 107 105 104 101 99 98 93 92 91 83 75 75 71 70 66 66 65 65 65 63 63 61 60 60 60 55 53 52 51 51 51 50 50 49 49 49 45 45 41 41 40 40 40 37 37 37 37 37 32 30 30 30 29 27 25 25 24 23 21 21 20 20 20 20 20 20 19 19 19 18 18 17 16 16 16 16 16 15 15 14 13 13 13 9 9 9 9 9 9 9 9 9 9 9 9 9 9 9 8 8 8 8 8 8 8 8 8 6 5 3 3 3 3 3 3 3 3 1 1 1 1 1 1 1 1 1 1 1 1 1 1 1 1 1 1 1 1 1 1 1 
137 133 126 123 120 114 109 103 101 100 91 87 85 81 80 73 73 73 72 71 69 65 64 61 61 61 61 59 59 56 55 55 52 49 49 47 47 47 47 46 45 45 45 41 41 40 38 38 37 37 37 37 36 35 35 31 30 29 29 28 25 24 24 24 21 21 21 20 20 19 19 19 19 19 18 18 16 16 16 16 16 16 16 13 13 13 13 13 13 13 9 9 9 9 9 8 8 8 8 8 8 8 8 8 8 7 7 5 5 5 5 5 5 4 4 3 3 3 3 3 1 1 1 1 1 1 1 1 1 1 1 1 1 1 1 1 1 1 1 1 1 
136 132 116 109 98 98 98 98 97 96 85 83 81 80 76 73 73 70 68 68 68 65 56 53 53 49 48 48 48 47 44 43 43 43 42 42 42 42 41 41 41 41 40 40 39 38 38 37 36 36 33 32 32 31 30 29 27 27 27 25 25 24 24 21 21 21 19 19 18 18 17 16 16 16 16 16 15 14 14 13 12 11 11 9 8 8 8 8 8 8 8 8 7 7 6 5 5 5 5 5 5 4 4 3 3 3 3 3 3 3 2 2 2 2 2 2 2 2 2 2 1 1 1 1 1 1 1 1 1 1 1 1 1 1 1 1 1 1 1 1 1 
134 119 105 105 98 98 97 96 94 88 79 72 72 72 70 69 68 66 66 64 63 61 54 51 51 48 48 48 44 44 43 42 41 41 41 41 41 41 41 40 38 37 37 35 34 33 31 31 30 29 29 26 26 26 26 25 24 23 23 23 22 22 22 21 19 19 19 19 17 17 16 15 15 15 15 15 13 13 13 13 9 9 9 9 8 8 8 7 7 7 7 6 5 5 5 5 5 4 4 4 4 3 2 2 2 2 2 2 2 2 2 2 2 2 2 2 2 2 1 1 1 1 1 
133 113 102 102 98 98 95 91 89 79 76 72 69 69 68 66 65 64 64 63 59 58 54 50 50 48 48 47 44 44 43 42 41 41 41 41 41 40 39 39 38 37 37 32 32 31 31 29 28 27 27 26 22 22 22 21 21 20 20 20 20 19 19 19 18 17 17 16 16 16 15 15 15 14 14 13 10 10 10 10 9 9 9 9 8 8 8 7 7 6 6 5 5 5 5 4 3 3 3 3 3 3 2 2 2 2 2 2 2 1 1 1 1 1 1 1 1 1 1 1 1 1 
131 109 100 98 97 93 88 87 87 75 70 70 69 67 66 62 62 61 60 60 58 57 52 50 50 47 46 46 44 42 41 41 40 39 39 39 39 38 38 37 35 34 32 30 29 29 28 28 27 27 25 23 20 20 20 19 19 19 19 19 19 19 18 18 17 16 16 16 16 15 15 15 14 13 13 12 10 10 10 10 9 9 8 8 8 8 6 6 6 6 6 5 4 3 3 3 3 3 3 3 3 2 2 2 2 2 2 1 1 1 1 1 1 1 1 1 1 1 
127 108 97 96 96 90 85 83 79 73 68 66 65 63 63 62 62 59 56 56 54 54 52 50 49 46 45 44 41 41 41 41 40 39 38 37 35 35 35 35 34 31 31 29 29 29 27 27 27 22 22 21 20 19 19 19 19 19 19 18 17 17 17 15 15 14 14 13 13 13 13 13 12 12 12 8 8 8 8 8 7 7 7 7 5 5 4 4 4 4 4 4 4 3 3 3 3 3 3 2 2 2 1 1 1 1 1 1 1 1 1 1 1 1 1 
125 103 96 93 88 86 84 83 77 70 65 64 64 63 63 57 57 55 55 55 54 52 52 48 45 45 44 44 41 40 40 40 40 39 37 37 35 33 33 33 33 31 31 29 26 26 26 26 22 20 18 17 17 17 17 17 15 14 14 14 14 14 14 14 13 13 13 13 13 13 12 12 11 10 10 8 8 7 7 6 6 6 6 6 5 4 3 3 3 3 2 2 2 2 2 2 2 2 2 2 2 1 1 1 1 1 1 1 1 1 
113 95 92 89 86 85 83 83 76 69 65 64 63 62 60 57 54 53 50 50 49 49 48 46 45 45 44 44 41 40 40 40 39 37 36 34 34 31 31 31 31 30 28 27 26 24 24 21 20 19 17 16 16 15 14 14 14 13 13 13 13 13 13 13 13 11 11 10 10 9 9 9 8 8 7 7 6 6 6 6 6 6 5 5 5 4 3 3 2 2 2 2 2 2 2 2 2 2 2 2 2 1 1 1 1 1 1 1 1 1 
112 92 90 88 85 84 83 77 72 67 63 63 62 55 54 54 53 48 48 48 47 46 46 42 41 41 41 41 41 39 37 35 34 34 34 33 32 31 31 31 29 27 27 25 23 21 21 19 18 18 16 15 14 14 14 14 14 13 13 13 13 11 11 11 11 11 11 10 8 8 8 6 6 6 6 6 6 5 5 5 5 5 4 4 3 3 2 2 2 2 2 2 2 2 2 2 1 1 1 1 1 1 1 1 1 
106 91 90 82 76 76 73 73 69 64 62 62 62 54 54 51 49 48 47 46 46 46 43 41 41 41 41 39 35 35 35 34 34 33 33 32 32 30 25 25 25 21 20 20 19 19 18 18 18 17 16 14 14 14 14 13 13 13 13 12 11 10 8 7 7 7 7 7 7 7 6 6 4 4 4 4 4 4 4 4 4 4 3 3 2 2 2 2 1 1 1 1 1 1 1 1 1 1 1 1 1 1 1 
103 89 81 80 76 76 73 71 66 60 60 60 57 54 52 50 49 47 46 46 46 44 43 41 41 40 38 38 35 35 33 28 28 28 28 28 28 28 25 22 22 20 20 20 19 17 17 17 16 15 15 14 12 12 12 12 12 12 12 12 10 10 8 7 7 7 7 6 5 5 5 5 4 4 3 3 3 3 3 3 3 3 2 2 2 2 2 1 1 1 1 1 1 1 1 1 1 1 1 1 1 
103 88 80 80 76 75 73 68 64 60 60 58 56 53 48 48 47 47 46 46 46 44 43 41 41 39 38 37 35 33 33 28 28 28 28 26 24 24 21 19 19 19 19 18 18 17 16 16 13 13 13 13 12 12 12 12 11 11 10 9 9 8 7 6 6 6 5 5 3 3 3 3 3 3 3 3 3 3 3 3 3 3 2 2 2 2 2 1 1 1 1 1 1 1 1 1 1 
102 88 79 79 70 66 66 65 63 60 58 57 56 53 48 47 45 45 45 45 45 43 42 41 39 37 37 37 34 33 33 28 28 28 28 25 24 23 20 19 19 19 17 16 16 15 15 15 13 13 11 11 11 11 11 11 10 10 9 9 9 8 7 6 5 5 5 5 3 3 3 3 3 3 3 3 3 2 1 1 1 1 1 1 1 1 1 1 1 
102 87 79 76 70 64 64 64 61 60 58 56 52 51 47 47 45 45 42 42 42 41 36 34 34 33 33 33 31 31 31 28 28 28 26 23 23 22 20 19 19 19 17 16 16 15 15 14 12 12 11 11 11 11 11 11 8 8 8 8 8 6 5 5 5 5 4 4 3 3 3 2 2 2 1 1 1 1 1 1 1 1 1 1 1 1 1 1 1 
97 85 79 71 70 64 57 57 56 55 54 51 51 49 47 47 45 44 42 42 41 39 35 33 33 32 31 31 31 29 29 28 27 24 24 23 23 21 20 19 18 17 15 15 14 14 13 12 12 11 11 11 10 10 10 8 7 7 6 6 6 4 3 3 3 3 3 3 3 2 2 2 1 1 1 1 1 1 1 1 1 1 1 1 1 1 1 1 
95 85 72 68 68 61 57 56 55 50 50 50 49 49 44 44 44 41 41 38 35 35 31 29 29 29 29 26 26 26 26 23 23 22 18 18 18 17 17 17 16 16 15 14 14 12 12 11 11 11 11 11 10 10 8 7 7 6 6 5 5 3 2 2 2 2 1 1 1 1 1 1 1 1 1 1 1 1 1 1 1 1 1 1 
87 80 71 68 66 58 54 54 54 50 50 48 48 48 44 43 43 41 39 36 35 32 28 25 25 23 23 23 23 23 23 22 21 20 18 18 18 17 17 17 15 15 13 13 13 12 11 11 11 11 11 11 10 10 7 7 6 6 5 5 4 3 2 1 1 1 1 1 1 1 1 1 1 1 1 1 1 1 1 1 1 1 1 1 
87 80 69 68 62 58 53 53 53 50 48 48 47 44 44 43 39 38 36 36 33 28 27 24 24 23 23 23 23 22 22 20 18 18 15 15 15 15 14 14 14 13 13 13 12 12 11 10 10 9 9 9 9 8 7 7 4 3 2 2 2 2 1 1 1 1 1 1 1 1 1 1 1 1 1 1 1 1 1 1 
86 80 67 65 59 57 53 52 52 49 45 45 45 44 44 40 38 35 35 33 31 27 25 23 23 23 23 22 17 16 16 16 15 15 14 14 14 14 14 14 14 13 12 10 10 10 10 9 9 9 9 7 7 5 5 5 4 2 2 2 2 2 1 1 1 1 1 1 1 1 1 1 1 1 1 1 1 1 
84 79 65 64 56 55 52 51 49 48 45 45 45 43 42 39 38 33 33 32 30 25 24 23 23 22 21 20 16 16 15 15 15 15 14 14 14 14 14 12 12 10 10 10 10 8 8 8 8 8 5 4 4 4 4 3 2 2 2 2 2 1 1 1 1 1 1 1 1 1 1 1 1 1 1 1 1 1 
83 76 64 63 55 54 51 48 47 47 45 44 43 43 40 38 35 33 32 32 27 24 23 23 22 21 20 19 15 15 15 15 14 13 13 10 10 10 10 10 9 9 8 8 8 8 8 8 8 7 5 3 3 3 3 3 2 2 1 1 1 1 1 1 1 1 1 1 1 1 1 1 1 1 1 1 1 1 
83 68 64 57 52 51 50 48 47 45 44 43 43 40 37 37 35 33 28 23 23 23 22 22 22 21 20 18 15 15 15 14 13 12 11 10 10 10 10 10 9 8 8 8 7 7 7 7 7 7 5 3 3 3 3 1 1 1 1 1 1 1 1 1 1 1 1 1 1 1 1 1 1 
82 68 60 55 51 48 48 48 44 44 44 43 41 40 37 35 31 30 24 23 23 23 22 21 21 20 19 17 15 15 15 13 12 11 10 10 9 9 9 9 8 8 8 8 7 7 7 7 7 6 4 3 3 1 1 1 1 1 1 1 1 1 1 1 1 1 1 1 1 1 1 
75 68 60 52 50 47 46 46 44 44 42 42 40 37 36 33 29 28 23 23 22 22 22 21 19 18 17 17 15 15 14 12 12 11 10 10 9 9 9 9 8 8 8 8 7 7 7 7 6 6 4 3 2 1 1 1 1 1 1 1 1 1 1 1 1 1 1 1 1 1 1 
71 68 56 52 46 46 46 46 44 41 38 38 38 36 34 33 27 27 23 23 22 22 21 18 18 17 17 17 15 15 14 12 10 10 10 10 9 9 9 9 8 8 7 7 7 7 6 6 5 4 3 2 1 1 1 1 1 1 1 1 1 1 1 1 1 1 1 1 1 1 
71 65 55 51 46 46 46 46 44 41 38 38 34 32 31 29 27 26 23 22 22 22 21 18 17 17 16 16 15 15 13 11 10 10 10 9 9 8 8 8 8 7 7 7 6 6 5 5 4 3 2 2 1 1 1 1 1 1 1 1 1 1 1 1 1 1 1 
71 60 55 51 46 46 46 45 43 39 37 35 32 32 30 29 26 25 23 20 20 20 17 17 15 15 14 14 13 11 11 10 10 9 9 9 8 8 8 8 7 7 6 6 6 5 5 5 4 3 2 2 1 1 1 1 1 1 1 1 1 1 1 1 1 1 
70 57 53 49 46 43 43 42 40 36 36 34 31 29 28 28 26 25 22 20 19 19 17 16 14 14 14 14 13 11 9 9 9 9 9 9 8 8 8 8 7 7 6 5 5 5 5 5 4 2 2 2 1 1 1 1 1 1 1 1 1 1 1 1 1 
68 56 52 48 44 42 42 39 39 35 35 34 31 28 28 26 26 25 22 19 18 17 16 16 14 13 13 13 13 10 9 9 9 9 9 8 7 7 6 6 6 6 6 5 5 5 5 4 3 2 2 2 1 1 1 1 1 1 1 1 1 1 1 1 
68 56 48 48 43 42 36 34 34 34 32 31 30 28 28 25 25 23 19 19 17 17 16 15 13 13 13 13 13 10 9 9 9 9 7 7 7 6 6 6 5 5 5 5 5 5 5 4 3 2 2 1 1 1 1 1 1 1 1 1 1 1 1 
67 55 48 48 42 40 34 34 33 31 30 30 29 28 27 25 25 23 19 19 16 16 14 14 13 13 12 11 10 10 9 8 7 7 7 6 5 5 5 5 5 5 5 5 5 4 4 2 2 2 1 1 1 1 1 1 1 1 1 1 1 1 1 
67 53 47 45 42 39 32 31 31 30 30 29 29 28 27 22 22 22 19 18 15 14 14 14 13 11 11 10 10 10 9 8 7 6 6 5 5 5 5 5 5 5 5 5 5 4 4 2 2 1 1 1 1 1 1 1 1 1 1 1 1 1 
65 53 46 45 39 38 31 31 30 30 30 29 26 26 25 22 22 20 19 18 15 14 14 14 13 11 11 10 10 10 9 8 7 6 5 5 5 5 5 5 5 5 5 5 5 4 4 2 2 1 1 1 1 1 1 1 1 
61 53 44 43 39 38 31 31 30 30 28 28 25 24 23 22 21 18 18 18 14 14 14 13 10 9 9 9 9 8 8 7 6 6 5 5 5 5 5 5 5 5 5 5 5 4 4 1 1 1 1 1 1 1 1 1 1 
60 53 42 42 39 35 31 30 30 30 28 25 24 23 22 22 19 18 18 17 14 14 13 11 10 9 9 9 9 7 7 6 6 6 5 5 5 5 5 5 5 5 4 4 4 4 4 1 1 1 1 1 1 1 1 1 
60 53 42 42 39 35 30 30 30 29 27 24 24 21 21 21 19 18 17 14 13 11 11 11 9 9 8 8 8 7 6 6 5 5 5 5 5 5 5 5 5 5 4 3 3 3 3 1 1 1 1 1 1 1 1 1 
56 53 42 42 39 31 30 30 30 29 27 24 23 21 21 20 18 14 14 13 11 11 10 8 8 8 8 8 6 6 6 5 5 5 5 5 5 5 5 5 5 5 4 3 3 2 2 1 1 1 1 1 1 1 1 1 
53 49 42 41 39 31 30 30 29 29 26 23 21 21 21 20 18 11 11 11 10 9 9 8 8 8 8 7 6 6 6 5 5 5 5 5 5 5 5 5 4 4 4 3 3 2 2 1 1 1 1 1 1 1 1 
50 48 42 40 35 31 30 30 28 28 26 23 21 21 18 17 17 10 8 8 8 8 8 8 8 8 7 7 6 6 5 5 5 5 5 5 5 5 4 4 4 4 3 3 3 2 2 1 1 1 1 1 1 1 1 
50 47 42 40 34 31 30 30 28 26 24 22 21 19 17 17 15 9 8 8 8 8 8 8 8 8 5 5 5 5 5 5 5 5 5 5 5 5 4 4 4 3 3 3 3 2 2 1 1 1 1 1 1 1 1 
47 46 40 40 33 31 28 28 26 24 24 22 21 18 17 17 15 9 8 8 8 8 8 8 8 7 5 5 5 5 5 5 5 5 5 5 5 3 3 3 3 3 3 3 2 2 2 1 1 1 1 1 1 
46 44 38 37 33 31 26 26 25 23 23 19 18 17 17 15 15 8 8 8 8 8 8 7 7 7 5 5 5 5 5 5 5 4 4 4 4 3 3 3 3 3 2 2 2 2 2 1 1 1 1 1 
46 42 38 36 31 30 25 25 24 20 20 18 18 17 17 15 13 8 8 8 8 8 8 7 7 7 5 5 5 5 5 4 4 4 4 4 3 3 3 3 3 3 2 2 2 2 2 1 1 1 1 1 
46 42 37 35 31 30 25 24 20 19 19 17 17 17 16 15 13 8 8 7 7 7 7 7 7 7 5 5 5 5 5 4 4 4 4 4 3 3 3 3 3 2 2 2 2 2 1 1 1 
43 41 35 35 29 29 25 24 20 19 18 17 17 17 16 15 13 8 8 7 7 7 7 7 7 7 5 5 5 5 4 4 4 4 4 4 3 3 3 3 3 2 2 2 2 2 1 1 1 
43 40 35 33 29 26 25 21 20 18 18 16 16 16 15 13 12 8 8 7 7 7 7 7 6 6 5 5 5 5 4 4 4 3 3 3 3 3 3 3 2 2 2 2 2 2 1 1 1 
43 40 35 32 29 25 25 19 18 18 16 16 16 15 15 11 11 8 8 7 7 7 7 7 6 6 5 5 5 5 4 4 4 3 3 3 3 3 3 3 2 2 2 2 1 1 1 
43 40 34 31 28 25 21 19 18 18 16 16 15 15 15 11 11 8 8 7 7 7 6 6 6 6 5 5 5 4 4 4 4 3 3 3 3 3 3 3 2 1 1 1 1 1 
42 40 34 30 26 25 21 19 17 16 16 15 15 15 15 11 11 8 7 7 7 7 6 6 6 6 5 5 5 4 4 3 3 3 3 3 3 3 2 2 2 1 1 1 1 
40 34 32 29 26 23 21 18 17 16 15 15 15 14 13 11 11 8 7 7 7 6 6 6 6 5 5 3 3 3 3 3 3 3 3 1 1 1 1 1 1 1 1 1 
39 34 29 28 24 23 21 18 17 15 15 15 15 14 12 11 11 8 7 7 7 6 6 6 6 5 5 3 3 3 3 3 3 3 1 1 1 1 1 1 1 1 1 1 
38 34 29 26 23 23 21 17 16 15 15 15 15 13 12 11 11 8 7 7 6 6 6 6 6 5 4 3 3 3 3 3 3 3 1 1 1 1 1 1 1 1 
38 33 28 24 23 23 21 16 16 15 15 15 14 12 11 11 11 8 7 7 6 6 6 6 6 5 3 3 3 3 3 3 3 3 1 1 1 1 1 1 1 1 
38 33 27 24 23 22 21 16 16 15 15 15 14 12 11 11 10 7 7 6 6 6 6 5 5 4 3 3 3 3 3 3 3 3 1 1 1 1 
35 33 27 22 22 21 20 16 16 15 15 14 14 12 11 11 9 7 7 6 6 5 5 5 4 3 3 3 3 3 3 3 3 3 1 1 1 1 
32 31 26 22 22 21 20 16 15 15 15 14 14 12 11 10 9 7 7 5 5 5 5 5 4 3 3 3 3 3 3 3 3 3 1 1 1 1 
31 29 23 21 20 20 19 16 15 15 14 13 13 12 11 9 9 7 7 5 5 5 5 5 4 3 3 3 3 3 3 2 2 2 1 1 1 1 
30 29 22 21 20 20 17 16 15 14 14 13 12 11 10 9 9 7 6 5 5 5 4 4 4 3 3 3 3 3 3 2 2 2 1 1 1 
29 28 22 20 20 20 17 15 15 14 14 13 12 11 10 9 8 7 5 5 5 5 4 4 4 3 3 3 3 3 3 1 1 1 1 1 1 
28 27 22 20 18 18 16 15 14 14 14 13 11 10 10 8 6 6 5 5 4 4 3 3 3 3 3 3 3 2 2 1 1 1 1 1 1 
27 27 22 20 18 18 16 15 14 13 12 12 11 10 10 8 6 6 5 5 4 3 3 3 3 3 3 3 3 2 1 1 1 1 1 1 1 
27 25 21 20 18 17 16 15 14 12 12 12 10 10 9 8 6 6 5 5 4 3 3 3 3 3 3 3 3 2 1 1 1 1 1 1 
27 25 21 20 18 17 16 14 13 12 12 10 10 9 9 8 6 5 5 4 4 3 3 3 3 3 3 3 2 2 1 1 1 1 1 1 
27 25 21 20 18 17 13 12 12 11 10 10 9 9 8 8 6 5 5 4 4 3 3 3 3 3 3 2 2 2 1 1 1 
25 24 20 18 17 17 13 12 12 11 10 9 9 9 8 6 6 5 5 4 3 3 3 3 3 3 3 2 2 1 1 1 
24 24 20 18 15 15 12 11 10 10 9 9 9 9 7 5 5 5 4 3 3 3 3 3 3 3 3 2 2 1 1 1 
24 19 18 15 14 14 12 11 10 10 9 9 7 7 7 5 5 5 3 3 3 3 3 3 3 3 2 1 1 1 1 
24 18 18 14 14 13 12 11 10 9 9 8 7 5 5 5 5 5 3 3 3 3 3 3 2 2 2 1 1 1 1 
24 18 18 14 14 13 12 10 10 9 8 8 7 5 5 5 5 4 3 3 3 3 3 3 2 2 1 1 1 1 1 
24 18 17 14 14 13 12 10 10 8 7 6 6 5 5 5 5 4 3 3 3 3 3 2 2 1 1 1 1 
24 18 17 14 14 13 12 10 9 8 6 6 5 5 5 5 4 3 3 3 3 2 2 2 2 1 1 1 1 
24 14 14 14 14 13 12 10 9 7 6 5 5 5 5 4 4 3 3 3 3 2 2 2 1 1 1 1 1 
23 14 14 14 14 12 12 10 9 6 5 5 5 5 5 4 4 3 3 2 2 2 2 1 1 1 1 1 
23 14 13 13 13 12 12 10 7 6 5 5 5 5 5 4 4 3 3 2 2 2 2 1 1 1 1 
23 14 13 13 13 12 12 9 6 6 5 5 5 5 5 4 4 3 2 2 2 2 2 1 1 1 1 
23 13 13 13 12 12 11 8 6 5 5 5 5 5 5 4 4 3 2 2 2 2 1 1 1 1 1 
23 13 13 13 12 10 10 7 5 5 5 5 5 5 5 4 3 3 2 2 2 2 1 1 1 
23 13 13 13 12 10 10 7 5 5 5 5 5 4 4 3 3 3 2 2 2 2 1 1 1 
23 13 13 13 11 10 10 7 5 5 5 5 5 4 3 3 3 2 2 2 2 2 1 1 
22 13 13 13 11 9 9 7 5 5 5 4 4 3 3 2 2 2 2 2 2 1 1 1 
22 13 13 12 11 9 8 6 5 5 5 4 4 3 2 2 2 2 2 2 1 1 1 
21 13 13 12 10 9 8 6 5 5 5 4 4 3 2 2 2 2 2 1 1 1 1 
20 13 13 12 9 9 7 6 5 5 5 4 4 3 2 2 2 2 2 1 1 1 1 
20 12 12 12 9 9 7 6 5 5 5 4 3 3 2 2 2 1 1 1 1 1 1 
18 12 12 12 9 9 7 5 5 5 4 4 2 2 2 2 1 1 1 1 1 1 1 
18 12 11 10 9 9 7 5 5 5 4 4 2 2 2 2 1 1 1 1 1 1 1 
17 12 11 10 9 8 7 5 5 5 4 4 2 2 2 1 1 1 1 1 1 1 
17 12 10 9 8 7 7 5 5 4 4 4 2 2 2 1 1 1 1 1 1 
15 12 9 9 8 7 6 5 5 4 3 3 2 2 1 1 1 1 1 1 
15 12 8 8 8 7 5 5 5 4 3 3 2 1 1 1 1 1 1 
15 12 8 8 7 6 5 5 4 4 3 3 2 1 1 1 1 1 1 
15 11 8 8 7 5 5 5 4 4 3 3 2 1 1 1 1 1 1 
15 11 8 8 6 5 4 4 4 3 3 3 2 1 1 1 1 1 1 
14 9 8 7 6 5 4 3 3 3 3 3 2 1 1 1 1 1 1 
14 9 8 6 6 5 4 3 3 3 3 2 2 1 1 1 1 1 1 
13 9 8 6 6 5 3 3 3 3 3 2 2 1 1 1 1 
12 9 8 6 6 5 3 3 3 3 3 2 2 1 1 1 
12 9 8 6 6 5 3 3 3 3 3 2 1 1 1 1 
12 9 7 6 6 4 3 3 3 3 3 2 1 1 1 1 
12 8 7 6 5 4 3 3 3 3 3 2 1 1 1 1 
11 8 7 6 5 4 3 3 3 3 2 1 1 1 1 
11 8 7 6 5 4 3 2 2 2 2 1 1 1 1 
10 8 6 5 5 3 3 2 2 2 1 1 1 
9 8 6 5 5 3 2 2 2 2 1 1 1 
8 8 6 5 5 3 2 2 2 1 1 1 1 
8 8 6 5 5 3 2 2 2 1 1 
8 8 5 5 4 3 2 2 2 1 1 
8 8 5 5 4 2 2 2 2 1 1 
8 8 5 5 4 2 2 2 2 1 1 
8 7 5 4 2 2 2 2 2 1 1 
8 7 5 4 2 2 2 1 1 1 
8 7 5 4 2 2 2 1 1 1 
6 6 5 4 2 2 2 1 1 1 
5 5 4 2 2 2 2 1 1 1 
5 5 4 2 2 2 2 1 1 1 
5 5 4 2 2 2 2 1 1 1 
5 5 4 2 2 2 2 1 1 
5 5 3 2 2 2 1 1 1 
5 3 3 2 2 2 1 1 1 
5 3 3 2 2 2 1 1 1 
5 3 3 2 2 2 1 1 1 
5 3 3 2 2 2 1 1 1 
5 3 3 2 2 1 1 1 1 
5 3 3 2 1 1 1 
5 3 3 2 1 1 1 
5 3 3 1 1 1 1 
5 3 3 1 1 1 
5 3 3 1 1 1 
5 3 3 1 1 1 
4 3 3 1 1 1 
4 3 2 1 1 1 
4 3 2 1 1 1 
4 3 2 1 1 1 
4 2 1 1 1 
4 2 1 1 1 
3 2 1 1 1 
3 2 1 1 1 
3 2 1 1 1 
3 2 1 1 
3 2 1 1 
3 2 1 1 
3 2 1 1 
3 1 1 
3 1 1 
3 1 1 
3 1 1 
3 1 1 
3 1 
3 1 
2 1 
2 1 
2 1 
2 1 
1 1 
1 1 
1 1 
1 1 
1 
1 
1 
1 
1 
1 
1 
1 
