176 135 126 125 125 111 110 109 107 107 106 101 101 99 98 98 97 95 87 87 81 69 69 67 66 66 66 64 60 60 59 59 57 57 53 53 53 49 45 45 45 42 38 37 37 37 37 37 37 37 37 37 34 33 32 32 31 30 29 28 27 27 26 26 26 26 26 25 22 22 22 22 22 22 22 22 22 22 22 22 22 22 21 21 21 21 21 21 21 21 19 19 18 18 17 16 16 16 16 15 15 14 13 13 13 11 11 10 10 10 10 10 10 10 9 9 9 9 9 6 6 6 6 6 6 6 6 6 5 5 5 5 5 5 5 5 4 4 4 4 3 2 2 2 1 1 1 1 1 
167 129 125 122 121 106 103 102 93 93 90 88 83 82 78 78 74 69 69 69 65 64 60 60 60 60 60 57 55 55 54 54 52 51 48 48 46 46 45 43 43 41 37 37 37 37 37 37 37 35 34 34 32 31 31 31 29 28 28 28 27 26 26 26 24 24 24 24 22 22 22 22 22 21 21 21 21 21 21 20 20 20 16 16 14 14 14 14 13 13 13 13 13 12 11 11 10 10 10 10 10 10 10 10 10 10 10 10 10 10 9 9 8 8 8 7 7 5 5 5 5 5 5 5 5 5 5 5 5 5 4 4 4 3 3 3 3 3 3 2 2 1 1 1 1 1 
158 127 124 115 115 106 101 91 86 85 84 81 76 75 73 72 65 64 60 60 60 59 59 59 59 55 55 54 53 53 53 52 51 48 48 46 43 43 43 43 39 39 37 37 37 37 36 36 36 34 34 31 31 31 29 29 28 28 27 27 26 26 26 25 24 24 23 23 22 22 22 20 20 19 19 17 16 16 16 16 16 15 14 14 14 12 12 12 12 11 9 9 8 8 7 7 7 7 7 7 7 7 7 5 5 5 5 5 4 4 3 3 3 3 3 2 2 2 2 2 2 1 1 1 1 1 1 1 1 1 1 1 1 1 1 1 1 1 1 1 1 1 
148 126 118 114 110 98 96 87 83 83 80 78 72 71 70 63 63 61 59 59 59 59 58 55 53 52 52 52 52 52 51 49 49 47 46 45 42 41 41 41 39 37 37 37 37 36 36 33 33 33 30 30 30 30 28 28 25 25 25 25 24 24 23 23 21 21 21 21 21 20 19 18 18 17 17 16 15 15 14 14 14 14 14 13 11 10 9 9 9 8 7 7 7 7 7 7 6 6 6 6 6 6 5 5 5 5 4 4 4 3 3 2 2 2 2 2 2 2 2 2 2 1 1 1 1 1 
141 122 116 107 99 94 92 83 82 79 79 78 71 70 67 63 61 60 59 59 59 53 53 53 52 50 49 49 49 49 48 46 46 44 42 42 42 41 38 37 37 34 34 34 34 34 32 32 31 31 29 29 28 27 25 23 23 23 23 18 18 18 17 17 17 16 16 16 16 16 15 14 14 13 13 13 13 12 12 12 12 12 12 11 9 9 9 9 8 7 7 7 7 7 7 7 6 6 6 6 5 4 4 3 3 3 3 3 3 2 2 2 2 2 2 2 2 2 2 2 2 1 1 1 1 
131 120 112 99 98 89 87 83 80 78 77 71 68 68 62 61 61 60 57 56 56 53 52 52 50 49 47 46 45 42 42 40 40 35 35 35 35 35 35 34 34 34 32 32 32 32 30 28 27 27 27 27 27 24 23 19 19 19 19 18 18 18 17 17 16 15 13 13 13 13 13 12 12 12 12 12 12 11 11 11 11 11 10 10 8 8 8 8 7 7 6 6 6 6 6 6 6 6 6 6 5 3 3 3 3 3 2 2 2 2 2 2 2 2 2 2 2 2 1 1 1 1 1 1 1 
119 116 106 94 94 89 85 81 80 77 77 63 63 63 62 60 59 58 56 54 53 53 49 49 48 47 44 44 44 41 40 39 39 35 35 34 33 33 32 31 30 29 28 28 28 26 26 26 26 24 24 24 24 24 23 19 19 19 18 17 17 16 16 14 14 13 13 13 13 13 12 12 12 12 11 11 11 11 11 11 10 10 10 9 8 7 7 6 6 6 6 6 6 4 4 4 3 3 3 2 2 2 1 1 1 1 1 1 1 
114 110 106 94 91 86 85 77 74 71 70 61 61 61 61 60 59 54 53 53 52 51 49 46 46 43 43 40 40 39 39 38 36 35 34 33 33 32 31 31 29 28 27 27 26 24 24 22 21 21 21 21 21 21 20 19 18 16 16 16 16 15 15 14 13 13 12 12 11 11 11 11 11 11 11 11 11 11 9 8 8 7 7 7 7 7 7 6 6 6 5 5 5 4 4 4 3 2 2 2 2 2 1 1 1 1 1 1 1 
113 107 101 90 85 85 84 71 70 70 69 60 60 60 59 54 52 51 49 48 48 48 46 43 42 41 41 40 38 36 36 35 35 34 33 32 32 31 30 29 28 27 27 25 25 24 22 21 21 21 20 20 20 20 20 19 15 15 15 15 15 12 11 11 11 11 11 11 11 11 10 10 10 10 10 10 10 9 7 7 7 7 7 7 7 6 6 6 4 4 4 4 4 4 3 3 2 2 2 2 1 1 1 1 1 1 1 
106 104 99 90 84 83 81 71 67 67 65 60 60 57 57 53 50 50 49 48 47 45 43 43 42 39 37 37 36 36 34 33 33 33 32 31 30 30 29 28 27 26 26 25 25 24 21 20 19 19 18 18 18 18 18 18 15 13 13 13 13 12 11 11 11 11 10 10 10 10 10 9 9 9 9 8 8 8 7 7 7 6 6 6 6 6 5 5 4 4 4 4 3 3 3 2 2 2 1 1 1 
106 100 97 85 82 81 79 65 64 62 62 60 57 53 53 51 48 48 46 45 45 44 43 40 39 37 37 37 35 35 34 33 33 33 29 29 29 27 27 27 26 26 24 22 20 20 19 18 18 18 18 18 18 17 16 16 15 13 13 13 12 12 11 11 11 10 10 9 9 9 9 9 9 9 8 7 6 6 5 5 5 5 4 4 4 3 3 3 3 3 3 3 3 2 2 2 2 2 1 1 1 
106 100 96 84 82 81 75 65 61 59 59 58 56 53 53 51 48 47 46 45 44 43 43 38 38 37 37 36 34 34 33 33 32 30 28 27 27 27 27 26 26 24 21 19 19 19 19 18 18 18 18 17 16 15 14 14 14 13 13 12 10 10 9 9 9 9 9 9 9 8 8 8 6 6 6 6 6 6 5 5 5 4 3 3 3 3 3 3 3 3 2 2 2 2 2 2 2 1 1 1 
105 96 93 82 78 78 68 63 58 58 58 57 54 52 52 49 47 47 46 44 40 38 38 38 37 37 36 33 32 32 32 31 30 30 27 26 26 26 26 25 25 24 20 19 19 19 19 18 18 18 17 17 15 14 14 14 13 12 12 10 9 9 9 9 9 7 7 7 7 7 7 7 6 6 5 5 4 4 4 4 4 3 3 3 3 3 3 3 3 2 2 2 2 1 1 
105 96 92 81 78 78 67 61 58 55 54 50 50 50 46 46 45 45 45 41 39 36 36 33 33 33 33 33 31 30 30 28 28 28 27 26 25 25 24 24 24 21 20 19 19 19 17 15 15 15 15 15 15 14 13 12 11 10 10 10 9 9 9 9 9 7 7 7 7 7 7 6 6 6 5 3 3 3 3 3 3 3 3 3 3 3 3 3 3 2 2 2 2 1 
104 91 88 80 78 71 66 60 57 53 53 50 50 48 46 44 44 43 40 38 37 35 33 33 33 33 33 31 31 29 28 28 27 25 25 25 25 24 24 23 23 19 19 19 19 18 17 15 15 15 15 15 14 14 12 12 11 10 10 10 9 9 8 8 8 7 7 7 7 6 6 6 6 4 3 3 3 3 3 3 2 2 2 2 2 2 2 1 1 1 1 
101 90 83 80 74 71 63 60 53 52 48 48 48 47 46 44 39 39 38 38 37 34 33 33 31 31 31 31 30 27 26 26 26 25 25 25 25 24 22 22 22 19 19 19 18 18 16 15 15 15 15 14 14 13 12 12 10 10 10 10 9 9 8 8 8 7 7 7 7 6 6 6 6 4 3 3 2 2 2 2 2 2 1 1 1 1 1 1 1 1 1 
96 89 79 71 71 68 60 58 48 47 46 45 44 44 44 44 39 38 34 34 31 31 31 31 30 28 28 28 28 26 26 26 25 25 25 24 23 23 21 20 20 19 19 18 18 16 15 14 14 14 11 10 10 10 10 10 9 9 9 8 7 7 7 7 7 7 7 7 5 5 5 4 4 4 3 3 2 2 2 2 2 1 1 1 1 1 1 1 1 1 
92 89 78 71 70 65 58 57 47 45 45 44 44 44 42 40 39 38 34 33 31 31 30 29 29 28 28 24 24 24 24 24 24 23 22 22 21 20 19 19 18 18 17 15 15 14 13 12 12 12 11 10 10 10 10 9 9 9 9 7 6 6 6 6 6 6 6 6 5 4 4 3 3 3 2 2 2 2 2 1 1 1 1 1 1 1 1 1 1 
90 84 71 70 70 64 57 54 46 45 45 44 43 42 42 40 36 36 34 33 31 28 28 27 27 27 27 24 24 23 23 23 23 23 22 21 19 19 19 19 18 14 14 14 12 12 11 11 11 11 11 10 9 9 9 9 8 8 7 6 6 6 6 6 6 6 5 5 5 4 3 3 3 3 1 1 1 1 1 1 1 1 1 1 1 1 1 1 
89 81 70 70 68 62 57 54 45 45 45 43 41 38 37 37 36 34 34 33 30 28 27 27 27 26 26 24 23 23 23 23 21 21 19 18 18 18 18 17 17 14 14 12 12 9 8 8 8 8 8 8 8 8 8 8 8 6 6 6 6 6 6 6 5 5 5 5 3 3 3 3 3 3 1 1 1 1 1 1 1 1 1 
85 81 68 67 65 60 55 51 45 44 42 42 41 38 37 37 36 34 34 33 29 28 27 26 26 26 26 23 22 22 22 20 18 18 18 18 18 17 16 15 15 14 13 12 11 8 8 8 8 8 8 8 8 8 7 6 6 5 5 5 5 5 4 4 4 4 4 4 3 3 3 2 2 1 1 1 
84 79 66 61 57 56 53 51 44 43 41 40 39 38 36 36 35 34 33 32 27 27 27 26 26 26 24 23 22 21 21 20 18 18 18 17 16 16 13 13 13 11 11 9 9 8 8 8 8 8 8 8 8 6 6 6 5 5 4 4 4 4 4 3 3 3 3 3 3 3 3 2 1 1 1 1 
84 75 59 59 57 54 51 51 44 43 39 39 38 36 35 34 34 32 31 31 27 27 26 26 26 25 23 23 22 21 21 20 18 18 17 14 14 13 13 13 13 11 11 9 9 8 8 8 8 8 8 8 6 6 6 6 5 5 4 4 4 4 4 3 3 3 3 3 3 1 1 1 1 1 1 1 
82 74 59 56 55 49 47 46 44 42 39 39 38 35 35 34 34 32 30 30 27 26 26 25 23 22 20 20 20 20 20 20 18 18 16 14 14 13 13 13 11 11 11 9 9 8 8 7 7 7 7 6 5 5 5 4 4 4 4 4 4 3 3 2 2 2 1 1 1 1 1 1 1 1 1 1 
79 73 59 56 54 49 47 44 43 39 37 37 36 35 34 34 33 31 30 30 27 26 26 24 21 21 20 19 17 16 16 16 15 15 15 14 14 13 13 12 11 11 11 9 9 8 8 7 6 6 4 4 4 4 4 4 4 4 3 3 3 3 2 1 1 1 1 1 1 1 1 1 
77 72 59 56 52 49 46 44 43 39 37 33 33 33 33 32 30 30 30 28 26 26 25 22 20 20 20 18 16 16 16 16 15 15 14 13 13 12 11 9 9 9 8 8 8 8 8 6 6 4 4 4 4 4 3 3 3 3 3 3 3 2 1 1 1 1 1 1 1 1 1 1 
77 67 57 54 51 47 46 44 43 38 37 33 33 31 30 30 30 30 29 27 26 24 21 21 20 19 18 18 16 16 16 15 15 14 13 13 12 11 11 9 9 8 8 8 5 5 5 5 5 4 4 3 3 3 3 3 3 3 3 3 2 2 1 1 1 1 1 1 1 1 1 1 
77 66 54 53 47 46 45 42 42 38 37 33 30 30 30 30 29 28 28 26 25 24 21 20 18 16 16 16 16 15 15 15 14 13 12 12 11 11 8 8 8 8 8 8 5 5 5 5 5 4 4 3 3 3 3 3 3 3 3 3 2 2 1 1 1 1 1 1 1 1 1 
77 65 54 50 46 45 42 42 42 38 37 32 30 30 30 30 29 28 27 26 25 24 21 20 18 16 16 16 15 15 15 14 13 13 11 11 11 11 8 8 8 8 7 7 5 5 5 5 4 4 4 3 3 3 3 3 3 3 3 2 2 1 1 1 1 1 1 1 1 1 1 
73 63 52 47 44 43 41 41 40 38 37 31 30 30 30 29 29 28 24 24 24 21 20 19 18 16 15 15 15 14 13 12 12 12 11 11 11 11 8 8 8 7 7 6 5 5 5 5 4 4 4 3 3 3 3 3 3 2 2 2 2 1 1 1 1 1 1 1 1 
73 61 52 46 42 42 41 41 40 36 34 31 30 30 29 28 28 26 24 21 21 21 19 19 15 15 15 14 14 14 13 12 12 12 11 11 10 9 8 8 7 5 5 5 5 5 5 5 4 4 3 3 3 3 3 3 3 2 2 2 2 1 1 1 1 1 
73 60 52 44 42 41 40 39 39 36 33 31 30 29 29 28 28 26 23 21 21 21 19 15 15 14 14 14 14 14 12 12 12 10 10 9 7 7 7 7 7 5 5 5 5 5 5 4 4 4 3 3 3 3 3 3 2 1 1 1 
68 58 50 43 42 41 39 39 37 36 33 31 29 29 28 24 24 23 23 21 21 21 17 14 14 14 13 13 12 11 11 10 10 10 9 9 7 7 7 7 6 5 5 5 5 5 4 4 4 3 3 3 3 3 3 3 2 1 1 
65 58 49 41 41 40 38 38 34 34 32 31 29 29 28 24 24 22 22 21 19 18 15 14 14 13 13 13 11 11 11 10 10 10 9 8 7 7 7 7 6 5 5 5 5 5 4 3 3 3 3 3 3 3 3 2 1 1 
63 58 49 41 41 38 37 36 34 34 31 28 28 28 28 24 22 22 22 21 17 17 15 14 14 13 13 13 11 11 10 9 9 9 8 7 7 7 5 5 5 5 5 5 4 4 4 3 3 3 3 2 2 2 2 2 1 1 
61 56 48 41 40 38 34 34 34 32 31 27 27 27 27 24 22 22 22 20 17 17 15 14 14 13 12 12 9 9 9 9 8 7 7 7 6 6 5 5 5 5 4 4 4 4 4 3 3 3 2 2 2 2 2 1 1 
61 52 48 41 40 38 34 34 32 31 30 27 27 27 26 24 22 22 22 20 17 17 15 14 14 13 12 12 9 9 9 8 8 7 7 7 6 6 5 5 5 5 4 3 3 3 3 3 3 2 2 2 2 2 1 1 1 
60 51 47 41 40 37 34 33 32 31 29 27 27 27 26 24 22 22 20 20 17 17 15 13 13 13 11 11 9 9 9 8 7 5 5 5 5 5 5 5 4 4 3 3 3 3 3 3 3 2 2 1 1 1 1 1 
58 50 47 40 39 37 34 33 32 30 29 27 27 26 26 24 22 21 20 19 17 16 15 13 12 12 11 11 9 8 7 7 7 5 5 5 4 4 4 4 4 4 3 3 3 3 3 2 1 1 1 1 1 
58 49 46 40 38 36 32 30 29 29 28 27 27 25 25 23 22 20 20 19 16 16 14 13 12 11 11 10 9 7 7 7 7 5 5 5 4 4 4 4 4 3 3 3 3 3 3 2 1 1 
51 49 46 40 38 36 30 30 28 27 27 27 25 24 23 22 21 20 19 18 16 15 14 11 11 10 10 10 9 7 6 5 5 5 4 4 4 4 4 3 3 3 3 3 3 3 2 2 1 1 
51 46 44 39 38 35 30 29 27 27 27 26 25 23 23 22 20 19 18 17 14 14 13 11 11 10 10 10 9 7 5 5 5 5 4 4 4 3 3 3 3 3 3 2 2 2 2 2 1 
50 43 43 39 38 34 29 29 27 27 26 24 22 22 22 20 20 18 17 17 14 14 12 11 10 10 10 9 9 7 5 5 5 5 4 4 4 3 3 3 3 2 2 2 2 2 2 1 
49 43 42 39 38 31 28 28 27 24 24 24 22 22 21 20 19 18 16 16 14 13 11 10 10 10 9 9 8 6 5 5 5 5 4 4 3 3 3 3 3 2 2 2 2 2 
46 43 40 37 36 29 28 28 27 24 24 24 21 21 21 20 19 16 15 15 14 13 11 10 10 10 9 7 7 6 5 5 5 4 3 3 3 3 3 3 2 2 2 1 1 
45 39 39 37 34 29 28 28 27 24 24 23 21 21 20 19 17 16 15 14 13 13 11 10 10 8 7 7 6 6 5 5 4 3 3 3 3 3 2 2 2 2 1 1 1 
45 39 37 36 34 29 28 27 26 21 21 21 21 19 18 16 16 15 15 14 12 12 11 9 8 7 7 7 6 6 5 3 3 3 3 3 3 3 2 2 2 2 1 1 
45 39 37 35 33 29 27 26 25 21 21 20 20 18 18 16 16 15 12 12 12 10 9 9 8 7 7 5 5 5 3 3 3 3 3 3 3 2 2 2 2 1 1 1 
42 37 37 34 33 29 27 25 23 21 20 19 18 17 17 16 13 11 11 11 9 9 9 9 8 7 7 5 5 5 3 3 3 3 3 2 2 2 2 2 2 1 1 1 
37 36 35 34 30 28 24 24 23 20 19 18 16 16 15 14 11 8 8 8 8 8 7 7 7 7 6 5 3 3 3 3 3 3 2 2 2 2 2 2 1 1 1 1 
37 34 34 33 29 24 24 24 23 17 17 17 16 16 14 13 9 8 8 8 8 8 7 7 7 6 6 4 3 3 3 3 3 3 2 2 2 2 2 1 1 1 
36 34 34 33 29 24 24 22 22 17 17 17 16 14 12 11 8 8 8 8 8 7 7 7 7 4 3 3 3 3 3 3 3 2 2 2 1 1 1 1 1 1 
36 34 33 33 29 24 24 21 20 17 17 16 15 13 10 9 8 8 8 8 7 7 7 7 7 4 3 3 3 3 3 3 3 2 2 2 1 1 1 1 1 
36 34 33 32 28 24 24 21 19 17 17 15 14 9 9 8 8 8 7 7 7 6 6 6 6 4 3 3 3 3 3 3 2 2 1 1 1 1 1 1 
36 34 32 32 23 22 21 21 19 17 16 15 13 9 8 7 7 7 7 7 7 6 6 6 6 4 3 3 3 3 3 3 2 1 1 1 1 1 
35 33 32 30 23 22 21 20 16 16 15 14 13 9 8 7 7 7 7 7 6 6 6 6 6 4 3 3 3 2 2 2 1 1 1 1 1 1 
35 33 30 25 23 22 19 19 16 16 15 13 11 9 8 7 6 6 6 6 6 5 5 5 5 4 3 3 3 2 2 2 1 1 1 1 1 1 
35 33 30 20 19 19 18 18 16 15 12 12 10 9 7 7 6 6 6 5 4 4 4 4 4 4 3 3 2 2 2 2 1 1 1 1 1 1 
33 31 25 20 19 17 16 16 15 14 12 12 8 8 7 7 6 6 6 5 4 4 4 4 4 3 3 3 2 2 1 1 1 1 1 1 1 1 
32 27 25 19 18 16 16 15 13 13 12 10 8 7 7 6 6 6 6 5 4 4 4 4 4 3 3 3 2 2 1 1 1 1 1 1 1 
32 26 24 19 17 16 16 13 12 12 11 10 8 7 6 6 6 6 6 5 4 4 4 4 3 3 3 3 2 2 1 1 1 1 1 
32 26 24 18 16 15 13 12 12 11 11 8 8 7 6 6 6 6 6 5 4 4 4 4 3 3 3 3 2 2 1 1 1 
31 25 24 12 12 12 12 12 11 11 11 8 8 7 6 6 6 6 5 5 4 4 4 4 3 3 3 2 2 2 1 1 1 
31 25 24 12 12 12 12 10 10 10 10 8 7 7 6 6 5 5 5 4 4 4 4 4 3 3 2 2 2 1 1 1 
31 25 24 12 12 12 11 10 10 10 10 8 7 7 6 5 5 5 5 4 4 4 4 2 2 2 2 2 1 1 1 1 
27 25 24 12 12 11 10 10 10 10 9 7 7 6 6 5 5 5 5 4 4 4 2 2 2 2 2 2 1 1 1 1 
27 25 23 12 11 10 10 10 10 9 8 7 6 6 5 5 5 5 5 4 4 3 2 2 2 2 2 2 1 1 1 1 
27 23 23 12 10 10 10 10 10 8 8 6 6 6 5 5 5 5 4 4 4 2 2 2 2 2 1 1 1 1 1 
27 23 23 12 10 10 10 10 10 8 8 6 6 5 5 5 5 4 3 3 3 2 2 1 1 1 1 1 1 1 1 
27 23 21 12 10 10 10 10 10 8 8 6 5 5 5 4 3 3 3 3 3 2 1 1 1 1 1 1 1 1 1 
26 23 20 12 10 10 10 10 10 8 7 6 5 5 5 3 3 3 3 3 3 2 1 1 1 1 1 1 1 1 1 
26 22 20 12 10 10 9 9 8 8 7 5 5 5 5 3 3 3 2 2 2 2 1 1 1 1 1 1 1 1 
19 19 18 12 10 10 9 8 8 8 7 5 5 5 5 3 3 3 2 2 2 2 1 1 1 1 1 1 1 
19 18 18 11 10 10 9 8 8 8 7 5 5 5 4 3 3 3 2 2 2 1 1 1 1 1 1 1 
18 18 18 11 9 9 9 8 8 8 7 5 5 5 3 3 3 3 2 2 2 1 1 1 1 1 1 1 
18 17 15 10 9 9 9 8 8 8 7 5 5 5 3 3 3 2 2 2 2 1 1 1 1 1 1 1 
18 16 15 10 9 9 9 8 8 8 6 5 5 5 3 3 2 2 2 2 2 1 1 1 1 
18 16 15 10 9 9 8 8 8 7 6 5 5 5 3 3 2 2 2 2 2 1 1 1 
18 15 15 10 9 9 8 8 7 7 6 5 5 5 3 3 2 2 2 2 1 1 1 1 
16 14 14 10 9 9 8 8 7 7 6 5 5 5 3 3 2 2 2 2 1 1 1 
16 14 14 10 9 9 6 6 6 6 6 5 5 3 3 3 2 2 2 1 1 1 1 
16 14 14 9 9 8 6 6 6 6 6 5 5 3 3 2 2 2 2 1 1 1 1 
16 14 14 9 9 8 6 6 6 6 5 5 2 2 2 2 2 2 1 
16 14 14 9 9 8 6 6 6 6 4 4 2 2 2 2 1 1 
16 14 14 9 8 8 6 6 6 6 3 3 2 2 2 2 1 1 
16 14 12 9 8 8 6 6 6 6 3 3 2 2 2 2 1 1 
16 14 12 8 8 8 6 6 6 4 3 3 2 2 1 1 1 
16 13 12 8 8 7 6 6 5 4 3 3 1 1 1 1 1 
16 13 12 8 8 7 6 6 5 4 3 3 1 1 1 1 1 
16 13 12 8 8 7 6 6 5 3 3 1 1 1 1 1 1 
16 13 12 8 8 7 5 5 5 3 3 1 1 1 1 1 1 
16 13 12 8 8 7 5 5 5 3 1 1 1 1 1 1 
16 12 12 8 8 7 5 5 5 3 1 1 1 1 1 
16 12 12 8 7 6 5 4 4 2 1 1 
16 12 11 8 6 6 4 4 4 1 1 1 
16 12 11 7 6 5 4 4 4 1 1 1 
16 12 11 6 6 5 4 4 4 1 1 
16 10 10 6 6 5 4 3 3 1 1 
15 10 10 6 6 3 3 3 3 1 1 
13 9 9 6 4 3 3 3 1 1 1 
13 9 9 6 3 3 3 3 1 1 1 
12 9 9 6 3 3 3 3 1 1 1 
12 9 9 6 3 3 3 2 1 1 1 
11 9 9 6 3 3 3 2 1 1 1 
9 9 9 6 3 3 3 2 1 1 1 
9 9 8 6 3 3 2 2 1 1 1 
9 8 7 5 3 3 2 1 1 1 1 
8 8 7 4 3 3 2 1 1 1 1 
8 6 6 4 3 3 1 1 1 1 
7 6 5 4 3 3 1 1 1 1 
6 5 5 4 3 3 1 1 1 1 
6 5 5 3 3 1 1 1 1 1 
6 5 5 3 3 1 1 1 1 1 
6 5 5 3 3 1 1 1 1 1 
6 5 5 3 3 1 1 1 1 
5 5 5 3 3 1 1 1 
5 5 5 3 1 1 1 1 
5 5 5 3 1 1 1 1 
5 5 5 3 1 1 1 
5 5 5 3 1 1 
5 5 4 3 1 
5 5 4 3 1 
5 5 4 3 1 
4 4 4 3 1 
4 4 4 3 1 
4 4 4 3 1 
4 4 3 3 1 
4 3 3 3 1 
4 3 3 3 1 
4 3 3 2 1 
4 3 3 2 1 
4 3 3 2 1 
4 3 2 2 1 
4 3 2 2 1 
4 3 1 1 1 
4 3 1 1 1 
4 3 1 1 
4 3 1 1 
4 2 1 1 
2 2 1 1 
2 2 
2 2 
2 2 
2 2 
2 2 
2 2 
2 2 
2 2 
2 2 
2 1 
2 1 
2 1 
2 1 
2 1 
2 1 
2 1 
2 1 
2 1 
2 1 
2 1 
2 1 
2 1 
2 1 
2 1 
2 1 
2 1 
1 1 
1 1 
1 1 
1 1 
1 1 
1 
1 
1 
1 
1 
1 
