174 153 147 145 139 133 131 118 115 115 107 102 100 93 93 92 87 87 84 83 81 77 76 72 72 69 68 66 66 59 58 58 54 53 53 48 47 47 46 46 46 45 45 44 43 42 42 38 37 37 37 37 36 34 32 32 32 32 30 28 27 27 27 27 27 27 27 27 26 22 22 20 20 20 20 20 20 20 20 20 18 18 18 18 18 18 17 16 16 16 16 16 15 15 15 13 12 12 12 12 12 12 12 12 12 11 11 11 11 11 9 9 9 9 9 8 8 6 6 5 4 4 4 4 4 4 4 4 4 3 3 3 3 3 3 3 3 3 3 3 3 3 3 3 3 3 3 3 3 2 2 2 2 2 2 2 2 2 2 1 1 1 1 1 1 1 1 
172 145 137 136 128 128 118 115 112 106 99 99 90 90 88 82 82 82 82 80 79 76 75 72 71 69 67 66 66 58 58 57 52 52 52 48 46 46 45 43 42 42 42 39 39 39 37 35 35 34 31 31 31 31 31 31 30 28 28 26 26 26 26 25 25 22 22 22 22 22 20 20 20 19 19 19 18 18 18 17 16 15 15 12 12 12 12 12 12 12 11 11 11 11 10 10 9 9 9 9 8 8 7 7 7 7 7 7 7 7 7 6 6 6 6 6 5 4 4 4 4 4 3 3 3 3 3 3 3 3 2 1 1 1 1 1 1 1 1 1 1 1 1 1 1 1 1 1 1 1 1 1 1 1 1 1 1 1 1 1 1 1 1 
153 139 135 128 123 117 116 100 99 90 90 88 88 85 85 82 78 77 77 77 74 67 66 66 65 64 64 61 57 56 55 55 52 52 46 46 45 43 39 39 39 38 38 38 34 33 33 33 31 31 31 31 30 30 29 29 25 25 25 25 25 25 24 23 23 22 22 22 22 18 18 18 18 18 18 18 17 16 16 16 15 15 15 12 11 11 11 11 11 10 10 10 10 10 10 9 9 9 9 8 8 7 7 7 7 5 5 5 5 5 5 5 5 5 5 4 4 4 4 4 4 4 3 3 3 3 2 2 2 1 1 1 1 1 1 1 1 1 1 1 1 1 1 1 1 1 1 1 1 1 1 1 1 1 1 1 1 1 1 
148 135 132 122 119 114 110 98 98 89 89 88 86 83 82 81 76 76 73 72 66 65 65 62 58 58 57 55 54 53 51 48 48 48 45 43 43 39 38 38 38 38 38 36 33 33 33 31 31 31 31 31 30 30 29 29 25 25 25 25 23 23 22 21 20 20 20 19 18 18 17 17 17 16 16 16 15 15 14 14 14 14 13 11 11 11 11 10 9 9 9 9 9 9 8 7 6 6 5 5 5 5 4 4 4 4 3 3 3 3 3 3 3 3 3 3 3 3 3 3 2 2 2 2 2 2 2 2 2 1 1 1 1 1 1 1 1 1 1 1 1 1 
140 122 117 117 111 109 100 98 97 89 87 85 84 82 80 80 76 72 72 70 65 62 62 60 57 51 48 47 47 46 46 46 45 45 44 42 41 39 38 38 37 36 36 34 31 30 30 29 29 29 28 28 27 27 26 25 24 24 20 20 20 19 19 19 19 19 19 19 17 17 17 17 17 14 14 14 14 13 13 13 13 11 10 10 10 10 10 9 9 9 9 8 8 6 6 6 6 6 5 5 5 5 4 4 4 4 3 3 3 3 3 3 3 3 3 3 3 3 3 2 2 2 2 2 2 2 2 2 1 1 1 1 1 1 1 1 
133 120 117 112 96 93 92 92 88 88 85 84 79 76 76 72 70 69 64 64 62 59 59 54 52 48 47 45 45 45 44 42 42 42 42 42 40 38 36 36 36 33 33 28 28 28 28 28 28 26 25 22 22 22 22 20 20 20 19 19 18 18 18 18 18 17 17 17 16 16 16 15 15 14 14 12 12 12 11 11 10 10 10 10 10 10 10 8 8 8 8 7 7 6 6 6 6 5 5 5 5 4 3 3 3 3 3 2 2 2 1 1 1 1 1 1 1 1 1 1 1 1 1 1 1 1 1 1 1 1 1 
126 118 113 106 96 93 92 90 84 84 82 69 69 69 69 68 67 65 59 59 59 58 57 51 51 48 47 45 45 43 43 42 41 41 40 38 34 31 29 28 27 27 27 27 27 26 26 26 24 24 23 22 22 20 20 19 19 19 19 18 18 18 16 16 16 16 16 16 16 14 14 14 14 13 13 11 11 10 10 10 9 9 8 8 8 7 7 7 7 7 6 6 5 5 5 5 5 5 5 4 4 3 3 3 3 3 2 2 1 1 1 1 1 1 1 1 1 1 1 1 1 
116 111 104 103 90 90 90 87 84 84 80 69 69 67 67 66 65 63 59 59 57 54 53 50 50 48 43 43 43 43 41 40 40 37 36 35 32 31 29 28 27 27 26 26 26 25 25 25 23 22 22 21 20 19 19 19 19 19 19 16 15 15 14 13 13 13 13 11 10 10 10 9 9 8 8 8 8 8 8 8 7 7 7 7 7 6 6 6 5 5 5 5 5 5 4 3 3 3 2 2 2 2 2 2 2 2 2 2 1 1 1 1 1 1 
115 110 104 95 90 88 84 81 80 73 73 69 68 67 65 64 62 60 59 58 54 53 50 49 49 44 43 43 42 41 41 40 40 37 32 31 28 28 27 26 26 26 26 24 23 23 23 23 22 20 20 20 18 18 18 17 17 14 14 14 14 13 13 12 10 10 10 10 10 10 10 9 9 8 8 7 7 7 6 6 6 6 6 5 5 5 4 4 4 4 4 4 4 4 3 3 3 3 2 2 2 2 2 2 2 1 1 1 1 1 1 1 1 
113 98 96 91 88 86 83 79 77 73 73 68 68 66 60 56 55 54 53 53 49 48 47 46 44 41 41 40 40 39 39 39 38 35 32 31 28 28 26 25 25 25 23 22 21 21 21 21 21 20 18 18 17 17 17 16 15 14 14 13 13 12 12 10 10 10 10 7 7 7 7 7 7 7 7 7 7 7 6 6 6 5 5 5 5 4 4 4 4 4 4 4 3 3 3 3 2 2 2 2 2 2 2 2 2 1 1 1 1 1 
111 93 92 88 83 82 78 77 71 71 71 68 66 64 60 55 55 53 52 50 47 47 45 43 42 40 40 37 36 36 36 36 33 29 27 27 27 25 24 24 24 22 22 21 21 20 20 20 19 18 17 16 16 16 15 14 13 13 13 13 12 10 10 9 8 8 7 7 7 7 7 7 7 7 7 7 7 7 5 5 5 5 5 5 4 4 4 4 4 4 3 3 3 3 3 2 2 2 2 2 1 1 1 1 1 1 1 1 1 
108 89 86 86 79 78 75 75 71 69 66 66 66 63 57 54 53 52 51 48 46 42 42 42 41 40 39 36 36 35 35 35 31 29 27 27 25 24 22 22 22 22 21 21 21 20 20 18 18 16 16 16 15 15 15 12 12 12 11 8 8 8 7 7 7 7 7 7 7 7 7 7 7 7 6 6 6 6 5 5 5 5 5 5 4 4 4 4 3 3 3 3 3 3 3 2 1 1 1 1 1 1 1 1 1 1 1 1 1 
104 88 86 79 76 76 75 67 66 64 64 62 62 60 56 53 51 51 49 46 45 42 42 40 40 40 39 36 35 34 34 33 30 28 27 25 25 24 22 21 21 21 18 18 16 15 15 15 15 15 14 14 14 14 13 11 11 11 9 8 8 8 7 7 7 7 7 7 7 7 7 7 7 7 6 5 5 5 5 4 4 4 3 3 3 3 3 3 3 3 3 3 3 2 2 2 1 1 1 1 
103 88 85 78 76 76 65 63 60 58 56 56 56 56 52 51 50 49 47 46 45 42 40 36 34 34 33 33 32 32 32 32 30 26 26 23 23 22 22 21 21 21 18 17 15 15 15 15 15 15 14 14 13 13 13 11 11 11 9 8 7 7 7 7 7 7 7 7 7 7 7 7 6 6 5 5 5 5 4 4 3 3 3 3 3 3 3 3 3 3 3 3 2 1 1 1 1 1 1 
95 88 84 77 76 75 64 62 56 56 56 52 52 52 51 50 48 45 45 38 36 36 33 33 33 32 32 32 32 32 32 30 27 25 24 22 22 22 21 21 20 19 17 15 15 15 15 15 15 14 14 12 12 12 11 10 10 10 9 8 7 7 7 6 6 6 6 6 6 6 6 6 5 5 5 4 4 4 4 4 3 3 3 3 3 3 3 3 3 2 2 1 1 1 1 1 1 1 1 
81 81 80 76 74 67 63 61 56 56 56 52 52 50 48 48 43 42 40 36 34 34 33 33 32 32 32 30 29 28 28 28 27 25 23 22 22 21 21 20 19 17 16 15 15 15 15 15 14 14 13 12 11 11 11 10 10 9 8 7 7 7 7 6 6 6 6 6 6 5 5 5 4 4 4 4 4 4 2 2 2 2 2 2 2 2 2 2 2 2 1 1 1 1 1 
81 78 78 72 72 66 63 60 56 54 52 50 50 46 46 41 41 40 35 34 34 33 33 31 31 30 29 29 27 27 27 27 27 23 22 22 22 21 21 20 19 17 16 15 15 15 15 14 14 14 12 10 10 10 10 9 8 7 7 7 7 7 6 6 6 5 5 5 5 4 4 4 4 4 4 3 2 2 2 2 2 2 2 2 2 2 2 2 2 1 1 
76 75 75 70 70 65 62 57 56 51 51 50 47 46 46 40 37 36 34 34 33 32 31 31 28 28 27 25 25 25 21 20 20 19 19 19 19 18 18 18 17 15 15 15 15 15 14 13 13 13 12 10 10 10 9 7 7 7 7 7 6 6 5 5 4 4 4 4 4 4 4 4 4 4 3 3 2 2 2 2 2 2 2 2 2 2 2 2 1 1 1 
76 74 74 70 68 65 57 54 53 51 51 50 46 46 43 38 34 34 34 31 31 31 30 30 28 28 25 25 24 24 20 20 19 19 19 19 19 18 18 18 17 14 14 14 14 13 13 12 12 12 10 10 10 10 8 7 7 7 6 5 5 5 5 5 4 4 4 4 4 4 4 3 3 3 3 2 2 2 2 2 2 2 2 2 2 1 1 
74 73 68 68 66 63 56 54 50 48 48 47 46 44 42 36 34 34 31 31 30 30 29 29 28 25 25 25 24 23 20 20 19 19 18 18 18 18 18 18 17 14 14 14 13 13 13 10 10 9 9 9 9 9 8 7 7 6 6 5 5 5 4 4 4 4 4 4 4 4 3 3 3 3 2 2 2 2 2 2 2 2 1 1 1 
74 70 63 62 62 60 55 54 50 48 48 46 46 42 41 35 34 34 30 30 30 30 29 27 26 24 24 23 23 22 20 20 19 19 18 18 18 17 15 15 14 14 14 13 12 12 12 10 9 9 8 8 8 7 7 7 7 6 6 4 4 4 4 4 4 4 4 4 4 4 3 3 3 3 2 2 2 2 2 2 2 1 1 
74 68 62 60 59 59 54 53 48 48 47 45 44 42 39 35 34 32 29 27 27 27 27 26 24 23 23 23 23 21 20 19 19 19 18 18 18 17 15 15 13 13 13 13 12 12 11 10 8 8 7 7 7 7 7 7 7 5 5 4 4 4 4 4 4 4 4 4 3 3 3 3 2 2 2 2 2 2 1 1 1 1 
70 62 62 59 58 56 54 53 48 46 45 45 44 39 39 33 32 32 26 26 26 25 25 25 23 23 23 23 23 21 19 19 19 18 18 18 17 15 15 14 13 13 13 12 12 12 11 9 8 8 7 7 7 6 6 6 6 5 5 4 4 4 4 4 4 4 4 3 3 3 3 2 2 2 1 1 1 1 1 1 1 1 
70 62 59 59 58 55 53 52 48 44 44 44 39 39 37 32 32 32 26 26 26 25 25 24 23 23 23 22 20 20 19 19 18 18 16 16 15 15 14 14 13 13 13 12 11 10 10 9 8 8 7 7 7 6 6 6 6 5 5 4 4 4 4 4 4 4 4 3 2 2 2 2 1 1 1 1 1 1 1 1 1 1 
69 61 59 58 56 55 51 48 46 44 42 41 37 35 34 32 32 28 26 26 25 24 24 23 23 21 21 20 19 19 19 19 17 16 16 15 14 13 12 12 12 12 12 10 10 10 9 9 7 7 7 7 7 6 6 5 5 5 4 4 4 4 3 3 3 3 3 2 2 2 2 2 1 1 1 1 1 1 1 1 
69 57 56 56 56 55 47 47 46 44 41 37 37 35 32 31 31 27 25 25 25 24 22 22 21 20 20 20 19 19 18 17 17 15 15 14 14 12 12 12 12 12 10 10 10 9 8 8 7 7 5 5 5 5 5 4 3 3 3 3 2 2 2 1 1 1 1 1 1 1 1 1 1 1 1 1 1 1 1 
69 56 55 55 55 53 46 45 42 41 40 36 36 35 30 30 29 27 25 25 25 24 21 20 20 20 19 19 19 17 17 17 16 15 15 14 13 12 12 11 11 10 8 8 8 8 8 8 7 6 5 5 5 5 5 3 2 2 2 2 2 2 2 1 1 1 1 1 
68 56 54 53 52 52 46 44 42 39 39 36 35 33 30 29 29 26 25 25 23 22 20 18 18 18 18 18 18 17 15 14 14 14 13 12 12 11 11 10 10 8 6 6 6 6 6 6 5 5 5 5 5 3 3 3 2 2 2 2 2 2 2 
66 56 54 50 50 50 44 44 40 38 37 35 30 30 29 28 28 26 25 25 22 21 20 18 18 18 18 18 17 16 14 13 13 13 12 11 9 9 9 9 6 6 6 5 5 5 5 5 5 5 4 4 3 3 3 3 2 2 2 2 2 2 1 
64 56 54 50 49 49 44 43 39 38 37 35 30 30 27 27 25 25 24 24 22 21 20 18 18 18 17 15 15 15 14 13 11 11 11 11 9 9 9 8 5 5 5 5 5 5 5 5 5 4 4 2 2 2 2 1 1 1 1 1 1 1 1 
61 56 52 49 49 46 44 36 36 36 35 35 30 30 27 27 25 25 23 23 21 21 19 18 18 18 15 14 14 13 13 10 10 10 9 9 9 9 5 5 5 5 5 5 5 5 5 4 4 4 4 2 2 2 1 1 1 1 1 1 1 1 1 
55 55 52 49 46 43 43 36 36 35 31 31 30 28 25 24 23 22 22 21 19 19 18 18 18 17 14 14 12 12 11 10 10 8 7 7 7 7 5 5 5 5 5 4 4 4 4 4 4 4 4 2 1 1 1 1 1 1 1 1 1 1 
55 53 49 48 46 43 42 36 35 35 31 30 29 26 25 24 23 22 21 20 18 18 18 18 18 16 14 12 12 12 11 10 10 7 7 7 7 7 5 5 5 5 5 4 4 4 4 4 4 3 3 2 1 1 1 1 1 1 1 1 
55 51 49 45 43 40 39 35 35 31 31 29 28 26 24 23 23 20 20 19 18 18 17 17 16 16 12 11 11 11 11 10 10 7 7 7 6 6 5 5 5 5 4 4 4 4 4 4 4 3 2 1 1 1 1 1 1 1 1 1 
53 45 43 42 41 39 39 35 34 31 30 27 27 26 23 23 21 20 18 18 18 17 17 17 16 16 11 11 11 11 11 10 8 7 7 6 6 6 5 5 5 4 4 4 4 3 3 3 3 3 2 1 1 1 1 1 1 1 
53 43 40 39 39 39 37 35 33 30 28 26 26 26 23 23 21 20 18 18 18 17 17 17 15 14 11 11 11 11 10 9 8 7 7 6 6 5 5 5 5 4 4 4 3 3 3 3 3 3 2 1 1 1 1 1 1 
53 42 39 39 39 36 36 35 32 28 28 26 26 26 23 23 21 20 18 18 17 17 17 16 14 14 11 11 10 9 9 8 8 7 7 6 6 5 5 4 4 4 4 4 3 3 3 3 3 3 2 1 1 1 1 1 1 
53 41 39 37 37 35 35 33 32 28 27 25 25 25 23 23 21 19 18 17 17 16 16 15 14 13 10 10 10 9 8 8 8 7 7 6 6 5 4 4 4 4 4 4 3 3 3 3 2 2 2 1 1 1 1 
52 39 38 36 35 34 34 31 30 27 27 25 25 25 23 21 20 19 17 15 15 15 15 15 12 10 9 7 7 7 7 7 7 7 5 4 4 4 4 4 4 4 4 1 1 1 1 1 1 1 1 1 1 
51 38 38 35 35 34 32 30 30 27 26 25 25 24 23 21 20 19 17 15 15 15 15 15 12 9 9 7 7 7 7 6 6 6 5 4 4 4 4 4 4 4 3 1 1 1 1 1 1 1 1 1 1 
47 38 38 34 34 34 32 30 29 27 26 24 23 22 22 19 19 18 16 15 15 15 13 13 10 9 8 7 7 7 7 6 6 4 4 4 4 4 4 4 4 4 3 1 1 1 1 1 1 1 1 1 1 
42 38 36 34 34 34 31 30 29 25 25 24 21 21 21 17 17 17 15 13 12 11 11 11 10 9 8 7 7 6 5 5 5 4 4 4 4 4 4 4 3 2 1 1 1 1 1 1 1 1 1 1 
42 38 35 31 31 31 29 28 28 25 25 23 21 21 19 17 17 11 11 11 11 10 10 10 10 9 7 7 6 5 5 5 4 4 4 3 3 3 3 2 2 2 1 1 1 1 1 1 
41 38 34 31 31 30 28 28 28 25 24 21 19 19 19 15 13 11 11 11 11 10 10 10 9 8 7 7 6 5 5 5 4 4 4 3 3 3 2 2 2 2 1 1 1 1 1 1 
41 38 33 31 31 30 28 28 26 25 22 19 19 19 19 15 12 11 11 10 10 10 9 9 9 7 7 6 6 5 5 5 4 4 4 3 3 3 2 2 2 1 1 1 1 1 
41 37 32 31 30 28 25 24 24 24 21 19 19 16 16 15 12 11 11 10 10 10 9 9 9 7 7 6 6 5 5 4 4 4 3 3 3 3 2 2 2 1 1 1 1 
41 36 32 31 29 27 24 24 23 22 21 19 17 16 16 15 12 11 11 10 10 9 8 8 8 7 6 6 6 5 4 4 4 4 2 1 1 1 1 1 1 1 1 1 1 
41 35 32 28 26 26 24 24 22 22 20 18 17 16 14 14 12 11 10 10 9 9 8 7 7 6 6 6 6 5 4 4 2 1 1 1 1 1 1 1 1 1 1 
41 35 31 28 26 26 24 24 22 22 20 16 15 13 13 13 12 11 10 10 9 9 8 6 6 5 5 5 5 4 3 3 2 1 1 1 1 1 1 1 1 1 1 
41 35 29 28 26 25 24 24 22 21 20 15 15 13 13 13 12 10 10 9 9 7 6 6 6 5 5 5 5 4 3 3 2 1 1 1 1 1 1 1 1 1 1 
37 34 29 28 24 24 24 23 22 18 17 15 15 13 12 12 11 10 9 9 8 7 6 6 6 5 5 4 4 4 3 2 1 1 1 1 1 1 1 1 1 1 1 
37 33 29 28 24 24 22 20 19 17 15 13 13 13 12 11 11 10 9 9 8 6 6 5 5 5 5 4 4 4 3 2 1 1 1 1 1 1 1 1 1 1 
36 32 29 27 23 22 22 18 18 14 13 13 13 12 11 11 10 8 8 8 8 6 6 5 5 5 5 4 4 2 2 1 1 1 1 1 1 1 1 
36 32 29 27 22 22 22 18 16 14 13 13 11 10 9 9 9 8 8 8 7 6 6 5 5 5 4 3 2 2 1 1 1 1 1 1 1 1 
34 32 28 26 22 22 21 17 16 14 13 13 11 9 9 9 9 8 8 7 7 6 6 5 5 5 2 1 1 1 1 1 1 1 1 1 1 1 
33 32 28 26 22 21 21 16 16 14 13 13 10 9 9 9 8 8 8 7 6 6 6 5 5 5 2 1 1 1 1 1 1 1 1 1 1 
33 31 26 25 22 21 20 15 15 14 13 13 10 9 9 9 8 8 8 6 6 5 5 5 5 5 2 1 1 1 1 1 1 1 1 1 1 
33 28 25 25 22 21 19 15 15 14 12 10 10 9 9 8 8 8 6 6 6 5 5 5 3 2 1 1 1 1 1 1 1 1 1 
33 27 25 25 22 21 19 15 14 14 11 10 10 9 9 8 6 6 6 5 5 5 5 4 3 2 1 1 1 1 1 1 1 1 
31 27 25 24 20 19 17 15 13 13 11 10 9 8 8 8 6 6 5 5 4 4 4 3 2 1 1 1 1 1 1 
31 25 23 23 20 18 16 14 13 13 11 10 8 8 8 7 6 5 5 5 4 3 3 3 2 1 1 1 1 1 1 
27 25 23 23 20 18 16 14 13 11 9 9 8 8 8 7 6 5 5 5 4 3 2 2 2 1 1 1 1 1 
27 24 22 22 19 18 16 12 12 11 9 8 8 8 8 6 5 5 5 5 4 3 2 2 2 1 1 1 
27 23 22 20 19 18 16 12 12 11 8 8 8 8 7 5 5 5 5 5 4 3 2 2 2 1 1 
27 22 21 18 15 15 14 12 12 9 8 8 8 8 6 5 5 5 5 4 3 3 2 2 2 1 1 
27 21 19 17 15 13 12 12 12 9 8 8 8 8 6 5 4 4 4 3 3 3 2 2 2 1 1 
27 21 18 15 15 13 12 12 12 9 8 8 8 8 6 5 4 4 3 3 3 2 2 1 1 1 1 
25 21 17 15 14 12 12 11 11 8 8 8 8 7 6 5 4 4 3 3 2 2 2 1 1 1 1 
25 20 17 15 14 12 11 10 9 8 8 8 8 6 6 5 4 4 3 3 2 2 1 1 1 1 1 
23 19 17 15 13 12 11 10 9 8 8 8 8 6 5 5 4 4 3 2 1 1 1 
23 19 17 13 13 12 11 9 9 8 8 7 6 6 5 5 4 4 3 2 1 
23 19 16 13 13 12 11 9 9 7 7 7 6 6 5 3 2 2 2 1 1 
23 18 16 13 12 12 10 9 9 7 7 6 6 5 5 2 2 2 2 1 1 
20 18 16 13 12 12 10 8 8 7 5 5 5 5 4 2 2 2 2 1 1 
20 17 16 13 12 11 10 8 8 7 5 5 5 4 4 2 2 2 2 1 
19 16 16 13 12 11 8 6 6 6 5 5 5 4 3 2 2 2 2 1 
19 16 16 13 11 10 8 6 6 6 5 5 4 4 3 2 2 2 1 1 
19 16 16 12 11 8 7 6 6 5 5 5 4 4 3 2 2 2 1 1 
19 16 15 12 10 8 7 6 6 5 4 4 4 3 2 2 2 2 1 1 
19 16 15 12 10 7 6 6 6 4 4 4 4 3 2 2 2 1 
19 16 15 11 10 7 6 6 5 4 4 4 4 3 2 2 1 1 
19 16 15 11 9 7 6 5 5 4 4 4 3 3 2 2 1 1 
17 15 13 10 8 6 6 5 5 4 3 3 3 2 2 2 1 1 
17 15 13 10 8 6 6 5 5 4 3 3 3 2 2 1 1 1 
17 15 13 10 8 6 6 5 5 3 3 3 3 2 1 1 
16 14 13 9 8 6 6 5 5 3 3 2 2 2 1 
14 13 10 9 7 6 6 5 4 3 2 2 2 1 
14 13 10 9 7 6 6 5 4 3 2 2 2 1 
14 11 8 8 7 6 5 5 3 3 2 2 2 
14 11 8 8 7 6 5 5 3 3 2 2 1 
14 11 8 7 6 6 5 4 3 3 2 2 1 
14 11 7 7 5 5 5 4 3 3 2 2 1 
14 11 7 7 5 5 4 4 3 2 2 2 1 
14 10 7 7 5 5 4 4 3 2 2 2 1 
14 9 7 7 5 5 3 3 3 2 2 1 1 
12 9 7 7 5 5 3 3 3 2 1 1 1 
12 9 7 6 5 4 3 3 3 2 1 1 
12 9 7 6 5 4 3 3 3 2 1 
12 9 7 5 4 4 3 3 2 2 1 
9 9 7 5 4 4 3 3 2 2 1 
9 9 5 5 4 3 3 2 2 2 1 
9 8 5 5 3 3 3 2 2 1 
9 7 5 5 3 3 2 2 2 1 
6 6 5 5 3 3 2 2 1 
6 6 5 4 3 2 2 2 1 
6 5 5 4 3 2 2 2 
6 5 5 4 3 2 2 1 
6 5 4 4 3 2 2 1 
6 5 4 4 3 2 1 
6 5 4 4 2 2 1 
6 4 4 4 2 2 1 
5 4 4 3 2 2 
5 4 3 3 2 2 
5 4 3 3 2 1 
5 3 3 3 2 1 
5 3 3 3 2 1 
5 3 3 3 2 1 
3 3 3 2 2 1 
3 3 3 2 2 1 
3 3 3 2 2 1 
3 3 3 2 
3 3 2 2 
3 3 2 2 
3 3 2 1 
3 3 2 1 
3 2 2 1 
3 2 2 1 
3 2 2 1 
3 2 2 1 
3 2 2 1 
3 2 2 1 
3 2 2 1 
3 2 2 1 
3 2 2 1 
3 2 1 1 
2 2 1 1 
2 2 1 1 
2 2 1 1 
2 2 1 1 
2 2 1 1 
2 2 1 1 
2 2 1 
2 1 1 
2 1 1 
2 1 
2 
2 
2 
2 
2 
2 
2 
2 
2 
2 
1 
1 
1 
