153 141 138 125 124 116 114 113 107 106 104 100 100 98 91 91 88 88 86 85 83 83 80 76 75 73 70 67 66 66 62 57 57 55 55 55 55 55 53 53 53 52 52 52 52 49 49 47 46 42 42 42 42 41 41 40 39 39 35 35 35 35 31 31 31 31 31 31 31 30 30 30 30 29 28 26 23 22 22 21 21 21 18 18 16 16 16 16 16 16 16 16 15 14 14 14 14 14 13 13 13 13 13 13 13 12 10 10 10 10 9 9 9 9 8 8 7 7 7 7 7 7 7 7 7 6 6 6 6 6 6 6 5 5 4 4 4 4 4 3 3 3 3 3 3 2 2 1 1 1 1 1 1 1 1 1 
151 141 137 119 117 116 110 105 101 101 98 90 88 82 80 79 79 75 75 75 75 75 75 72 71 66 62 62 59 59 58 57 57 51 51 51 51 50 48 47 47 46 46 44 41 41 40 38 36 35 35 34 34 33 32 32 31 31 31 30 28 28 28 28 28 28 27 27 27 24 21 21 21 21 20 20 20 19 19 18 16 16 16 16 15 15 14 14 13 12 12 12 12 12 12 12 12 12 12 11 11 11 10 10 10 9 9 9 9 9 9 8 8 7 7 7 7 6 6 6 4 4 3 3 3 1 1 1 1 1 1 1 1 1 1 1 1 1 1 1 1 1 1 1 1 1 1 1 
146 136 133 118 115 110 108 101 95 93 92 90 82 80 80 78 74 72 69 68 66 66 62 61 61 61 58 57 57 57 55 54 50 49 49 49 49 46 45 44 44 43 42 42 40 39 39 36 35 34 34 34 32 31 31 31 31 30 29 29 28 28 28 27 25 23 23 23 22 22 21 21 20 20 19 19 19 19 18 15 15 15 12 12 12 11 11 11 11 11 10 9 9 9 9 9 9 9 8 7 7 7 7 7 6 6 6 6 6 6 6 5 5 5 5 4 4 4 4 4 3 3 1 1 1 1 1 1 1 1 1 1 1 1 1 1 1 1 1 1 1 1 1 1 
143 131 125 109 104 101 99 98 95 82 79 78 78 77 77 74 69 69 69 67 66 64 60 60 58 58 51 51 51 51 50 50 50 49 47 47 45 41 41 41 41 39 39 38 36 35 35 35 34 34 34 32 32 31 30 28 27 27 25 25 23 23 23 23 23 23 23 23 22 22 20 20 19 17 16 14 14 14 13 13 13 11 11 9 9 9 9 9 9 9 9 9 9 9 9 9 8 7 6 6 6 6 6 6 6 6 6 6 6 6 6 4 4 4 4 4 4 4 4 4 3 2 1 1 1 1 1 1 1 1 1 1 1 1 1 1 1 1 1 1 1 1 1 
120 120 117 106 102 97 95 95 87 79 78 77 75 75 70 62 62 62 62 62 62 59 58 53 53 53 51 51 50 50 49 41 41 40 39 39 39 39 39 38 38 36 35 33 32 32 32 32 32 32 32 30 30 29 29 27 25 24 24 23 21 20 20 20 17 17 16 16 16 16 16 16 16 15 15 14 13 13 12 12 12 10 9 9 9 9 9 9 9 9 9 9 8 8 7 7 7 7 6 6 6 6 6 6 5 5 5 5 5 5 4 4 4 4 4 3 3 3 3 2 2 2 1 1 1 1 1 1 1 1 1 1 
117 112 103 99 95 91 89 86 85 79 76 76 74 69 66 62 62 62 58 57 56 51 51 51 49 48 48 46 46 43 41 40 40 36 35 35 35 35 35 35 35 35 33 33 32 32 32 32 30 30 29 29 25 24 24 23 22 21 20 20 20 17 17 17 16 16 16 16 16 15 15 15 15 15 14 13 12 12 11 10 10 9 9 9 9 9 9 9 9 8 8 8 8 7 7 7 7 7 6 6 6 6 5 5 5 5 4 4 4 4 4 4 4 3 3 3 2 2 1 1 1 1 1 1 1 1 1 1 1 1 1 1 
114 109 98 95 87 86 86 82 78 77 75 72 70 66 66 62 62 58 54 52 52 51 50 50 48 47 45 45 45 42 41 40 38 35 35 35 35 35 34 33 33 33 32 32 31 30 30 30 29 29 29 26 24 24 22 22 21 20 19 18 18 17 17 17 16 16 16 16 16 15 15 14 13 13 13 12 10 10 10 10 10 9 9 9 8 7 7 7 7 6 6 6 6 6 6 5 4 4 4 3 3 2 2 2 2 2 2 2 2 2 2 2 2 2 1 1 1 1 1 1 1 1 1 1 1 1 1 1 1 1 1 1 
109 104 90 90 85 85 83 78 74 74 73 72 64 64 63 62 60 56 53 52 52 51 49 46 46 46 45 44 43 41 41 38 37 35 35 35 35 35 33 33 32 32 32 29 29 29 29 28 28 26 24 24 23 22 20 19 19 19 18 18 18 17 16 16 16 16 16 14 13 12 12 12 11 11 11 10 10 9 9 9 9 9 9 9 6 6 6 6 6 6 5 5 5 5 5 4 4 3 3 2 2 2 2 2 2 2 2 2 2 2 2 2 2 1 1 1 1 1 1 1 1 1 1 1 1 1 1 1 1 1 
108 103 89 89 85 80 79 78 74 73 71 71 63 61 59 57 57 56 53 52 52 51 49 45 44 43 43 40 40 40 35 35 34 34 34 32 32 32 31 31 31 30 30 28 28 27 27 27 26 23 22 21 21 21 19 18 17 16 15 15 15 15 15 15 14 13 13 12 12 11 10 10 10 10 10 10 10 9 9 9 9 8 8 8 6 6 6 6 5 5 4 4 2 2 2 2 1 1 1 1 1 1 1 1 1 1 1 1 1 1 1 1 1 1 1 1 1 1 1 1 1 1 1 1 1 
103 97 89 87 83 80 79 73 69 66 64 64 62 59 57 57 56 54 53 51 48 48 47 43 43 43 41 40 40 39 34 34 34 33 32 31 31 31 31 30 28 28 28 28 26 26 25 25 24 23 22 21 21 20 17 15 15 15 15 15 15 14 14 14 13 12 11 11 11 11 10 10 10 10 9 9 9 9 9 8 6 6 6 5 5 5 5 5 5 5 4 4 2 2 2 2 1 1 1 1 1 1 1 1 1 1 1 1 1 1 1 1 1 1 1 1 
93 93 86 85 81 80 76 69 69 63 61 57 56 54 54 54 51 51 51 47 47 44 43 43 41 41 38 38 37 31 31 31 31 31 31 31 31 29 28 27 26 26 26 26 26 26 25 23 21 20 20 18 18 17 15 15 15 15 15 15 15 14 14 14 13 12 11 11 11 11 10 10 9 9 9 9 8 7 6 6 5 5 5 5 5 5 5 5 4 4 4 2 2 2 1 1 1 1 1 1 1 1 1 1 1 1 1 1 1 1 1 1 1 1 1 
92 78 74 73 73 73 72 64 64 59 58 57 56 54 54 52 50 49 49 45 43 43 39 39 38 38 38 35 33 31 31 31 31 31 29 29 29 28 27 27 26 25 25 24 23 22 20 20 20 20 19 18 18 17 15 14 14 14 14 14 14 14 14 13 13 11 10 10 10 10 10 9 9 9 9 8 8 7 5 5 5 5 5 5 5 5 5 4 4 2 1 1 1 1 1 1 1 1 1 1 1 1 1 1 1 1 1 1 
90 74 74 73 71 68 68 64 60 59 55 54 54 52 51 51 47 44 42 41 41 40 37 35 35 35 33 33 33 31 31 30 30 30 29 28 28 27 27 26 25 24 24 21 21 21 20 20 20 20 18 18 16 15 15 14 14 14 14 14 13 13 12 11 11 11 10 10 10 9 9 8 8 8 6 6 6 5 5 5 5 5 4 4 4 4 3 3 3 2 1 1 1 1 1 1 1 1 1 1 1 1 1 1 1 1 1 1 
89 74 73 73 71 66 64 63 60 57 55 54 52 51 51 51 47 43 41 39 38 37 36 35 34 33 32 32 31 31 30 29 29 29 29 27 27 26 26 24 24 23 21 20 19 18 17 16 15 15 15 15 15 15 15 14 14 14 13 12 12 12 11 11 10 9 9 9 8 8 8 8 7 7 5 5 5 5 5 5 5 4 4 4 2 2 2 2 1 1 1 1 1 1 1 1 1 1 1 1 1 1 1 1 1 1 1 1 
83 74 72 70 67 66 64 60 59 56 55 51 51 51 50 47 43 41 41 38 35 35 35 34 33 31 31 31 30 30 30 29 29 28 27 27 26 25 25 23 23 21 17 17 17 16 15 15 15 15 15 15 15 14 14 14 13 13 12 11 11 10 10 10 9 9 9 9 7 7 7 6 6 6 5 5 5 5 4 4 4 3 3 3 2 2 2 1 1 1 1 1 1 1 1 1 1 1 1 1 1 1 1 1 
77 72 71 69 67 64 64 59 57 55 52 51 51 49 48 44 43 38 38 36 35 35 34 33 33 31 31 31 30 29 29 28 28 28 25 24 24 24 23 22 19 19 16 16 16 16 15 15 15 14 13 13 13 12 12 12 11 11 11 11 11 10 10 9 8 8 8 7 7 6 5 4 4 4 4 4 4 4 4 3 3 3 1 1 1 1 1 1 1 1 1 1 1 1 1 1 1 1 1 1 1 1 1 
75 72 69 67 61 60 59 57 56 54 49 49 49 49 44 42 39 38 36 35 35 34 33 32 31 31 31 30 30 29 28 28 27 25 24 24 24 23 20 20 18 18 16 16 16 16 15 15 14 13 12 12 12 11 11 10 10 8 8 8 8 8 7 6 6 6 6 6 5 5 5 4 4 4 4 4 4 4 3 3 3 3 1 1 1 1 1 1 1 1 1 1 1 1 1 
74 71 69 67 60 56 52 52 52 50 49 49 48 48 44 42 37 37 36 35 34 34 33 32 31 31 31 30 29 26 26 26 25 25 24 22 21 19 18 18 18 17 16 16 16 15 15 14 13 13 12 12 12 11 10 10 10 8 8 8 8 8 6 6 6 6 6 6 5 4 4 3 3 3 3 3 3 3 3 3 2 2 1 1 1 1 1 1 1 1 1 1 1 
71 70 65 64 60 56 52 52 51 50 49 48 47 46 43 40 37 37 33 33 33 33 31 31 31 31 29 27 25 23 23 23 23 23 22 22 18 18 18 18 17 17 16 16 16 15 14 13 13 12 12 12 11 10 10 10 8 7 7 6 6 6 6 6 6 6 6 5 4 4 3 3 3 3 3 3 3 3 2 2 1 1 1 1 1 1 1 1 1 1 1 1 
70 67 65 64 60 51 51 51 50 49 49 48 44 44 41 40 36 36 33 33 31 31 31 31 30 30 29 27 24 23 23 23 23 21 21 21 18 18 18 17 17 16 16 15 15 14 13 13 13 12 11 10 10 7 7 7 7 6 6 6 6 6 6 6 6 6 5 4 4 3 3 3 3 3 3 3 3 2 1 1 1 1 1 1 1 1 1 1 1 1 1 
67 67 64 63 59 50 50 49 49 47 46 46 43 41 40 39 36 35 33 33 31 31 31 29 29 29 27 25 24 23 22 22 21 21 20 20 18 18 18 17 17 16 16 15 14 13 12 11 10 8 6 6 6 6 6 5 5 5 5 5 5 5 5 5 5 5 4 4 3 3 3 3 3 3 3 3 3 1 1 1 1 1 1 1 1 1 1 1 1 1 1 
63 62 62 62 51 49 49 49 47 47 46 44 39 39 39 36 33 33 33 33 31 29 29 29 29 28 26 25 23 22 20 19 18 17 16 16 16 16 16 15 15 15 12 12 10 10 10 9 8 7 6 6 5 5 5 5 5 5 5 5 5 5 5 5 5 4 3 3 3 3 3 3 3 3 3 3 1 1 1 1 1 1 1 1 1 1 1 1 1 1 1 
63 62 60 58 51 49 48 46 45 45 45 44 39 37 37 36 33 32 32 31 31 26 26 25 24 23 23 23 22 22 19 18 18 17 16 16 16 16 14 14 14 14 12 12 10 10 10 8 7 5 5 5 5 5 5 5 5 5 5 5 4 4 4 3 3 3 3 3 3 3 3 3 3 2 2 2 1 1 1 1 1 1 1 1 1 1 1 
63 60 59 54 50 48 48 46 45 41 40 39 39 36 35 35 33 31 31 31 29 26 26 24 23 22 22 22 22 21 18 18 17 16 16 16 15 15 14 13 12 12 12 11 10 10 8 5 5 5 5 5 5 5 5 5 4 4 4 4 4 3 3 3 3 3 3 3 3 3 3 3 2 2 1 1 1 1 1 1 1 1 1 1 1 1 1 
63 60 53 53 48 48 47 43 43 40 40 37 37 35 34 34 33 28 28 28 28 25 25 24 23 22 22 22 20 19 17 17 16 16 16 16 15 15 14 13 12 11 11 11 9 8 7 5 5 5 4 4 4 4 4 4 4 4 3 3 3 3 3 3 3 3 3 3 3 2 2 2 2 1 1 1 1 1 1 1 1 1 1 1 1 1 
61 60 53 51 48 47 47 43 43 38 37 37 35 34 34 32 32 28 28 28 28 25 24 22 22 22 22 21 19 17 17 16 16 16 16 15 15 15 13 11 11 10 10 10 9 8 7 5 4 4 4 4 4 4 4 4 4 4 3 3 3 3 3 3 3 3 3 3 2 2 2 2 2 1 1 1 1 1 1 1 1 1 1 
61 59 53 51 47 44 44 43 43 37 35 34 34 34 31 30 30 28 27 27 27 25 22 22 22 22 22 21 18 17 16 16 15 15 15 15 12 12 12 11 11 10 10 7 5 5 5 4 4 4 4 4 4 4 4 4 4 4 3 3 3 3 3 3 3 3 3 2 2 2 2 1 1 1 1 1 1 1 1 1 1 1 
61 59 52 51 47 44 43 41 38 36 34 34 33 32 29 29 28 27 26 26 24 22 22 22 22 21 19 19 17 16 16 16 15 15 14 14 12 12 11 11 10 9 9 5 5 5 5 4 4 4 4 4 4 4 4 4 4 3 3 3 3 2 2 2 2 2 2 2 1 1 1 1 1 1 1 1 1 1 
61 58 52 50 47 44 40 38 37 35 33 31 31 30 28 26 25 24 24 24 24 22 22 22 20 20 19 19 17 15 15 15 14 14 14 12 12 10 9 9 9 8 8 5 5 5 5 4 4 4 4 4 4 4 4 4 3 3 3 3 2 2 2 2 2 2 2 1 1 1 1 1 1 1 1 
59 56 51 47 45 44 38 38 35 34 33 31 30 28 27 24 24 24 24 24 23 22 22 21 20 17 17 16 16 15 14 14 13 13 13 10 10 9 9 7 7 7 7 5 4 4 4 4 4 4 4 3 3 3 3 3 3 3 3 3 2 2 1 1 1 1 1 1 1 1 1 1 
58 54 50 47 44 43 38 36 35 33 30 27 25 25 25 24 24 24 24 24 23 21 20 20 18 17 16 16 16 15 14 14 12 10 10 10 9 8 8 7 7 6 6 4 4 4 4 4 4 4 4 3 3 3 3 2 2 2 2 2 2 1 1 1 1 1 1 1 1 1 1 1 
58 54 48 44 44 43 38 36 34 33 29 27 25 25 25 24 24 24 24 23 22 21 19 19 18 17 16 15 15 14 14 13 10 10 10 9 9 8 7 6 6 6 5 4 4 4 4 4 4 3 3 3 3 3 2 2 2 2 2 2 2 1 1 1 1 1 1 1 1 
56 54 45 43 42 42 37 36 34 33 29 25 24 24 24 24 24 24 22 20 19 19 18 18 16 15 14 14 13 13 12 12 10 10 9 9 7 7 6 6 6 6 5 4 4 4 4 3 3 3 3 3 3 3 2 2 2 2 1 1 1 1 1 1 1 1 1 
54 53 45 43 40 40 36 35 34 32 26 25 24 24 24 24 24 24 19 18 18 18 17 16 16 15 12 12 12 12 11 10 9 9 9 8 6 6 6 6 6 5 5 4 4 4 4 3 3 3 2 2 2 2 2 2 1 1 1 1 1 1 1 
51 49 45 43 40 40 36 35 34 30 26 25 24 23 23 23 23 23 19 18 18 16 15 15 14 14 12 12 12 11 10 10 9 8 8 7 6 6 6 6 6 5 5 4 4 4 3 3 3 3 2 2 2 2 2 2 1 1 1 1 1 1 
49 48 45 40 40 36 34 33 30 30 26 24 24 23 23 21 21 19 18 18 14 14 13 13 13 13 12 12 12 10 10 10 9 7 7 6 6 6 6 6 6 5 4 4 4 4 3 3 3 3 2 2 2 2 2 1 1 1 1 1 1 1 
49 48 44 40 39 36 34 33 30 30 26 24 24 21 21 19 19 18 17 17 13 13 13 13 11 11 11 11 10 9 9 9 9 7 7 6 6 6 5 5 5 5 4 4 4 3 3 3 3 3 2 2 2 1 1 1 1 
48 48 43 39 39 36 34 32 29 27 26 23 22 19 19 19 18 18 15 15 13 13 13 13 11 10 10 9 9 9 9 9 8 7 6 6 6 6 5 5 5 4 4 4 4 3 3 3 3 2 2 2 2 1 1 1 1 
48 44 40 38 37 36 34 29 27 26 26 23 22 19 19 19 16 14 14 14 13 13 12 12 11 10 10 8 8 8 8 7 6 6 6 6 6 6 5 5 4 4 4 4 4 3 3 3 2 2 2 2 1 1 1 1 
48 44 39 38 37 36 31 28 27 26 24 23 22 18 18 17 16 14 14 14 13 11 11 11 10 10 8 8 8 8 7 7 6 6 6 5 5 5 5 5 4 4 3 3 3 3 2 2 2 2 2 2 1 1 1 1 
48 43 38 37 37 35 28 27 25 24 24 22 22 17 17 16 15 14 13 10 10 10 10 10 9 9 8 7 6 6 6 6 6 6 6 5 5 4 4 3 3 3 3 3 3 3 2 2 2 2 1 1 1 1 1 1 
47 43 38 37 36 33 27 25 24 23 21 20 19 17 15 15 14 12 12 10 10 10 10 8 8 8 8 6 6 6 6 6 6 5 4 4 4 4 4 3 3 3 3 3 1 1 1 1 1 1 1 1 1 1 1 
46 43 38 36 36 31 26 24 24 23 21 18 18 17 15 14 14 12 12 10 9 9 8 8 8 8 8 6 6 6 6 6 6 5 4 4 4 4 3 3 3 2 2 2 1 1 1 1 1 1 1 
46 41 37 35 34 30 25 23 23 22 21 18 17 16 15 14 13 12 11 10 9 8 8 8 8 8 8 6 6 6 6 6 6 4 4 3 3 3 3 3 3 2 2 2 1 1 1 1 1 1 
46 40 36 35 33 26 25 23 22 20 20 17 17 16 15 13 13 11 10 10 8 8 8 8 8 8 7 6 6 5 5 5 4 4 4 3 3 3 3 3 3 2 2 2 1 1 1 1 
46 38 36 35 30 25 25 23 19 19 18 16 15 15 15 12 12 10 10 10 8 8 8 8 8 8 6 6 6 5 5 5 4 4 4 3 3 3 3 3 2 2 2 1 1 1 1 
43 38 34 32 29 25 24 23 19 19 16 16 15 14 12 11 11 10 10 10 8 8 8 8 8 8 5 5 4 4 4 4 4 4 3 3 2 2 2 2 2 2 2 1 1 1 
43 38 34 31 29 25 23 22 19 16 16 15 15 14 11 11 10 9 9 8 8 8 8 8 8 7 4 4 4 4 4 3 3 3 3 2 2 2 2 2 2 2 1 1 1 1 
41 38 34 30 29 25 22 21 19 16 15 15 12 12 11 11 10 9 8 8 8 8 7 6 5 5 4 4 4 4 4 3 3 3 2 2 2 2 2 2 2 2 1 1 1 1 
41 37 34 29 28 25 22 20 18 16 15 14 12 11 11 11 9 9 8 8 8 8 6 6 5 5 4 4 4 4 3 3 3 3 2 2 2 2 2 2 2 2 1 1 1 
41 36 34 28 27 23 20 20 18 15 15 12 10 10 10 10 9 8 8 8 8 6 6 6 5 4 4 4 4 3 3 3 2 2 2 2 2 2 2 2 2 1 1 
41 36 34 28 27 23 20 18 18 15 15 11 10 10 10 10 9 7 7 7 7 5 5 5 5 4 4 4 4 3 3 3 2 2 2 2 2 1 1 1 1 1 
40 36 33 28 23 23 19 18 18 14 14 10 10 10 10 10 9 7 7 7 6 5 4 4 4 4 4 4 4 3 3 3 2 2 2 2 1 1 1 1 
38 36 31 28 23 22 18 17 17 14 14 10 10 10 10 10 8 7 7 7 6 4 4 4 4 4 4 4 4 3 3 3 2 2 2 1 1 1 1 1 
35 34 31 28 22 21 18 17 16 14 14 10 10 10 9 9 7 7 7 7 5 4 4 4 4 4 4 4 4 3 2 2 2 2 1 1 1 1 1 
33 33 30 28 21 20 18 16 15 14 14 10 10 10 9 9 7 7 6 6 5 4 4 4 4 4 4 4 4 3 2 2 2 1 1 1 1 
33 32 29 28 21 20 16 15 12 12 11 10 10 10 9 9 7 7 6 6 4 4 4 4 4 4 4 3 3 2 2 2 1 
33 30 29 27 21 20 16 14 12 12 11 10 9 8 8 8 7 7 5 5 4 4 4 4 4 4 4 3 3 2 2 1 1 
33 30 29 26 21 18 16 14 12 11 10 10 9 8 7 7 7 7 5 5 4 4 4 4 4 4 3 2 2 2 2 
31 30 25 24 21 18 16 13 12 11 10 10 9 8 7 7 7 7 5 4 4 4 4 4 4 2 2 2 2 2 2 
31 30 24 24 21 17 15 13 12 11 10 10 8 8 7 7 7 7 5 4 4 3 3 3 3 2 2 2 2 1 1 
31 29 23 22 19 16 15 12 12 11 10 9 8 8 7 7 7 7 5 4 4 3 3 2 2 2 2 2 2 1 1 
30 29 23 22 19 16 14 12 12 11 10 8 8 8 7 6 6 6 4 4 4 3 3 2 2 2 2 2 2 1 1 
30 29 23 22 17 14 13 12 12 10 9 8 8 7 6 6 6 5 4 4 3 3 3 2 2 2 2 1 1 1 1 
30 29 23 20 16 14 13 12 12 9 8 8 8 7 6 6 5 5 4 4 3 3 3 2 2 2 2 1 1 1 
29 28 21 20 16 14 13 12 10 9 8 8 8 7 6 5 5 4 4 4 3 3 2 1 1 1 1 1 1 
28 28 21 20 16 11 11 10 10 8 8 7 7 7 6 5 5 4 3 3 3 3 2 1 1 1 1 1 
28 27 21 19 16 11 11 10 10 8 7 7 7 7 6 5 4 4 3 3 3 3 1 1 1 1 1 
28 27 20 19 14 11 11 10 10 8 7 7 7 7 6 5 3 3 3 3 3 2 1 1 1 1 1 
28 27 20 19 14 11 11 10 9 8 7 7 6 6 5 4 3 3 3 3 3 2 1 1 1 
27 22 20 18 13 10 10 10 9 8 7 7 6 5 5 4 3 3 3 3 3 2 1 1 
27 22 18 17 13 10 10 9 9 8 7 6 6 5 4 4 3 3 3 3 3 2 1 1 
27 22 17 17 13 10 9 9 9 8 6 6 6 5 4 4 3 3 3 2 2 2 1 1 
27 22 17 17 13 10 9 9 9 7 6 6 6 4 4 4 3 3 3 2 2 2 1 
25 18 17 13 13 10 9 9 9 7 6 6 4 4 3 2 2 2 2 2 2 2 1 
24 18 17 13 12 10 9 8 7 7 6 6 4 4 2 2 2 2 2 2 2 2 1 
24 18 16 12 12 10 8 7 7 7 6 6 3 3 2 2 2 2 2 2 1 
24 18 15 12 12 10 7 7 7 7 6 5 3 2 2 2 2 2 2 2 
23 17 14 12 12 7 7 7 7 6 6 5 3 2 2 2 2 2 1 1 
23 17 13 12 11 7 7 7 7 6 6 5 3 2 2 2 2 1 1 
20 17 13 12 10 7 7 7 7 6 6 5 3 2 2 2 2 1 1 
20 17 13 12 10 7 7 7 7 6 6 5 3 2 2 2 2 1 1 
19 17 12 12 10 7 7 7 6 6 6 4 3 2 2 2 2 1 1 
19 17 12 12 10 7 7 6 5 5 5 4 3 2 2 2 2 1 1 
19 17 12 12 10 7 7 6 5 4 4 4 3 2 2 2 1 1 1 
19 17 12 10 10 7 7 6 5 4 4 4 3 2 2 1 1 1 
19 17 12 10 10 7 7 6 5 4 4 3 3 2 2 1 1 1 
19 17 12 10 10 7 6 6 5 4 3 3 3 1 1 1 1 1 
19 17 12 10 10 7 6 5 5 3 3 2 2 1 1 1 1 
18 14 12 10 9 7 6 5 5 3 3 2 2 1 1 1 1 
15 13 11 10 8 7 6 5 5 3 3 2 1 1 1 1 
15 13 11 9 8 6 6 5 5 3 2 2 1 1 1 
14 13 11 9 8 6 6 5 5 3 2 2 1 1 1 
13 13 11 9 7 5 5 5 4 2 2 2 1 
13 13 9 9 6 5 5 4 4 2 2 1 1 
13 12 9 9 6 5 4 4 3 1 1 1 1 
13 12 9 9 6 5 4 4 1 1 1 1 
13 11 9 8 5 4 4 2 1 1 1 1 
13 9 9 8 5 4 4 2 1 1 1 1 
13 9 9 6 4 4 4 2 1 1 1 1 
13 8 8 6 4 4 2 1 1 1 1 1 
12 8 8 5 4 4 2 1 1 1 1 1 
12 8 8 5 4 3 2 1 1 1 1 1 
8 8 8 5 4 2 2 1 1 1 1 1 
8 8 7 5 3 2 2 1 1 1 1 1 
8 8 6 4 3 2 2 1 1 1 1 
8 8 6 3 3 2 2 1 1 1 1 
8 7 6 3 3 2 2 1 1 1 
7 7 6 3 3 2 2 1 1 
7 7 6 3 3 2 1 1 
7 7 6 3 3 2 1 1 
7 7 6 3 3 1 1 1 
7 6 5 3 2 1 1 
7 5 4 3 2 1 1 
5 5 4 3 2 1 1 
5 5 4 3 2 1 1 
5 5 4 3 2 1 1 
5 5 3 3 1 1 
3 3 3 2 1 1 
3 3 3 2 1 1 
3 3 2 2 1 1 
3 2 2 2 1 1 
3 2 2 2 1 1 
3 2 2 2 1 1 
2 2 2 2 1 
2 2 2 1 1 
2 2 2 1 1 
2 2 2 1 1 
2 2 2 1 1 
2 2 2 1 1 
2 2 2 1 1 
2 2 2 1 1 
2 2 2 1 1 
2 2 2 1 1 
2 2 2 1 
2 2 2 1 
2 2 2 1 
2 2 2 1 
2 2 1 1 
2 2 1 1 
2 2 1 1 
2 2 1 1 
2 2 1 1 
2 2 1 1 
2 2 1 1 
2 2 1 1 
2 1 1 
2 1 1 
2 1 1 
2 1 
2 1 
2 1 
2 1 
2 1 
1 1 
1 1 
