169 153 138 127 121 113 112 112 110 110 102 101 101 94 94 93 91 89 85 84 83 79 76 75 74 74 73 70 69 66 63 61 61 59 56 55 55 51 50 50 46 46 44 44 43 42 39 38 38 38 38 38 36 35 35 34 33 32 30 28 27 27 27 26 26 26 26 26 24 23 23 22 21 20 20 20 17 16 16 16 16 16 16 16 16 16 16 14 14 14 13 13 12 12 11 11 11 11 11 11 11 11 11 11 11 11 11 11 11 11 11 11 11 9 9 9 8 8 7 7 7 7 7 7 7 7 6 6 6 6 6 4 4 4 4 4 4 4 4 4 4 4 4 4 3 3 3 3 3 3 3 2 2 2 1 1 
161 141 131 121 111 110 108 96 95 93 91 91 86 86 85 85 85 83 75 75 72 72 72 71 65 62 61 61 61 60 60 60 55 54 54 53 48 48 40 39 39 39 36 35 35 35 35 35 35 35 35 34 33 32 31 28 28 28 27 27 27 27 26 25 25 25 24 24 23 23 20 17 17 17 16 16 16 15 15 14 14 14 14 13 12 12 12 12 12 12 12 12 12 11 11 11 11 11 9 7 7 7 7 7 7 7 7 7 7 7 6 5 5 5 4 4 4 4 4 4 4 4 4 4 4 4 4 4 4 4 4 4 4 4 4 3 2 2 2 2 2 2 2 2 1 1 1 1 1 1 
139 134 127 121 110 101 98 95 92 92 90 89 86 86 85 78 76 72 65 65 65 63 63 63 62 61 61 59 58 58 56 54 52 44 43 42 42 41 39 38 37 36 35 35 34 34 33 31 31 31 31 31 31 28 28 28 28 28 27 27 27 26 25 25 24 21 20 20 20 20 19 17 15 15 15 14 14 14 14 13 12 12 12 12 12 12 12 12 12 12 12 12 11 10 9 9 9 9 8 7 7 7 7 7 7 6 6 5 5 5 5 5 5 5 4 4 4 4 4 4 4 4 4 4 4 4 4 3 3 3 3 2 2 2 2 2 2 2 2 1 1 1 1 1 1 1 1 1 1 1 
132 128 109 108 100 100 93 92 89 89 86 81 81 80 80 75 72 72 65 64 64 63 61 61 58 55 55 53 50 49 47 44 44 44 43 42 41 38 37 35 35 34 33 33 32 32 31 31 31 29 28 27 27 27 25 25 25 24 23 22 22 21 20 19 19 19 19 19 18 18 17 15 15 14 14 14 14 14 14 13 12 12 12 12 12 12 12 11 10 10 10 9 9 9 9 9 9 9 7 7 7 7 7 7 5 5 5 5 5 5 5 5 5 4 4 4 4 4 4 4 4 3 3 3 3 3 3 3 2 2 2 2 2 1 1 1 1 1 1 1 
129 124 109 106 95 94 89 84 83 80 80 79 77 77 77 73 69 69 65 61 61 59 59 58 55 55 55 51 48 48 45 44 43 41 41 39 34 34 33 32 32 32 32 32 32 31 31 29 28 27 26 26 25 23 23 22 21 20 20 20 19 19 19 19 18 18 18 18 18 18 14 14 14 14 14 14 14 14 13 13 11 11 10 10 10 10 9 8 8 8 7 7 7 7 6 6 5 5 5 5 5 5 5 5 5 5 5 5 3 3 3 3 3 3 3 3 3 3 3 3 3 3 3 3 3 2 2 2 2 2 2 2 1 1 1 1 1 1 1 1 
126 109 105 100 93 92 85 83 82 79 77 75 75 75 73 72 67 67 64 60 58 53 51 50 46 46 46 45 43 43 43 42 39 38 37 37 34 34 33 32 32 32 30 30 29 29 28 27 25 25 24 24 22 22 20 20 19 19 19 19 18 18 18 18 18 18 16 16 15 14 13 12 11 10 10 10 10 10 10 10 9 9 9 8 8 8 8 8 7 7 6 6 6 6 6 5 5 5 4 4 4 4 4 4 4 3 3 3 3 3 1 1 1 1 1 1 1 1 1 1 1 1 1 
126 105 103 95 92 91 84 83 82 79 74 74 74 70 70 69 67 65 59 59 58 52 48 47 45 45 44 41 37 37 37 37 35 35 35 35 33 33 32 31 30 29 28 28 28 26 26 26 25 25 22 22 20 20 19 19 19 19 18 18 18 18 18 18 17 17 14 14 14 13 12 11 10 10 10 10 9 8 8 8 7 7 5 5 5 5 5 5 5 5 5 5 5 5 5 5 5 5 4 4 4 4 4 4 4 3 3 3 2 2 1 1 1 1 1 1 1 1 1 
112 105 102 93 91 87 84 79 75 73 70 70 70 69 68 65 62 60 59 58 51 50 48 46 45 45 41 38 37 37 36 36 35 35 34 34 33 32 30 29 28 28 27 27 27 25 24 24 23 20 20 20 20 19 19 19 17 16 16 16 15 15 12 12 12 12 12 12 11 11 10 10 10 10 10 9 9 8 8 6 5 5 5 5 5 5 5 5 5 5 5 5 4 4 4 4 4 4 4 3 3 3 3 3 2 
109 96 92 91 88 84 79 79 72 71 69 69 69 67 65 62 60 58 57 56 44 44 44 44 40 40 38 38 37 37 36 35 35 33 32 31 31 30 30 28 27 26 26 26 25 25 22 22 22 20 20 20 19 15 15 13 13 13 13 13 11 11 10 10 10 10 10 10 10 10 10 10 9 9 9 8 7 7 7 6 5 5 5 5 5 4 4 4 4 4 3 3 3 3 3 3 3 3 3 3 3 2 2 2 1 
99 94 91 89 81 80 78 76 72 69 68 67 65 65 65 60 60 55 49 48 44 42 42 42 40 39 38 36 35 34 34 34 34 32 31 30 30 30 28 28 27 26 25 23 23 22 22 21 20 20 19 17 14 14 14 13 12 12 11 10 10 10 10 10 10 10 10 10 8 8 8 8 6 6 6 6 6 5 5 5 5 5 5 4 4 4 4 3 3 3 3 3 3 3 3 3 3 3 2 2 2 2 2 2 1 
92 86 84 82 75 73 68 68 68 68 68 66 64 64 63 60 57 54 46 45 42 42 42 41 40 39 38 36 33 33 33 32 31 31 31 29 28 28 26 26 25 25 24 22 21 20 20 20 19 18 17 15 14 14 12 12 12 12 11 10 10 10 10 10 10 10 8 6 6 6 6 6 6 6 6 5 4 4 4 4 4 4 4 4 4 3 3 3 3 3 2 2 2 2 2 2 2 2 2 2 2 2 2 2 1 
89 85 79 79 73 73 68 68 67 67 67 66 64 60 58 57 56 51 46 44 42 42 41 40 39 39 33 33 32 29 29 29 29 28 24 23 21 21 21 21 20 20 20 20 19 19 19 19 19 16 16 15 14 14 12 12 11 11 11 10 10 10 9 9 7 6 6 6 6 6 6 6 5 5 4 4 4 4 4 3 3 3 3 3 3 2 2 2 2 2 1 1 1 1 1 1 1 1 1 1 1 
85 84 78 73 73 70 68 67 67 65 65 65 63 60 57 56 53 46 43 42 39 38 38 38 38 36 33 31 29 29 29 29 28 28 23 21 20 20 20 20 20 20 20 19 19 19 19 19 16 16 15 14 13 11 11 11 11 10 10 10 9 9 9 9 6 6 6 5 5 5 5 5 5 5 4 4 4 4 4 3 3 2 2 2 1 1 1 1 1 1 1 1 1 1 1 1 1 1 1 1 1 
84 82 78 72 72 70 66 66 65 60 60 59 59 58 57 51 51 42 41 38 38 38 38 36 35 33 32 30 29 29 29 29 28 26 22 21 20 20 20 20 19 19 19 19 19 19 18 18 16 16 14 11 11 11 10 10 10 9 9 9 9 9 9 6 5 5 4 4 4 4 4 4 4 4 3 3 3 3 3 2 2 2 2 1 1 1 1 1 1 1 1 
81 81 77 72 71 68 66 65 65 58 58 58 53 53 51 48 47 39 39 38 38 38 34 34 33 32 31 30 29 29 29 28 27 25 22 21 20 20 20 19 19 19 19 18 18 17 17 16 15 15 12 11 11 11 10 10 9 9 8 8 8 7 7 5 4 4 4 4 4 4 4 4 4 4 3 3 3 2 2 2 1 1 1 1 1 1 1 1 1 1 
81 79 77 72 70 68 66 65 64 58 58 57 53 51 46 45 39 37 37 37 34 34 34 31 31 30 30 29 29 29 29 28 27 24 21 20 20 19 19 19 18 18 17 17 17 16 16 15 14 13 11 10 10 10 10 10 9 8 8 8 8 7 7 5 4 4 4 4 4 2 2 2 2 2 2 2 2 2 1 1 1 1 1 1 1 1 1 1 
81 77 77 72 67 67 66 64 61 58 57 53 53 48 45 42 37 35 31 31 31 31 30 30 28 28 27 26 26 25 25 25 25 23 21 20 20 19 18 18 18 17 17 17 17 14 13 12 11 9 9 9 9 9 8 7 7 5 5 5 5 5 5 4 4 4 4 4 4 2 2 2 2 2 2 2 2 2 1 1 1 1 1 1 1 1 1 1 
81 77 73 67 64 64 63 61 59 58 55 45 45 44 43 41 37 33 31 31 29 29 29 27 27 27 26 26 24 22 20 20 20 19 18 18 18 17 17 17 17 16 16 16 16 12 11 11 10 9 7 7 7 7 7 7 5 4 4 4 4 4 4 4 4 4 4 4 4 2 2 2 2 2 2 2 2 1 1 1 1 1 1 1 1 
81 75 73 65 64 63 63 60 58 57 53 45 45 43 41 37 37 33 31 29 28 28 27 27 23 23 23 23 22 19 19 19 19 18 17 17 17 17 17 17 17 16 13 13 13 11 11 11 9 7 7 7 7 7 7 5 4 4 3 3 3 3 3 3 3 3 3 3 2 2 2 2 2 2 2 2 2 1 1 1 1 1 
78 70 69 64 64 63 61 60 56 55 53 43 43 41 41 36 36 32 31 29 28 27 26 24 23 21 21 21 20 18 18 18 18 18 17 17 17 17 15 15 14 13 13 12 11 11 11 11 9 7 7 7 6 6 6 5 4 3 3 3 3 3 3 3 3 3 3 2 2 2 2 2 2 2 2 1 1 1 1 
78 69 68 64 64 63 61 60 55 52 48 43 42 39 39 36 33 29 27 27 25 25 23 23 22 21 20 20 19 18 17 17 17 17 16 14 14 14 14 13 13 13 12 11 10 10 10 9 8 7 7 6 6 5 4 3 3 3 3 3 3 3 3 3 3 3 2 2 2 1 1 1 1 1 1 
77 68 65 64 62 62 60 51 51 50 46 42 42 39 37 36 33 28 27 27 25 24 23 23 22 18 18 18 18 17 17 17 16 16 14 14 14 14 13 12 11 11 11 11 10 10 9 9 7 7 7 6 5 5 3 3 3 3 3 3 3 3 3 1 1 1 1 1 1 1 1 1 1 1 1 
77 68 64 61 60 58 57 48 48 48 42 42 39 36 36 35 33 28 27 23 23 23 21 21 20 18 18 18 18 17 16 16 16 16 14 14 14 13 12 12 11 11 11 10 10 10 9 8 7 7 7 5 4 3 3 3 3 3 3 1 1 1 1 1 1 1 1 1 1 1 1 1 1 1 1 
71 67 64 59 58 52 52 48 48 47 42 40 39 36 35 35 33 28 27 23 22 21 19 18 18 18 17 17 17 17 16 16 16 16 14 13 13 13 12 11 11 11 11 10 10 9 9 7 6 6 6 5 4 3 3 3 3 3 2 1 1 1 1 1 1 1 1 1 1 1 1 1 
71 66 63 58 56 52 51 48 48 45 40 39 38 36 33 31 30 28 25 22 20 20 18 18 18 17 17 17 17 17 16 16 15 15 14 12 11 11 11 11 11 11 11 9 9 8 7 7 6 5 5 3 3 3 3 3 3 3 1 1 1 1 1 1 1 1 1 1 1 1 1 1 
68 65 62 58 56 51 49 48 48 45 40 39 37 34 31 30 29 28 25 21 20 19 17 17 17 17 17 17 17 17 15 15 14 13 13 11 11 11 11 11 10 9 9 9 8 5 4 4 4 4 3 3 3 3 3 3 3 3 1 1 1 1 1 1 1 1 1 1 1 
68 65 61 58 55 51 49 46 46 42 40 36 36 32 31 29 29 25 22 21 19 18 17 17 17 17 17 17 16 13 13 13 13 13 13 11 11 11 11 10 9 9 9 9 8 5 4 3 3 3 3 3 3 3 3 3 2 2 1 1 1 1 1 
67 63 59 56 52 49 48 46 45 42 38 33 33 32 30 29 29 22 22 21 19 18 17 17 17 17 17 17 16 13 13 12 12 12 12 10 10 10 10 10 9 9 7 7 6 4 4 3 3 3 3 3 3 3 3 3 1 1 1 1 1 1 
67 63 57 54 52 49 47 45 43 41 36 33 33 29 29 27 26 20 20 20 19 18 17 17 17 17 17 17 16 13 13 12 12 12 11 10 10 9 8 8 8 8 7 6 4 3 3 3 3 3 3 3 3 3 2 2 1 1 1 1 1 1 
66 63 57 54 50 44 44 44 40 40 36 33 33 29 27 27 24 20 20 18 18 17 17 17 17 17 16 16 14 13 13 12 12 12 11 10 10 9 8 8 7 6 6 6 4 3 3 3 3 3 2 2 2 2 1 1 1 1 1 1 1 1 
62 62 55 53 46 43 43 41 40 37 35 33 31 29 27 26 24 20 20 18 18 17 16 16 16 16 15 14 14 13 12 12 11 11 11 10 10 9 8 8 6 6 6 4 4 3 3 3 3 3 2 2 2 1 1 1 1 1 1 1 1 
62 62 53 51 45 43 40 40 39 31 31 31 27 27 25 25 22 20 19 18 18 16 16 16 15 15 15 14 14 12 12 12 11 11 11 10 10 9 8 8 6 6 6 3 3 3 3 3 3 2 2 1 1 1 1 1 1 1 1 1 1 
62 55 53 48 45 43 40 39 37 30 30 30 25 25 25 25 21 20 19 18 18 16 16 15 14 12 12 12 12 12 12 11 11 11 9 9 9 9 7 7 6 6 5 3 3 3 3 3 2 2 2 1 1 1 1 1 1 1 
58 54 52 47 45 43 39 39 36 30 30 28 25 25 25 24 21 20 19 18 17 16 15 14 13 12 12 12 11 11 11 11 11 10 9 9 9 7 6 6 6 6 5 3 3 3 3 2 2 1 1 1 1 1 1 1 1 1 
58 52 52 47 45 43 39 38 35 30 30 28 25 25 24 23 21 19 18 18 17 16 14 14 12 12 12 12 11 10 10 10 9 9 9 9 9 7 6 6 6 6 5 3 3 1 1 1 1 1 1 1 1 1 1 1 1 1 
58 52 50 45 44 42 39 38 33 30 27 27 25 24 24 22 20 19 18 18 17 15 14 14 12 12 12 12 11 9 9 9 9 9 8 8 8 6 6 6 5 5 5 2 2 1 1 1 1 1 1 1 1 1 1 1 1 1 
57 52 50 43 43 42 37 37 32 30 27 27 25 24 22 22 19 19 17 16 14 14 13 13 12 12 12 11 9 9 9 9 9 9 8 8 7 6 6 6 5 5 4 1 1 1 1 1 1 1 1 1 1 1 1 1 1 1 
56 49 49 43 43 41 37 36 32 29 27 25 24 24 22 20 18 17 16 16 14 13 13 13 12 12 12 11 9 9 8 8 8 7 7 6 6 6 6 5 4 3 3 1 1 1 1 1 1 1 1 1 
56 49 47 43 43 41 37 35 32 27 25 25 24 23 22 20 18 17 16 15 14 13 13 12 12 12 10 10 9 9 8 8 7 7 6 6 6 5 5 5 4 3 3 1 1 1 1 1 1 1 1 1 
56 49 45 43 42 40 37 34 32 27 25 24 24 23 22 19 17 17 16 15 14 12 12 12 12 12 10 10 9 9 8 7 6 6 6 6 6 4 4 4 3 3 3 1 1 
55 47 45 43 38 38 36 33 30 27 24 20 19 19 19 19 17 16 16 14 12 12 12 12 12 11 10 10 9 8 7 7 6 6 6 6 6 4 4 4 3 3 2 1 1 
53 46 44 41 38 36 35 32 30 27 24 19 19 19 19 19 16 16 16 14 12 12 12 12 12 10 10 9 9 7 7 6 6 6 6 6 6 4 4 4 2 2 2 
53 46 43 39 38 36 33 30 30 27 23 19 19 19 19 19 16 16 16 12 12 12 12 12 10 10 9 9 8 6 6 6 6 6 6 5 4 4 4 2 2 2 1 
53 45 43 38 36 35 32 28 28 26 23 19 19 19 19 19 16 16 16 12 12 12 12 12 10 10 9 8 8 6 6 6 6 5 5 5 4 4 3 2 1 1 1 
52 45 42 37 36 35 32 28 28 26 23 19 19 19 19 17 16 16 15 12 12 12 12 11 10 10 8 8 8 6 6 5 5 5 3 3 3 3 3 2 1 
51 42 39 37 35 33 31 28 27 26 23 19 19 19 18 16 16 16 13 12 12 12 11 10 10 10 8 8 7 6 6 5 5 5 3 3 3 3 2 2 1 
49 42 39 35 35 32 31 28 26 26 23 19 19 19 18 16 16 15 13 12 12 12 10 10 10 7 7 7 7 6 6 5 5 5 3 3 3 2 2 2 
46 40 37 35 34 30 28 27 26 26 23 19 19 17 17 16 16 14 12 12 12 11 10 10 9 7 7 7 7 6 5 5 5 5 3 3 3 2 
44 40 37 35 34 29 27 27 25 25 23 19 19 17 16 16 14 14 12 12 10 10 10 10 8 7 7 7 6 6 5 5 5 3 3 3 3 2 
42 40 36 33 31 29 27 24 24 22 22 19 18 16 16 16 14 12 12 11 10 8 8 7 7 7 7 6 6 6 5 5 4 3 3 2 2 2 
41 39 36 33 31 28 27 24 24 22 22 19 18 16 16 15 14 12 12 10 10 8 7 7 7 7 7 6 6 5 4 4 4 3 3 2 2 2 
41 37 34 32 31 28 27 24 22 22 22 19 18 16 16 15 14 11 11 10 9 8 7 7 7 7 6 6 5 5 4 3 3 3 2 2 2 1 
41 30 30 29 26 24 22 22 22 22 19 18 16 16 14 14 14 11 10 10 9 8 7 7 7 7 6 5 5 4 3 3 2 2 2 2 2 
41 30 28 27 26 24 22 22 22 21 19 18 16 13 13 13 12 10 10 10 8 7 7 7 7 6 6 5 4 4 3 2 2 2 2 2 1 
41 30 27 27 24 22 22 22 21 20 19 18 14 13 13 13 12 10 10 10 7 7 7 7 7 6 6 4 3 3 3 2 2 2 2 1 
41 30 27 26 24 22 22 22 20 19 19 16 14 13 13 13 11 10 10 8 7 7 7 7 6 6 6 4 3 3 3 2 2 2 1 
40 30 27 24 24 22 22 22 20 18 17 15 14 13 12 12 11 10 10 8 7 7 7 6 6 6 5 4 3 3 2 2 1 1 1 
40 30 25 23 22 22 22 21 20 18 16 15 13 12 12 12 11 10 9 8 7 7 7 6 5 5 5 3 2 2 1 1 1 1 1 
37 27 25 23 22 22 22 21 19 18 16 15 12 12 11 10 10 10 9 7 7 6 6 5 5 5 5 3 2 2 1 1 1 1 1 
36 25 23 22 22 22 22 19 18 18 15 14 12 12 10 10 10 8 6 6 6 6 5 5 5 4 3 3 2 2 1 1 1 1 
32 23 22 22 22 21 20 17 15 15 15 14 12 11 10 8 8 8 6 5 5 5 5 5 4 4 3 2 2 1 1 1 1 1 
31 23 22 22 22 21 19 16 15 15 14 14 12 11 10 8 7 6 6 5 5 5 4 4 4 3 2 2 2 1 1 1 1 1 
30 23 22 21 21 20 19 15 15 13 13 13 12 11 8 8 6 6 6 5 5 4 4 4 4 3 2 2 1 1 1 1 1 1 
30 23 22 21 20 20 19 15 14 13 13 12 11 10 8 7 6 6 6 5 5 4 4 3 3 2 2 1 1 1 1 1 1 
28 22 22 21 20 20 19 15 14 13 13 11 11 9 8 7 6 6 5 5 4 4 4 3 3 2 1 1 1 1 1 1 1 
25 22 20 20 20 18 18 15 14 13 13 11 10 9 8 6 5 5 5 5 4 4 3 3 3 1 1 1 1 1 1 1 1 
25 22 20 20 19 18 18 14 14 13 12 11 10 8 8 6 5 5 5 5 4 4 3 3 3 1 1 1 
24 22 20 20 19 18 17 14 14 13 12 11 10 8 7 6 5 5 5 5 4 3 2 2 2 1 
23 21 20 19 18 17 17 14 13 12 12 11 10 8 7 6 5 5 4 4 4 3 2 2 1 
21 20 20 19 18 17 16 14 13 12 12 10 9 8 7 6 5 5 4 4 3 2 2 2 
21 20 18 18 17 16 15 14 12 11 11 9 8 8 7 6 5 5 4 4 2 2 2 2 
20 19 18 17 17 15 15 13 12 10 9 9 8 8 7 6 5 5 4 4 2 1 1 1 
19 19 17 17 16 15 13 12 12 10 8 8 8 7 7 6 4 4 4 4 1 1 1 1 
19 19 17 17 15 15 12 12 12 10 8 8 7 7 7 5 4 4 2 2 1 1 1 1 
19 19 17 16 15 15 12 12 11 10 8 8 7 7 5 4 4 4 2 2 1 1 1 1 
19 19 17 16 14 14 12 12 11 9 8 8 7 7 5 4 4 4 2 2 1 1 1 
18 18 16 16 14 13 12 11 10 9 8 8 7 7 5 4 4 4 2 2 1 1 1 
18 18 16 16 14 13 12 11 10 8 8 8 7 7 5 4 3 3 2 2 1 1 1 
18 16 16 15 14 13 12 10 9 8 7 7 7 6 5 4 3 3 2 1 1 1 1 
18 15 14 14 14 12 11 10 8 8 7 7 7 5 4 4 3 3 2 1 1 1 
18 15 14 14 14 12 11 10 8 7 7 7 6 5 4 4 3 2 2 1 1 1 
17 14 14 14 14 12 10 10 8 7 7 7 5 4 4 4 2 1 1 1 1 1 
17 14 14 14 12 12 10 9 7 7 7 6 5 4 4 3 2 1 1 1 1 
17 14 14 14 12 11 9 8 7 7 7 6 5 4 2 1 1 1 1 1 1 
17 14 14 12 12 10 9 8 7 7 6 6 5 3 1 1 1 1 1 1 1 
15 14 13 12 10 9 9 7 7 7 6 6 2 2 1 1 1 1 1 1 1 
15 14 13 11 9 9 9 7 7 7 5 5 2 2 1 1 1 1 1 1 1 
15 14 11 9 9 9 9 7 7 7 5 5 2 2 1 1 1 1 1 1 1 
15 14 10 9 9 9 9 7 7 6 5 4 2 2 1 1 1 1 1 1 
15 14 9 9 8 8 8 7 7 6 4 4 2 2 1 1 1 1 1 1 
15 14 9 8 8 8 7 7 6 5 4 2 2 2 1 1 1 1 1 1 
15 14 9 8 8 8 7 7 6 5 4 2 2 2 1 1 1 1 
15 14 9 8 8 8 7 7 6 5 4 2 2 1 1 1 1 1 
15 13 9 8 8 8 7 6 3 3 3 2 2 1 1 1 1 1 
15 12 8 8 8 7 7 6 3 3 3 2 2 1 1 1 1 1 
14 12 8 8 8 7 7 5 3 3 2 2 2 1 1 1 1 1 
14 12 8 8 7 7 6 5 3 3 2 2 1 1 1 1 1 1 
14 11 8 7 7 7 4 3 3 3 2 2 1 1 1 1 
14 9 8 7 7 5 4 3 3 2 2 2 1 1 1 1 
14 9 8 6 6 4 4 3 3 2 2 2 1 1 1 1 
14 9 8 6 6 4 3 2 2 1 1 1 1 1 1 
14 8 8 6 6 4 3 2 2 1 1 1 1 1 
12 8 7 6 4 3 3 2 2 1 1 1 1 1 
11 8 7 6 4 2 2 2 2 1 1 1 1 
9 8 7 6 4 2 2 2 2 1 1 1 1 
9 7 7 6 4 2 2 2 2 1 1 1 1 
9 7 7 5 4 2 2 2 2 1 1 1 1 
9 7 6 5 4 2 2 2 2 1 1 1 1 
9 6 6 5 2 2 2 2 2 1 1 1 
9 6 6 5 2 2 2 2 2 1 1 
7 6 6 4 2 2 2 2 2 1 1 
7 6 6 4 2 2 2 2 2 1 
7 6 6 4 2 2 2 2 1 1 
7 6 6 4 2 2 2 2 1 1 
7 6 6 4 2 2 2 2 1 1 
7 6 6 4 2 2 2 2 1 
7 6 6 4 2 2 2 1 1 
7 6 6 4 2 2 1 1 1 
7 6 6 4 1 1 1 1 1 
6 6 5 4 1 1 1 1 
6 6 5 4 1 1 1 
6 5 5 4 1 1 1 
6 5 5 4 1 1 1 
6 5 5 4 1 
6 5 5 4 1 
6 5 5 3 1 
6 5 5 3 1 
6 5 5 3 1 
6 5 4 3 1 
6 4 4 3 
6 4 4 3 
6 4 4 3 
6 4 4 3 
6 4 4 3 
6 4 3 2 
6 4 3 2 
5 4 3 2 
5 4 2 2 
5 4 2 2 
5 4 2 2 
5 4 2 2 
5 4 2 2 
5 4 2 1 
5 4 2 1 
5 4 2 1 
5 3 2 1 
5 3 2 1 
4 3 2 1 
4 3 2 1 
4 3 1 1 
4 3 1 1 
4 2 1 1 
4 1 1 1 
3 1 1 1 
3 1 1 1 
3 1 1 
3 1 1 
3 1 
1 1 
