147 147 132 129 127 123 123 121 120 120 106 106 103 95 93 92 90 87 87 86 85 82 81 80 73 73 73 73 64 63 62 62 57 55 55 54 54 54 52 52 46 45 44 43 42 41 41 41 41 41 41 41 40 39 34 34 34 32 32 31 31 31 31 31 31 31 31 30 28 28 28 27 26 26 26 25 25 25 24 24 24 23 23 22 22 22 22 22 22 19 17 17 17 17 17 16 15 15 14 14 13 13 12 11 11 11 11 11 11 10 10 9 9 9 9 8 8 8 8 8 8 8 8 8 8 8 8 8 8 7 7 7 6 6 6 5 5 4 4 4 4 4 4 4 4 4 4 4 3 3 3 3 3 3 2 2 2 2 2 2 2 2 2 2 2 1 1 1 1 1 1 1 1 1 1 1 1 1 1 1 1 
144 124 123 121 121 114 110 105 101 100 100 97 95 90 90 87 84 84 83 76 76 66 63 58 56 54 52 50 49 48 45 45 45 44 44 44 44 43 38 38 37 36 36 36 35 34 34 33 32 32 32 32 32 32 32 31 31 31 30 29 29 29 29 26 26 26 25 25 25 25 24 24 24 23 23 23 22 21 20 20 18 18 17 17 17 17 16 15 15 15 15 15 15 15 13 12 11 11 11 11 11 10 10 9 9 9 9 9 9 8 8 8 7 7 7 7 7 7 5 5 5 5 5 5 5 5 5 5 5 4 4 4 4 3 3 3 3 3 3 3 2 2 2 2 2 2 2 2 2 2 2 1 1 1 1 
143 123 123 121 120 111 106 101 100 98 95 93 89 88 87 77 76 73 73 71 60 59 53 53 50 50 47 47 47 46 45 45 43 41 40 40 39 39 35 35 34 34 33 33 33 32 32 30 30 29 28 28 27 27 27 27 27 27 27 27 26 26 26 22 21 21 21 20 19 19 19 19 19 19 18 18 18 18 17 14 13 13 13 13 13 12 12 11 11 11 11 11 11 11 11 10 10 9 9 8 7 7 7 7 7 7 6 6 5 5 5 5 5 5 5 5 5 5 5 5 5 5 5 5 4 4 4 3 3 3 3 3 3 3 2 2 2 2 2 2 2 1 1 1 1 
140 122 120 117 115 106 97 96 90 90 80 79 77 73 73 73 72 67 60 58 57 54 53 52 50 49 47 46 46 43 43 42 42 41 37 37 36 35 34 34 34 34 33 33 32 32 32 30 29 29 28 28 27 27 27 27 26 26 25 24 24 24 24 21 20 20 20 20 19 18 18 18 18 18 17 15 15 15 15 13 13 13 13 13 11 9 9 9 9 9 9 9 9 9 9 9 9 7 6 6 6 6 6 6 6 6 6 5 5 5 4 1 1 1 1 1 1 1 1 1 1 1 1 1 1 1 1 1 1 1 1 1 1 1 1 1 1 1 1 1 1 1 
132 121 117 110 108 106 96 94 90 83 77 77 73 73 70 70 68 65 55 55 52 52 51 49 48 47 43 43 42 42 42 42 41 39 37 37 34 34 34 33 33 32 32 31 31 31 30 28 26 24 23 23 23 23 23 23 23 22 21 20 20 20 19 19 19 19 18 18 18 18 16 16 16 16 13 13 13 12 12 12 12 12 12 12 11 9 9 9 9 9 9 9 7 6 6 6 6 6 6 6 6 5 5 5 5 5 5 5 4 4 4 1 1 1 1 1 1 1 1 1 1 1 1 1 1 1 1 1 1 1 1 1 1 1 1 1 1 1 1 1 1 
124 116 115 110 104 101 94 92 83 77 74 73 71 70 69 68 65 65 55 52 51 51 48 48 45 44 42 41 41 41 41 40 39 38 37 36 34 33 33 33 33 32 32 31 29 29 29 28 26 23 23 23 23 23 23 22 20 20 20 19 19 19 19 19 18 16 16 16 16 15 14 14 14 14 12 12 12 12 12 12 12 11 11 10 9 9 7 7 6 6 6 6 6 6 6 6 6 5 5 5 5 5 5 4 4 3 3 3 3 3 3 1 1 1 1 1 1 1 1 1 1 1 1 1 1 1 1 1 1 1 1 
118 111 110 106 100 99 92 88 82 76 74 69 69 69 66 66 65 60 55 52 51 49 48 47 44 44 42 41 41 40 39 39 39 37 35 35 34 33 33 32 31 31 31 29 28 27 27 27 26 23 22 22 22 22 20 20 20 19 19 19 18 18 18 18 16 16 16 15 15 14 14 13 13 12 10 10 10 10 10 8 8 6 6 6 6 6 6 6 6 6 6 6 6 4 4 4 4 4 4 4 4 3 3 3 3 3 3 2 2 1 1 1 1 1 1 1 1 1 1 1 1 1 1 1 1 1 1 1 1 
113 106 105 100 99 93 90 82 81 74 70 69 69 69 65 63 59 55 55 52 51 48 48 47 43 41 38 37 37 37 36 35 35 35 34 34 34 32 30 29 28 26 26 26 25 25 25 25 25 23 22 21 21 20 20 20 19 18 18 17 17 17 15 15 14 14 14 14 14 14 12 11 11 11 9 8 8 8 7 7 7 6 6 6 6 6 5 5 5 5 4 4 4 3 3 3 3 3 3 3 3 3 3 2 2 2 2 2 2 1 1 1 1 1 1 1 1 1 1 1 1 1 
109 105 100 99 97 92 87 80 77 72 70 68 67 58 55 51 51 51 51 51 44 43 42 40 39 39 37 36 36 36 35 35 33 33 33 31 31 31 30 29 26 26 25 25 25 24 23 23 22 21 21 20 20 19 19 18 18 17 17 16 16 13 13 13 13 13 13 13 13 13 12 11 10 10 9 8 7 7 6 6 6 5 5 5 5 5 5 5 5 4 4 3 3 3 3 2 2 2 2 2 2 2 2 2 2 2 2 2 1 1 1 1 1 1 1 1 1 1 1 1 1 1 
105 99 98 96 92 88 81 80 77 72 69 68 64 57 54 48 48 48 47 47 44 43 39 39 39 39 37 36 36 35 35 34 32 31 31 31 30 30 29 27 26 26 25 25 25 24 22 22 21 21 20 18 18 18 18 18 16 16 16 16 15 13 13 13 13 12 12 12 12 11 11 10 9 9 7 7 7 7 6 6 5 5 5 5 4 4 4 4 4 4 4 3 3 3 3 2 2 2 1 1 1 1 1 1 1 1 1 1 1 
105 93 90 87 86 84 77 75 70 69 68 66 58 56 51 48 47 47 47 45 43 42 39 39 39 37 37 35 35 34 30 30 30 30 30 28 28 27 27 27 26 26 24 22 22 21 21 19 19 19 19 18 16 14 14 14 14 14 14 14 14 13 13 13 13 12 12 11 11 11 8 8 8 7 6 6 6 6 5 5 5 5 4 4 4 4 4 4 4 3 3 3 3 3 2 2 2 2 1 1 1 1 1 1 1 1 1 1 1 
104 93 89 85 83 81 75 74 69 65 64 64 56 54 51 48 47 47 46 43 43 40 39 37 36 35 35 35 33 31 30 30 30 30 30 28 27 25 24 24 23 22 22 21 21 20 20 19 18 17 16 16 16 14 14 14 14 14 14 13 13 13 13 12 12 12 11 11 9 7 7 7 7 7 6 6 6 5 5 4 4 4 4 3 3 3 3 3 3 3 3 3 2 2 2 2 2 2 1 1 1 1 1 1 1 1 
104 92 88 83 79 76 74 66 65 62 62 61 53 52 51 47 45 45 44 43 40 39 39 35 35 35 34 33 31 31 30 30 30 30 29 26 25 24 24 22 22 22 22 21 21 20 20 19 18 17 16 15 15 14 14 14 14 14 13 13 13 13 12 12 11 11 10 10 9 7 7 7 7 6 6 4 4 4 4 4 4 4 4 3 3 3 3 3 2 2 2 2 2 2 2 2 2 1 1 1 1 1 1 1 1 
104 91 88 83 76 75 71 66 61 57 55 52 50 48 48 46 45 44 43 42 37 36 35 35 34 34 34 33 31 31 30 29 29 28 28 26 25 24 23 22 22 22 20 19 19 19 18 18 18 16 14 14 14 14 14 14 13 12 9 9 8 8 8 8 8 8 8 8 8 7 7 7 6 6 5 4 4 4 4 3 2 2 2 2 2 2 2 2 2 2 2 2 2 2 2 1 1 1 1 1 1 1 1 1 1 
104 88 84 74 71 70 59 58 55 54 54 52 50 48 46 44 44 43 43 42 35 35 35 35 34 33 33 31 31 31 29 29 29 28 28 26 25 19 19 18 18 16 16 16 16 16 16 15 15 13 13 13 12 12 11 11 11 10 9 8 8 8 8 8 8 8 7 7 6 6 6 5 5 5 4 4 4 2 2 2 2 2 2 2 2 2 2 2 2 2 2 2 2 1 1 1 1 1 1 1 1 1 1 
91 87 81 71 69 67 59 54 54 50 50 50 49 48 44 44 43 42 42 42 35 35 34 34 32 32 29 29 29 29 29 28 28 25 25 22 22 19 18 17 15 15 15 15 14 14 14 14 13 13 12 11 11 11 10 10 10 9 8 8 8 8 7 7 7 7 6 6 5 5 5 5 5 4 4 4 4 2 2 2 2 2 2 2 2 2 2 2 1 1 1 1 1 1 1 1 1 1 1 1 1 
90 82 81 69 65 65 56 53 51 48 48 47 47 45 44 43 43 41 41 41 35 34 33 33 32 31 28 28 28 25 25 24 24 24 24 21 20 18 18 15 15 15 15 14 13 13 13 13 12 10 10 10 10 10 10 9 9 9 8 8 8 8 7 6 6 6 6 6 5 4 4 4 4 4 3 3 2 2 2 2 2 1 1 1 1 1 1 1 1 1 1 1 1 
84 81 78 69 65 64 55 52 50 48 48 47 47 45 44 43 41 41 37 37 34 32 32 32 31 30 28 28 26 25 23 23 22 20 20 20 17 17 16 15 14 14 14 13 13 13 12 12 12 10 10 9 9 9 9 9 9 8 8 5 5 5 5 5 4 4 4 4 4 3 3 2 2 2 2 2 2 2 2 2 1 1 1 1 1 1 1 1 1 1 
84 77 77 66 65 62 51 51 50 48 47 47 47 44 44 42 40 38 33 33 32 31 31 30 30 30 27 26 26 24 23 22 20 20 19 17 17 17 16 15 14 13 13 13 13 13 12 11 11 10 10 9 9 9 9 6 6 4 4 4 4 4 4 4 4 3 3 3 2 2 2 2 2 2 2 2 2 2 2 1 1 1 1 1 1 1 1 1 1 
83 76 75 63 63 61 51 51 49 47 47 47 45 42 41 41 37 36 31 30 30 30 30 29 28 27 27 26 23 23 23 22 20 19 18 17 16 16 16 14 14 13 13 13 13 12 11 11 11 9 9 8 8 8 7 4 4 4 4 4 4 4 4 4 3 3 3 2 2 2 2 2 2 2 2 1 1 1 1 1 1 1 1 1 1 1 1 1 1 
81 76 74 63 60 60 51 51 47 46 46 45 44 42 38 38 30 30 30 30 29 28 28 28 27 24 24 24 23 22 22 21 18 17 17 17 15 15 15 14 13 13 13 13 13 10 9 9 8 7 7 7 7 7 5 4 4 4 4 3 3 3 3 3 2 2 2 2 2 2 2 2 2 1 1 1 1 1 1 1 1 1 1 1 1 1 
80 76 68 63 60 60 50 47 46 45 45 45 44 39 38 37 30 30 29 28 28 26 26 25 25 24 23 23 22 22 22 19 17 17 16 15 13 13 13 13 13 12 12 12 11 9 9 9 8 7 7 7 7 5 5 4 4 3 3 3 3 3 3 2 2 2 2 2 2 2 2 2 1 1 1 1 1 1 1 1 
79 76 68 62 58 56 50 46 45 45 45 43 43 39 36 36 30 28 28 28 28 25 25 24 23 23 23 23 22 21 20 17 16 16 16 14 13 13 12 12 12 12 11 11 9 9 9 8 7 7 7 7 5 5 4 4 4 3 3 3 3 3 3 2 2 2 2 2 2 2 2 1 1 1 1 1 1 1 1 1 
75 74 63 60 58 56 50 45 45 42 41 41 37 35 35 34 29 28 28 26 26 24 24 23 23 23 23 22 21 20 18 15 15 15 14 14 13 13 12 12 12 11 10 10 9 9 9 6 6 6 6 6 5 5 4 3 3 3 3 3 3 3 3 2 2 2 2 2 1 1 1 1 1 
74 71 63 56 56 53 50 45 45 41 38 35 34 32 32 32 29 27 26 26 25 24 23 23 23 23 22 21 21 20 18 15 15 14 13 13 11 11 11 10 10 10 10 8 8 7 7 6 6 5 5 4 4 3 3 3 3 3 3 3 3 2 2 2 2 1 1 1 1 1 
73 69 61 56 55 48 46 45 44 40 38 35 34 32 30 27 27 27 26 24 24 23 22 22 22 22 20 20 17 14 14 14 14 14 12 12 11 11 11 10 9 9 8 7 6 6 6 6 5 5 5 4 3 3 3 3 3 3 2 2 2 2 2 1 1 1 1 1 1 1 
72 67 59 55 50 47 46 43 43 39 37 34 30 28 28 27 27 27 26 24 23 23 22 22 22 21 20 20 17 14 14 14 13 13 12 11 11 11 11 10 9 7 7 6 6 6 6 5 5 4 4 4 3 3 3 3 3 2 2 2 2 2 2 1 1 1 1 
68 65 59 53 47 43 43 41 37 37 37 34 30 28 28 27 26 25 25 24 23 23 22 21 21 20 20 20 16 14 14 13 13 13 12 11 11 11 8 8 8 7 7 6 5 5 5 5 5 4 3 3 3 3 3 3 2 2 2 2 1 1 1 1 1 1 1 
68 64 59 53 47 43 43 38 37 37 36 33 30 28 26 26 26 25 24 23 23 23 22 21 20 20 20 18 15 14 13 13 13 13 11 11 10 9 8 8 7 6 6 6 5 4 4 4 4 2 2 2 2 2 2 2 2 2 2 1 1 1 1 1 
66 63 59 53 47 39 39 38 37 36 35 32 30 28 25 25 24 24 23 23 23 22 21 21 20 20 19 16 15 14 13 13 13 13 11 11 10 9 8 8 7 6 6 5 5 4 4 3 3 2 2 2 2 2 2 1 1 1 1 1 1 1 
66 61 58 52 46 39 38 37 37 35 34 32 30 28 25 25 24 24 23 23 21 21 21 20 20 18 18 16 15 13 13 13 13 13 10 10 10 9 7 7 7 5 5 3 2 2 2 2 2 2 2 2 2 2 1 1 1 1 1 1 1 1 
65 60 55 50 46 39 37 37 36 35 32 30 30 25 25 25 24 24 23 23 21 21 20 19 19 18 18 16 15 13 13 13 13 12 10 10 9 9 7 7 7 4 3 2 2 2 1 1 1 1 1 1 1 1 1 1 1 1 1 1 1 
61 60 55 50 46 39 37 37 33 32 32 30 30 25 25 25 24 23 23 23 21 20 20 19 18 17 17 15 15 13 13 13 12 12 10 9 9 8 7 7 7 3 2 2 1 1 1 1 1 1 1 1 1 1 1 1 1 1 1 1 
60 59 53 50 42 39 37 37 33 32 31 30 28 25 24 24 24 23 23 23 21 20 19 19 18 17 16 15 15 13 13 13 11 9 8 8 7 7 5 5 5 3 2 1 1 1 1 1 1 1 1 1 1 1 1 1 1 1 1 
57 52 50 48 42 39 37 37 32 32 30 30 27 25 24 24 22 22 22 22 21 20 17 17 17 15 15 15 14 13 13 13 9 7 7 7 5 5 5 5 5 2 2 1 1 1 1 1 1 1 1 1 1 1 1 1 1 1 1 
56 52 50 48 39 38 37 32 31 30 30 28 24 24 24 23 22 22 21 19 17 16 16 16 16 15 14 14 12 12 12 11 8 7 7 7 5 5 5 5 4 2 1 1 1 1 1 1 1 1 1 1 1 1 1 1 1 1 1 
54 51 50 48 39 38 36 30 30 30 29 27 24 24 22 22 22 22 21 19 16 14 13 13 13 13 13 12 12 11 11 10 8 7 7 5 5 5 4 4 4 2 1 1 1 1 1 1 1 1 1 1 1 1 1 1 1 1 
53 51 50 47 39 37 36 30 30 30 29 26 24 23 22 22 21 21 21 18 16 14 13 13 13 12 12 12 11 11 9 7 6 6 6 5 5 5 4 4 4 1 1 1 1 1 1 1 1 1 1 1 1 1 1 1 1 
52 51 49 46 39 36 35 30 30 28 28 25 23 22 20 19 19 19 18 17 16 13 13 13 13 12 12 10 10 9 8 7 6 6 6 5 5 3 3 2 1 1 1 1 1 1 1 1 1 1 1 1 1 1 
52 50 46 46 39 36 31 30 29 28 27 25 21 21 20 19 19 19 18 16 16 13 13 12 12 12 11 10 8 8 8 7 6 6 6 5 5 3 3 2 1 1 1 1 1 1 1 1 1 1 1 1 
49 48 46 43 37 35 31 28 26 26 25 23 21 19 19 19 19 17 16 16 15 13 12 12 12 12 11 8 8 8 8 7 5 5 5 5 5 3 2 1 1 1 1 1 1 1 1 1 1 1 
49 43 42 42 36 35 30 28 24 24 24 22 20 19 19 19 19 16 16 16 15 13 12 12 12 11 11 8 8 8 7 7 5 5 5 5 3 3 2 1 1 1 1 1 1 1 1 1 1 1 
49 42 42 42 36 33 30 27 24 24 23 21 20 19 18 18 18 15 15 15 15 13 12 11 11 11 10 8 8 8 7 7 5 5 5 5 2 2 2 1 1 1 1 1 1 1 1 1 1 
48 42 41 41 36 33 28 27 23 22 22 20 19 19 18 16 16 15 15 14 14 13 12 11 11 11 10 8 8 6 6 6 5 5 3 3 2 2 2 1 1 1 1 1 1 1 1 1 1 
48 42 40 38 36 32 28 27 23 22 22 20 19 18 18 16 15 15 15 14 13 13 12 11 9 8 8 8 8 6 6 4 4 4 3 3 2 2 1 1 1 1 1 1 1 1 1 1 1 
48 42 40 38 36 30 28 27 23 22 22 19 18 18 18 16 15 15 14 14 13 11 11 11 9 8 8 8 8 6 6 4 4 4 3 3 2 2 1 1 1 1 1 1 1 1 1 
48 40 40 38 34 30 23 23 23 22 20 19 18 18 17 16 15 15 14 14 11 11 10 10 9 8 8 8 7 6 6 4 4 4 3 2 2 2 1 1 1 1 1 1 1 1 
47 40 39 37 32 30 23 22 22 22 20 19 18 17 17 16 15 15 14 13 11 10 10 10 9 8 7 7 7 6 6 4 3 3 3 2 2 1 1 1 1 1 1 1 1 
43 40 38 32 32 28 23 22 22 20 17 17 17 16 16 15 15 14 14 12 11 10 10 9 8 7 7 7 7 5 4 4 3 3 3 2 2 1 1 1 1 1 1 1 1 
43 39 35 32 32 28 23 21 19 19 17 17 16 15 15 15 15 12 12 12 11 10 8 8 7 7 7 6 6 4 4 4 3 3 3 2 2 1 1 1 1 1 1 
41 37 35 32 31 25 22 21 18 18 17 16 16 15 15 14 14 12 11 11 10 8 7 7 7 7 7 6 6 4 4 4 3 3 2 1 1 1 1 1 1 1 1 
40 37 35 31 30 25 22 18 18 17 15 15 15 15 15 14 14 12 11 11 9 8 7 7 7 7 6 6 6 4 4 4 3 3 2 1 1 1 1 1 1 1 1 
40 35 32 31 29 25 21 18 17 17 15 15 15 14 14 14 13 12 10 9 8 8 7 7 7 7 5 5 5 4 3 3 2 2 2 1 1 1 1 1 1 1 1 
40 33 31 30 27 24 20 17 17 16 15 15 15 14 13 11 10 10 10 9 8 7 7 7 6 6 5 4 4 4 3 3 2 1 1 1 1 1 1 1 1 
38 32 31 29 26 24 20 17 17 16 15 15 14 14 12 10 10 10 10 9 8 6 6 5 5 4 4 4 3 3 3 3 2 1 1 1 1 1 1 
36 31 30 28 26 24 20 17 16 15 15 14 14 13 12 10 10 9 9 9 8 6 6 5 5 4 4 4 3 3 3 3 2 1 1 1 1 
35 31 30 28 25 24 20 16 16 15 15 13 11 11 11 10 9 9 9 8 8 6 5 5 4 4 4 3 3 3 3 2 1 1 1 1 
35 31 30 27 25 24 20 16 15 14 13 11 11 11 10 9 9 9 7 7 7 6 5 5 4 4 3 3 3 3 2 1 1 1 1 
35 30 29 27 25 20 18 16 15 14 12 11 11 10 9 9 7 7 7 7 6 5 5 5 4 4 3 3 3 2 2 1 1 1 1 
34 28 27 26 25 18 16 14 13 13 11 11 10 10 9 9 7 7 7 7 6 5 5 4 4 4 3 3 3 1 1 1 1 
34 27 27 26 23 16 13 13 12 12 11 11 10 9 9 7 7 7 7 6 4 4 4 4 3 3 3 3 2 1 1 1 1 
32 27 26 25 23 14 13 13 12 12 11 11 10 9 8 7 7 7 7 5 4 4 4 4 3 3 3 2 1 1 1 1 
31 27 25 24 23 12 12 12 12 12 11 10 9 9 8 7 6 6 6 5 4 3 3 3 3 3 2 1 1 1 1 1 
29 26 24 23 23 12 12 12 12 12 11 10 8 8 7 6 6 6 5 5 4 3 3 3 3 3 2 1 1 1 1 1 
27 26 24 23 20 12 12 12 12 12 11 10 7 7 7 6 6 6 5 5 3 3 3 3 3 3 1 1 1 
26 26 24 21 20 12 12 12 12 11 9 8 7 7 6 6 6 4 4 4 3 3 3 3 3 3 1 1 1 
26 25 23 21 20 12 12 12 12 10 9 8 7 6 6 5 4 4 4 4 3 3 3 2 2 2 1 1 
26 24 23 20 20 12 12 12 12 9 8 7 6 5 5 4 4 4 4 4 3 3 3 2 2 2 1 1 
25 24 23 18 18 12 12 12 12 9 7 7 6 5 4 4 4 4 4 4 3 3 3 2 2 1 1 1 
25 24 22 18 18 12 12 12 11 8 6 4 4 4 4 4 4 4 4 4 3 3 3 2 1 1 
25 24 22 16 16 12 12 10 10 7 4 4 4 4 4 4 4 4 4 4 3 3 3 2 1 1 
25 24 20 16 16 12 12 9 9 6 4 4 4 4 4 4 4 4 4 3 2 2 2 1 1 
25 23 19 16 15 12 12 9 8 6 4 4 4 4 4 4 4 4 4 2 2 2 1 
25 23 19 15 15 12 12 8 8 6 4 4 4 4 4 4 4 4 4 2 2 1 
24 20 19 15 15 12 11 8 6 5 4 4 4 4 4 4 4 4 3 2 
24 20 17 15 14 12 11 8 5 5 4 4 4 4 4 4 4 4 1 1 
24 20 17 15 14 12 10 7 5 4 4 4 4 4 3 3 3 3 1 1 
23 19 17 14 13 10 10 7 5 4 4 4 4 4 3 3 3 2 1 1 
23 18 17 14 13 10 10 7 5 4 4 4 4 3 3 3 2 2 1 1 
20 18 16 14 11 8 8 6 5 4 4 4 4 3 3 3 2 2 1 1 
20 16 15 13 11 8 7 6 4 4 4 4 4 3 3 3 1 1 1 1 
20 16 15 13 11 8 7 6 4 4 4 4 4 3 3 3 1 1 
20 15 15 13 11 7 6 5 4 4 4 4 4 3 2 2 1 1 
20 15 15 12 11 7 5 5 4 4 4 4 4 2 2 1 1 1 
20 15 15 11 11 6 5 5 4 4 4 4 4 2 2 1 1 1 
20 15 10 9 9 6 5 5 4 4 4 4 4 2 2 1 1 1 
20 15 9 9 9 5 5 5 4 4 4 4 4 2 1 1 1 
20 14 9 9 9 5 4 4 4 4 4 4 4 1 1 
20 13 9 9 6 5 4 4 4 4 4 4 3 1 1 
20 12 9 9 5 4 4 4 4 4 4 4 2 1 1 
20 12 9 8 5 4 4 4 4 4 4 4 2 1 1 
18 12 9 8 4 4 4 4 4 4 4 3 2 1 
18 11 9 8 4 4 4 4 4 4 3 2 2 1 
17 11 8 7 4 4 4 4 4 3 3 2 2 1 
17 9 8 7 4 4 4 4 4 3 3 2 1 1 
17 9 7 7 4 4 4 4 4 3 3 2 1 1 
17 9 7 7 4 4 4 4 4 3 2 2 1 1 
15 9 6 6 4 4 4 4 3 3 2 2 
14 9 6 6 4 4 4 4 3 3 2 2 
14 9 6 6 4 4 4 4 3 1 1 1 
13 9 6 6 4 4 4 4 3 1 1 1 
11 9 6 6 4 4 2 2 2 1 1 1 
11 9 6 6 4 4 2 2 2 1 1 1 
10 9 6 6 4 4 2 2 2 1 1 1 
10 9 6 5 4 4 2 2 2 1 1 
10 7 6 4 4 4 2 2 1 1 1 
9 7 6 4 4 4 2 1 1 
9 6 6 4 4 4 2 1 
9 6 5 4 4 3 1 1 
9 6 5 4 4 3 1 1 
9 6 5 4 3 1 1 1 
9 6 4 4 3 1 1 1 
9 5 4 4 2 1 1 1 
8 4 4 3 2 1 1 1 
8 4 3 3 2 1 1 
7 3 3 3 2 1 1 
7 3 3 3 2 1 1 
7 3 3 2 2 1 1 
7 3 3 2 2 1 1 
7 3 3 2 2 1 1 
7 3 3 2 2 1 1 
7 3 3 2 2 1 1 
7 3 3 2 2 1 1 
6 3 2 2 2 1 1 
6 3 2 2 1 1 
6 2 2 2 1 1 
5 2 2 1 1 1 
4 2 2 1 1 1 
4 2 2 1 1 1 
4 2 2 1 1 
3 2 2 1 1 
3 2 1 1 1 
3 2 1 1 1 
2 1 1 1 1 
2 1 1 1 1 
2 1 1 1 
2 1 1 1 
2 1 1 1 
2 1 1 1 
2 1 1 
2 1 1 
2 1 1 
2 1 1 
2 1 1 
2 1 1 
2 1 1 
2 1 1 
2 1 1 
1 1 1 
1 1 1 
1 1 1 
1 1 1 
1 1 
1 1 
1 1 
1 1 
1 1 
1 
1 
1 
1 
1 
1 
1 
1 
1 
1 
1 
1 
1 
1 
1 
1 
1 
