147 140 136 136 131 129 127 118 113 112 107 95 94 91 88 87 87 83 81 81 81 81 81 80 75 75 72 65 65 64 64 64 57 57 57 57 57 57 56 56 56 56 55 52 51 49 48 48 40 37 36 35 34 34 32 32 32 31 31 30 30 29 28 28 27 27 27 27 26 26 24 23 23 22 22 22 22 21 20 20 19 19 19 19 19 19 19 19 19 18 18 18 17 17 17 15 15 14 14 11 10 9 9 8 8 8 8 8 7 7 7 7 7 7 7 7 7 7 7 7 7 7 7 7 7 6 6 5 5 5 4 4 3 3 3 3 3 3 2 2 2 2 2 2 2 2 2 1 1 1 1 1 1 1 1 1 1 1 1 1 1 1 1 1 1 1 1 1 1 1 1 1 
139 123 122 118 118 116 114 114 111 98 92 90 90 88 84 84 83 81 81 80 79 79 72 72 70 70 67 65 62 61 59 55 53 53 53 53 53 50 50 49 48 47 47 40 40 40 39 38 37 34 34 33 33 31 29 29 29 29 27 27 27 26 25 25 24 24 24 24 21 19 19 18 16 16 16 14 14 14 14 14 14 14 14 13 13 13 13 13 13 12 12 12 12 12 12 11 11 10 10 10 9 9 8 8 7 7 7 7 7 7 7 7 7 7 7 6 6 5 5 5 5 5 5 5 5 4 4 4 4 4 3 3 3 2 2 2 2 2 2 2 1 1 1 1 1 1 1 1 1 1 1 1 1 1 1 1 1 
133 120 117 117 117 114 107 105 104 95 91 88 84 80 80 80 80 80 77 74 74 74 68 68 67 63 59 58 58 57 56 54 52 51 51 51 50 45 45 44 43 43 41 39 38 38 38 37 34 34 33 31 30 30 28 28 28 28 27 27 27 25 25 24 24 24 23 21 18 18 17 17 16 16 13 13 13 13 13 13 13 13 12 12 12 12 12 11 11 11 11 11 9 9 8 8 8 8 8 7 7 7 7 7 6 6 6 6 6 6 6 5 5 5 5 5 4 4 4 3 3 3 3 2 2 2 2 2 2 2 2 2 2 2 2 2 2 2 2 1 1 1 1 1 1 1 1 1 
129 120 117 115 114 111 107 104 100 91 87 84 84 80 80 80 76 73 71 68 68 66 60 57 57 55 55 55 55 55 54 53 52 51 50 49 44 43 41 41 41 41 41 39 35 35 35 33 33 32 31 31 30 28 28 27 27 25 25 24 24 24 23 22 22 22 21 18 18 17 16 16 16 16 13 13 13 13 13 12 12 12 12 12 11 11 11 10 10 9 9 8 8 8 8 8 8 7 7 6 6 6 6 6 6 5 5 5 5 4 4 4 4 4 4 4 4 2 2 1 1 1 1 1 1 1 1 1 1 1 1 1 1 1 1 1 
129 118 114 114 112 106 97 95 89 86 86 81 80 78 73 72 72 67 66 66 65 64 60 56 55 55 55 55 53 52 51 50 49 45 45 45 42 41 40 40 40 36 35 35 35 34 33 33 31 31 30 28 28 26 25 25 25 25 22 21 18 18 17 17 17 17 17 16 16 16 15 15 15 13 13 13 13 12 12 12 10 10 10 10 10 10 10 9 9 9 7 6 6 6 5 5 5 5 4 4 4 4 4 4 4 4 4 4 4 3 3 3 3 3 2 2 2 1 1 1 1 1 1 1 1 1 1 1 1 1 
124 116 112 111 107 102 94 91 86 85 82 76 76 74 70 70 66 65 59 58 58 58 58 56 55 55 54 53 52 52 50 48 45 43 42 41 40 39 39 38 38 34 33 32 31 31 29 29 28 28 28 28 27 26 25 24 24 23 22 17 17 17 17 17 17 15 15 14 14 13 12 12 11 11 10 9 9 9 9 9 9 9 9 9 8 8 8 6 6 6 4 3 3 3 3 3 3 3 3 3 3 3 3 2 2 2 2 2 2 2 2 2 2 2 1 1 1 1 1 1 1 1 1 1 1 
120 113 105 105 95 95 90 87 86 80 78 75 72 71 65 65 62 62 59 57 57 56 54 52 52 52 51 51 47 47 47 47 45 42 39 39 39 37 35 34 32 29 29 29 29 29 27 27 27 26 26 23 23 23 23 22 22 19 18 17 17 17 17 17 14 14 13 13 13 12 10 10 9 9 9 9 9 9 9 9 9 8 8 8 8 8 8 4 3 3 3 3 3 3 3 3 2 2 2 2 2 2 2 2 2 2 2 2 2 2 2 2 2 2 1 1 1 1 1 1 1 
120 112 104 102 95 94 90 84 78 78 78 70 68 68 64 64 59 59 58 54 54 52 51 51 49 48 46 45 44 44 44 44 42 40 39 36 36 33 33 31 31 29 29 27 26 26 24 24 24 24 24 23 23 23 22 19 19 17 17 17 17 17 17 16 14 13 13 13 12 12 10 10 9 9 8 8 8 8 7 5 5 5 5 5 5 4 4 4 3 2 2 2 2 2 2 2 2 2 2 2 2 2 2 2 2 2 2 2 2 2 2 2 2 1 1 1 1 1 1 
117 100 100 96 93 91 88 82 77 77 72 68 68 66 63 63 58 57 57 52 51 51 51 49 48 47 45 43 42 41 39 39 36 36 36 35 34 32 32 31 30 29 29 25 25 25 24 24 23 23 22 21 20 17 15 15 15 15 13 13 13 13 13 13 13 12 12 10 10 10 10 9 9 9 7 6 6 5 5 5 5 5 5 5 5 4 4 3 3 2 2 2 2 2 2 2 2 2 2 2 2 2 2 2 2 2 2 2 2 2 2 1 1 1 1 
110 97 95 95 91 88 85 80 76 74 69 68 67 65 63 58 54 54 52 51 51 51 50 47 46 45 43 42 40 38 37 37 36 32 32 32 30 30 30 30 29 27 26 25 25 25 24 21 21 21 21 20 20 16 15 14 13 13 13 12 12 12 12 12 12 12 11 10 10 10 9 9 8 8 6 6 5 5 5 5 5 5 5 5 5 4 3 3 3 2 2 2 2 2 2 2 2 2 2 2 2 2 2 2 2 2 2 1 1 1 1 1 1 1 1 
105 95 95 90 88 86 77 77 75 71 69 67 60 58 57 55 53 51 48 47 47 47 46 45 45 42 41 40 38 37 35 35 35 32 32 27 27 27 27 27 27 26 25 24 24 24 19 19 19 19 19 19 17 16 15 14 13 13 13 12 12 12 12 12 12 10 10 10 10 10 8 8 8 7 6 6 5 5 5 5 5 5 5 5 4 4 3 3 3 2 2 2 2 2 2 2 2 2 2 2 2 2 2 2 2 2 1 1 1 1 1 1 1 1 
104 95 93 88 87 83 76 73 73 71 69 64 58 54 53 53 51 50 47 46 44 44 44 44 44 42 41 40 38 35 35 34 33 31 30 27 27 27 25 25 25 25 24 24 23 22 19 19 19 17 16 16 16 14 14 14 13 13 12 12 12 12 12 11 10 10 10 10 9 9 8 6 6 6 6 6 5 5 5 5 5 5 5 5 4 4 3 3 2 2 2 2 2 2 2 2 2 2 2 2 2 2 2 2 1 1 1 1 1 
102 92 91 88 82 76 73 71 70 68 67 64 57 53 53 50 49 46 43 43 42 42 42 42 42 42 37 37 34 34 33 32 31 30 29 27 25 25 24 23 21 21 20 20 19 18 18 18 16 15 15 15 15 14 13 13 12 12 12 12 12 12 11 10 10 10 9 7 7 7 5 5 5 5 5 5 5 5 5 5 5 5 4 4 4 3 3 2 2 2 2 2 2 2 2 2 2 1 1 1 1 1 1 
102 90 89 84 82 71 71 69 69 67 64 62 57 52 51 48 48 46 43 43 42 42 41 37 35 35 32 32 32 32 31 31 28 27 26 26 25 24 24 21 21 20 20 17 17 17 16 15 15 15 15 13 13 13 12 12 12 11 11 10 10 10 10 10 10 8 8 7 6 6 5 5 5 5 5 5 5 5 5 5 5 5 4 2 2 2 2 2 2 2 2 2 2 1 1 1 
98 86 86 82 76 71 69 69 65 63 58 58 55 52 48 48 46 46 41 40 39 39 38 33 32 32 31 31 31 31 31 29 28 26 26 25 25 23 21 21 20 20 19 17 17 16 15 15 14 14 14 13 13 13 12 12 12 11 11 10 10 9 8 8 8 8 5 5 5 5 5 5 5 5 5 5 5 4 4 4 3 3 2 2 2 2 2 2 2 2 2 2 2 1 1 1 
94 86 84 70 69 69 68 64 62 60 57 55 52 52 48 48 46 43 39 39 39 39 33 33 31 31 30 30 30 30 30 29 27 25 25 24 23 23 20 20 19 19 19 17 17 14 14 13 13 13 13 13 11 10 10 10 10 10 10 9 9 8 8 8 7 6 5 5 5 5 5 5 5 5 4 4 4 4 4 3 2 2 2 2 2 2 2 2 
94 76 76 69 69 66 66 63 61 56 56 54 52 46 45 45 43 41 39 38 38 37 33 32 31 31 30 30 30 30 30 28 26 25 23 23 23 20 17 17 16 16 15 15 15 14 14 13 12 12 12 10 10 10 10 10 9 8 8 8 7 6 6 6 6 5 5 5 5 5 4 4 4 4 4 4 4 4 3 2 2 2 2 2 2 2 1 1 
90 76 72 69 62 62 62 62 56 54 54 52 45 45 45 44 41 40 39 38 37 37 33 31 30 30 30 28 28 28 27 27 26 23 21 19 19 19 16 16 15 15 15 15 15 13 13 12 12 12 11 10 10 10 9 9 8 8 8 6 6 6 6 6 6 5 5 4 4 4 4 4 3 3 3 3 3 2 2 2 2 2 2 1 1 1 1 
84 74 68 66 62 62 62 62 55 52 52 51 45 45 44 42 40 37 36 36 35 33 32 31 30 29 29 28 28 28 27 25 22 22 21 19 16 16 16 16 15 15 15 15 14 12 12 12 12 11 11 10 10 9 9 9 8 8 8 6 6 6 5 5 4 4 4 4 4 4 4 4 3 3 3 3 2 2 2 2 2 2 2 1 1 
84 68 65 65 62 61 56 54 50 50 49 49 45 44 40 40 37 36 32 32 32 32 31 29 29 28 28 27 25 25 24 22 22 21 20 18 16 16 16 15 15 15 15 14 14 11 11 11 11 11 10 10 9 7 7 7 7 7 7 6 6 5 4 4 4 4 4 3 2 2 2 2 2 2 2 2 2 1 1 1 1 1 1 1 1 
83 67 65 62 61 58 56 54 50 49 48 44 44 42 39 38 36 35 32 32 31 30 26 26 26 24 24 23 23 23 22 20 20 19 17 17 16 15 15 15 14 14 13 12 12 11 11 11 10 9 9 8 8 7 7 7 7 5 5 5 5 5 4 4 4 4 3 2 2 2 2 2 2 2 2 2 1 1 1 1 1 
79 65 65 62 61 56 52 51 50 49 44 44 42 42 38 38 36 34 32 31 29 26 26 26 26 24 24 21 21 21 20 17 17 17 17 16 16 15 14 13 13 13 12 12 12 11 10 9 9 9 8 8 7 7 7 7 5 5 5 5 5 5 4 4 4 3 3 2 2 2 2 2 2 2 2 2 1 1 1 
79 65 59 58 58 56 51 50 45 44 43 42 40 39 36 36 34 32 31 31 28 26 26 26 23 23 23 20 20 19 18 17 17 17 16 16 16 14 14 11 11 11 11 11 11 10 10 9 9 9 8 8 7 6 6 6 5 5 4 4 4 4 4 4 3 3 3 2 2 2 2 2 2 2 2 2 1 1 1 
79 61 58 58 57 56 51 49 42 42 42 41 40 38 35 33 32 31 30 28 26 26 26 23 23 20 19 19 19 19 18 17 17 17 16 16 16 14 13 11 11 11 11 11 10 10 10 9 9 8 8 7 6 6 5 5 5 4 4 3 3 3 2 2 2 2 2 2 2 2 2 2 2 2 2 2 1 1 1 
75 61 57 56 56 53 48 44 42 41 39 38 37 37 35 33 32 31 27 27 26 25 21 21 20 19 19 18 18 17 17 17 17 16 16 16 15 12 12 11 11 11 11 11 10 10 9 9 9 7 6 6 6 5 5 5 4 4 4 3 3 2 2 2 2 2 2 2 2 2 2 2 2 2 2 1 1 1 1 
74 59 56 56 52 52 45 37 37 37 36 36 36 34 33 33 32 31 27 26 26 24 21 21 19 19 18 18 18 17 15 15 14 14 14 13 13 12 12 11 11 10 10 10 10 9 9 9 7 7 6 5 5 4 4 3 3 3 3 3 2 2 2 2 2 1 1 1 1 1 1 1 1 
74 56 54 54 52 50 41 37 37 37 36 36 35 34 33 32 30 30 26 26 24 23 21 21 19 18 18 18 17 15 13 13 13 13 13 12 12 12 12 11 11 10 10 7 7 7 7 7 7 6 5 5 5 4 3 3 3 3 3 3 2 2 2 2 2 1 1 1 1 1 1 
66 53 52 52 51 47 40 37 37 36 35 35 34 33 32 31 29 28 26 25 23 23 21 21 19 18 17 17 15 14 13 13 13 11 11 11 11 11 10 10 10 10 9 7 7 7 6 6 6 6 5 4 4 4 3 3 3 3 3 2 2 2 2 2 2 1 1 1 1 1 1 
65 53 52 52 51 45 39 37 37 35 35 35 32 30 30 30 29 27 26 25 23 23 21 19 18 18 17 16 15 13 13 13 13 11 11 11 11 11 10 10 9 9 7 7 7 7 6 6 6 4 3 3 3 3 3 3 3 3 2 2 2 2 2 2 2 1 1 1 
64 53 52 52 51 45 39 37 36 35 33 32 32 30 29 29 25 25 24 21 19 19 19 18 18 18 17 15 13 13 13 11 11 11 11 10 9 9 9 9 9 9 7 7 5 5 5 5 5 3 3 3 3 3 3 3 3 3 2 2 2 2 2 2 1 1 1 1 
61 53 52 52 48 44 39 37 35 35 31 31 31 30 29 29 25 25 24 19 19 19 19 17 17 17 16 13 13 13 11 11 9 9 9 9 9 9 9 8 8 8 7 5 5 5 5 5 3 3 3 3 3 3 3 2 2 2 2 2 2 2 2 1 1 1 1 1 
59 53 52 52 47 42 37 37 35 35 31 30 30 29 25 25 24 24 24 19 19 19 17 16 15 15 13 13 13 13 11 11 9 9 9 9 9 9 8 8 8 8 7 5 5 5 5 4 3 3 3 3 3 3 2 2 2 2 2 2 1 1 1 1 1 1 1 1 
57 52 49 45 45 40 37 36 34 34 31 30 30 29 24 24 24 24 22 19 19 19 16 15 15 15 13 13 13 13 11 9 9 9 9 9 9 9 8 8 8 7 6 5 5 5 4 4 3 3 3 3 2 2 2 2 2 2 2 2 1 1 1 
55 52 45 44 41 40 37 36 33 30 30 28 26 26 24 24 24 20 19 19 19 16 16 15 15 14 13 13 11 11 11 9 9 9 9 9 9 9 8 7 7 7 6 5 5 5 4 4 3 3 3 3 2 2 2 2 2 2 2 1 1 1 1 
54 52 44 43 40 40 37 36 29 29 28 28 26 26 23 22 21 19 19 17 17 16 15 15 15 14 13 11 11 11 10 9 9 9 9 9 9 8 6 6 6 6 6 4 4 4 3 3 3 2 2 2 2 2 2 2 2 2 1 
52 52 44 40 39 38 36 35 28 28 27 26 25 25 23 22 21 19 19 16 16 16 15 13 12 12 11 11 11 11 10 9 9 9 9 8 7 7 6 6 6 5 5 4 4 4 3 3 2 2 2 2 2 2 2 2 1 1 1 
52 50 44 37 37 35 34 34 28 28 26 26 25 24 23 19 19 19 19 16 16 15 14 13 12 12 11 11 11 10 9 9 9 9 8 8 7 6 6 6 6 5 5 3 3 3 3 3 2 2 2 2 2 2 2 2 1 1 1 
48 48 44 37 37 34 34 33 28 26 26 26 25 23 23 19 19 19 16 16 14 14 14 12 10 10 10 10 10 10 9 9 9 9 8 8 7 6 5 3 3 3 3 3 2 2 2 2 2 2 2 2 2 2 1 1 1 1 
48 47 44 36 36 34 33 30 28 26 25 25 24 22 22 19 19 17 16 15 14 14 13 12 10 10 10 10 10 10 9 9 8 5 3 3 3 3 3 2 2 2 2 2 2 2 2 2 2 2 2 2 1 1 1 1 1 
48 42 42 36 34 34 32 29 27 24 24 24 24 22 22 19 18 17 16 15 14 13 12 11 10 10 10 10 9 9 9 9 8 3 3 3 3 2 2 2 2 2 2 2 2 2 2 2 2 2 2 2 1 1 1 1 
48 42 40 36 34 34 32 27 27 22 21 21 21 20 20 18 18 17 15 14 14 12 12 11 10 10 10 10 8 7 7 7 6 3 3 3 2 2 2 2 2 2 2 2 2 2 2 2 1 1 1 1 1 1 1 1 
48 42 39 35 34 32 31 27 26 21 21 20 18 18 18 17 17 16 15 14 13 12 12 11 10 10 10 9 8 7 7 7 5 3 3 3 2 2 2 2 2 2 2 2 2 2 2 2 
48 41 38 34 33 31 31 27 26 21 20 20 18 17 17 17 16 15 14 14 13 12 10 10 10 9 9 9 8 7 7 7 5 3 3 2 2 2 2 2 2 2 2 2 2 1 1 
46 39 38 34 33 31 28 26 24 21 20 18 17 17 16 15 15 15 14 12 12 12 10 10 10 9 9 8 8 7 7 5 4 3 2 2 2 2 2 2 2 2 2 2 1 
45 39 38 34 32 29 27 22 22 20 20 18 17 17 15 14 14 14 13 12 10 10 10 10 10 9 7 7 7 7 7 5 3 2 2 2 2 2 2 2 2 2 2 2 
45 38 38 32 32 29 27 22 22 20 19 17 15 15 15 14 14 13 13 12 10 10 10 10 9 9 7 7 7 7 7 5 3 2 2 2 2 2 2 2 2 2 2 1 
44 38 37 32 31 28 25 21 20 19 19 17 15 15 14 13 11 11 11 11 10 10 10 9 9 8 7 7 7 7 5 5 2 2 2 2 2 2 2 2 2 1 
43 37 37 32 31 27 24 21 19 19 18 16 13 13 12 11 11 11 11 11 10 10 10 9 9 8 7 7 7 7 5 5 2 2 2 2 2 2 2 2 2 1 
43 35 33 29 29 25 23 21 19 19 17 15 13 13 12 11 11 11 10 10 10 10 10 9 9 8 7 7 7 6 5 5 2 2 2 2 2 2 2 2 
43 34 30 29 27 22 22 20 19 18 16 15 13 13 11 11 11 10 10 10 10 10 8 8 7 7 7 7 6 6 5 5 2 2 2 2 1 1 1 1 
40 33 30 29 27 22 21 20 19 18 16 15 13 13 11 11 10 10 10 8 8 8 8 8 7 6 6 6 5 5 4 4 2 2 2 1 1 1 1 1 
39 33 29 29 26 21 21 20 18 16 16 15 13 13 11 11 10 10 9 8 8 8 8 8 7 6 5 5 5 5 4 3 2 2 2 1 1 1 1 1 
39 31 28 28 25 21 21 20 18 16 14 14 13 12 11 10 9 8 8 7 7 7 7 7 7 5 5 5 4 3 3 3 2 2 1 1 1 1 1 1 
38 31 28 28 24 21 20 20 18 16 14 14 13 12 11 10 8 8 8 7 7 7 6 5 5 5 5 4 3 3 3 3 2 1 1 1 1 1 1 1 
38 30 28 27 24 21 20 20 18 16 14 13 13 12 10 10 8 8 8 7 7 7 5 5 5 5 5 4 3 3 2 2 1 1 1 1 1 1 1 1 
38 30 28 26 24 21 20 20 17 15 14 12 10 9 9 9 8 8 6 6 5 5 5 5 5 4 4 4 3 1 1 1 1 1 1 1 1 1 1 
37 27 27 26 24 21 20 19 17 15 14 12 9 9 9 8 6 6 6 6 5 5 5 5 5 2 2 2 1 1 1 1 1 1 1 1 1 1 
35 27 27 25 22 21 19 17 16 14 11 11 9 9 9 7 6 6 5 5 5 5 5 5 4 2 2 2 1 1 1 1 1 1 1 
34 27 26 23 21 21 19 16 14 13 11 11 9 9 9 7 6 6 5 5 4 4 4 4 4 2 2 2 1 1 1 1 1 1 
34 27 26 23 21 21 18 14 14 12 8 8 8 8 8 7 6 5 5 5 4 4 4 4 4 2 2 1 1 1 1 1 1 1 
33 27 25 23 21 18 17 14 14 12 8 8 8 8 8 6 6 5 5 4 4 4 2 2 2 2 2 1 1 1 1 1 1 
33 27 23 21 21 17 15 14 14 12 8 8 8 8 8 6 6 5 5 4 4 4 2 2 2 1 1 1 1 1 1 1 
33 25 23 19 19 17 13 13 13 12 8 8 8 8 6 6 5 5 5 4 4 4 2 2 2 1 1 1 1 1 1 
32 25 22 19 19 16 13 13 13 12 8 8 8 6 6 5 5 5 5 4 4 4 2 2 2 1 1 1 1 1 1 
30 23 21 19 19 16 13 13 12 12 8 8 7 6 6 5 5 5 4 4 3 3 2 2 2 1 1 1 1 1 1 
30 23 21 19 19 15 13 13 12 12 8 7 6 5 5 5 4 4 4 3 3 3 2 2 1 1 1 1 1 
29 23 21 19 15 15 13 13 10 9 8 6 5 5 5 4 4 4 4 3 3 3 2 2 1 1 
29 21 21 19 15 15 13 11 9 8 8 6 5 5 5 4 4 3 3 2 2 2 2 1 1 1 
26 21 20 19 15 15 13 11 9 8 7 6 5 5 4 4 3 2 2 2 2 2 2 1 1 1 
25 21 20 18 13 10 10 10 8 7 7 6 5 5 4 3 2 2 2 2 2 2 2 1 1 
25 20 20 18 13 10 10 10 7 7 6 5 4 4 4 2 2 2 2 2 2 2 2 1 1 
23 20 19 16 11 10 10 8 7 6 6 5 3 3 2 2 2 2 2 2 2 1 1 1 1 
22 19 17 16 11 10 9 8 6 6 5 4 3 2 2 2 2 2 2 2 1 1 1 1 1 
22 16 16 13 11 9 7 6 5 4 4 4 3 2 2 2 2 2 2 2 1 1 1 1 1 
21 16 16 13 11 9 7 6 5 4 3 3 3 2 2 2 1 1 1 1 1 1 1 1 1 
18 16 16 13 11 9 7 6 4 4 3 3 2 2 2 2 1 1 1 1 1 1 1 1 1 
18 16 16 13 9 7 5 5 4 4 3 3 2 2 2 1 1 1 1 1 1 1 1 1 1 
18 16 16 13 9 7 5 4 4 4 3 3 2 2 1 1 1 1 1 1 1 1 
17 16 14 13 9 6 5 4 4 3 3 2 2 2 1 1 1 1 1 1 1 1 
17 16 14 13 9 6 4 4 3 3 3 2 2 2 1 1 1 1 1 1 1 
17 16 12 11 9 5 4 4 3 2 2 2 1 1 1 1 1 1 1 1 1 
17 16 12 11 9 5 4 4 3 2 2 2 1 1 1 1 1 1 1 1 
17 16 12 11 9 4 4 3 3 2 2 2 1 1 1 1 1 1 1 1 
15 13 10 9 8 4 4 3 3 2 2 2 1 1 1 1 1 1 1 1 
13 13 10 8 8 4 4 2 2 2 2 2 1 1 1 1 1 1 1 
13 12 10 8 7 4 4 2 2 2 1 1 1 1 1 1 1 1 
12 12 9 7 7 4 4 2 2 2 1 1 1 1 1 1 1 1 
12 12 9 7 7 4 4 2 1 1 1 1 1 1 1 1 1 1 
12 11 7 7 7 3 3 2 1 1 1 1 1 1 1 1 
12 10 7 7 7 3 3 2 1 1 1 1 1 1 1 1 
12 9 7 7 6 3 3 1 1 1 1 1 1 1 1 1 
12 9 7 6 6 3 3 1 1 1 1 1 1 1 1 1 
10 8 7 6 6 3 3 1 1 1 1 1 1 1 1 1 
9 8 7 6 6 3 3 1 1 1 1 1 1 1 1 1 
9 8 7 6 6 2 2 1 1 1 1 1 1 1 1 1 
9 8 7 6 5 2 2 1 1 1 1 1 1 1 1 
9 8 6 6 5 2 2 1 1 1 1 1 
9 6 6 6 4 2 2 1 1 1 1 1 
9 6 6 6 3 2 2 1 1 1 1 1 
9 6 6 6 3 2 2 1 1 1 1 1 
9 6 6 6 3 2 1 1 1 1 1 1 
9 6 6 5 3 2 1 1 1 1 1 1 
9 6 6 5 2 2 1 1 1 1 1 1 
8 6 5 5 2 2 1 1 1 1 1 1 
8 6 5 4 2 2 1 1 1 1 1 
8 6 5 4 2 1 1 1 1 1 
8 6 5 4 2 1 1 1 1 
8 6 4 2 2 1 1 1 1 
8 6 4 2 2 1 1 1 1 
8 5 3 2 2 1 1 1 1 
7 4 3 2 2 1 1 1 1 
7 4 3 2 2 1 1 1 1 
6 4 3 2 1 1 1 1 1 
5 4 3 2 1 1 1 1 1 
5 3 3 2 1 1 1 1 1 
3 3 3 2 1 1 1 1 1 
3 3 3 2 1 1 1 1 1 
2 2 2 2 1 1 1 1 1 
2 2 2 2 1 1 1 1 
2 2 2 2 1 1 1 1 
2 2 2 2 1 1 1 1 
2 2 2 2 1 1 
2 2 2 2 1 1 
2 2 2 2 1 1 
2 2 2 2 1 1 
2 2 2 2 1 1 
2 2 2 2 1 1 
2 2 2 2 1 
2 2 2 2 1 
2 2 2 2 1 
2 2 2 2 1 
2 2 2 2 1 
2 2 2 2 1 
2 2 2 2 1 
2 2 2 1 1 
2 2 2 1 1 
2 2 2 1 1 
2 2 2 
2 2 2 
2 2 2 
2 2 2 
2 2 2 
2 2 2 
2 2 2 
2 2 
2 2 
2 2 
2 2 
2 1 
2 1 
2 1 
2 1 
2 1 
2 1 
2 1 
2 1 
2 1 
2 1 
2 1 
2 1 
2 1 
2 1 
2 1 
2 
2 
2 
2 
1 
1 
