174 160 150 149 139 135 133 133 119 116 114 108 104 104 100 98 94 94 93 92 91 91 86 84 79 77 76 75 70 70 68 68 63 63 62 60 60 54 53 53 53 50 49 48 48 47 47 47 47 46 40 40 40 40 39 39 37 37 36 35 34 33 33 31 31 30 29 28 28 28 26 26 26 24 22 21 21 21 21 21 21 20 19 18 14 13 13 13 13 13 13 13 13 13 13 13 13 12 12 12 12 12 11 11 10 10 10 10 10 10 9 8 8 7 7 7 7 7 7 6 6 6 5 5 5 5 5 5 5 5 5 5 5 4 4 3 3 3 3 3 3 3 3 3 3 3 3 3 3 2 2 2 2 2 2 2 2 2 2 2 2 2 2 2 2 2 2 2 1 1 1 1 1 1 1 1 1 1 1 1 1 
160 139 137 128 125 125 122 110 107 95 91 91 83 82 80 80 80 80 77 77 76 76 75 72 72 70 67 66 64 63 61 61 61 58 55 54 49 49 49 48 47 44 41 41 40 37 37 36 35 33 32 28 27 27 27 27 27 25 25 24 24 24 23 23 23 21 21 20 19 19 19 19 19 19 19 19 18 18 17 17 17 17 16 16 13 13 13 13 13 13 13 13 13 12 12 12 12 11 11 10 10 10 10 8 8 7 7 7 7 7 7 6 6 5 5 5 5 4 4 4 4 4 4 4 4 4 4 4 4 3 2 2 2 2 2 2 2 2 2 2 2 2 2 2 2 2 2 2 2 1 1 
144 129 129 119 117 117 109 109 101 94 88 84 82 80 80 80 78 73 73 71 71 71 67 67 66 61 61 61 60 58 58 56 52 52 51 50 46 46 42 37 37 36 36 34 34 34 33 33 33 30 30 27 27 27 26 26 25 24 24 24 24 23 22 17 17 17 17 17 17 17 17 17 17 17 17 17 17 15 15 15 15 15 15 15 13 12 12 12 12 12 10 9 9 9 9 9 9 9 8 8 8 7 6 4 4 4 4 4 4 4 3 3 3 3 3 3 3 3 3 2 1 1 1 1 1 1 1 1 1 1 1 1 1 1 1 1 1 1 1 1 1 1 1 1 1 1 1 1 1 1 
129 127 125 117 115 105 100 99 92 91 87 80 79 79 78 76 72 70 70 66 63 63 63 59 57 55 55 55 53 50 49 47 47 46 44 43 41 41 38 36 36 35 34 34 33 33 32 32 29 29 29 27 27 27 26 25 23 21 21 21 21 21 19 17 17 17 16 16 16 16 16 16 16 16 16 15 14 13 13 13 13 12 12 12 12 11 11 11 10 9 9 9 8 8 8 8 8 8 8 7 6 4 4 4 4 4 4 4 4 3 3 3 3 3 3 3 3 2 2 1 1 1 1 1 1 1 1 1 1 1 1 1 1 1 1 1 1 1 1 1 
127 127 109 108 105 102 100 97 92 87 87 79 77 76 75 73 72 63 60 60 59 54 54 54 54 52 50 47 47 47 45 44 44 43 43 40 40 38 38 36 36 34 32 32 32 32 32 30 29 26 24 24 24 23 23 23 22 21 19 19 19 19 17 17 17 16 16 16 16 16 16 16 16 15 15 14 12 12 12 12 12 12 12 10 10 9 8 8 8 8 8 5 5 5 5 5 5 5 5 5 5 4 4 4 3 3 3 3 3 3 1 1 1 1 1 1 1 1 1 1 1 1 1 1 1 1 1 1 1 1 1 
127 122 107 105 103 99 98 92 89 86 83 79 77 76 73 69 66 60 58 57 56 49 49 49 49 48 47 47 47 44 43 42 42 40 40 40 37 33 33 32 32 32 30 30 30 30 30 26 26 25 23 22 22 22 22 22 22 20 19 18 18 18 16 16 16 16 15 15 15 15 14 13 13 13 13 13 12 12 12 11 11 11 9 9 9 8 8 8 8 5 5 5 5 4 4 4 4 3 3 3 3 3 3 2 2 2 2 2 1 1 1 1 1 1 1 1 1 1 1 1 1 1 1 1 1 1 1 1 1 1 
122 119 102 98 98 98 96 92 84 83 81 76 75 72 72 68 65 60 57 56 53 49 49 49 49 48 46 46 46 42 42 42 42 40 37 37 33 32 32 32 31 30 29 29 28 28 28 25 24 24 22 22 22 22 21 19 18 16 16 16 15 15 15 15 15 15 13 13 12 12 12 12 12 12 12 12 11 10 10 9 9 9 9 8 8 8 8 7 6 5 5 3 3 3 3 3 3 3 3 3 3 3 3 2 2 2 2 2 1 1 1 1 1 1 1 1 1 1 1 1 1 1 1 1 1 1 1 
119 117 101 98 98 92 90 88 83 74 74 74 73 70 68 64 58 57 55 54 53 49 47 47 47 44 43 43 41 39 39 39 39 38 36 36 32 32 32 31 29 29 28 28 27 27 27 24 24 22 21 21 21 20 19 18 18 16 15 15 15 15 15 14 14 13 13 13 12 11 11 11 11 11 11 11 11 10 9 9 8 8 7 7 7 7 6 6 6 5 3 3 3 3 3 3 3 3 3 2 2 2 2 2 2 2 2 1 1 1 1 1 1 1 1 1 1 1 1 1 1 1 1 1 1 
119 116 101 98 97 89 87 84 82 73 73 73 72 70 60 60 54 53 52 52 51 47 47 47 46 40 40 40 38 38 38 35 35 34 34 34 32 32 31 31 25 25 24 23 22 22 22 22 21 21 21 18 18 17 17 15 14 14 14 14 14 13 13 13 12 11 11 11 11 11 10 10 10 10 10 10 10 10 8 7 7 6 6 6 6 5 5 5 5 4 3 3 3 3 3 3 2 2 2 2 2 2 2 2 2 1 1 1 1 1 1 1 1 1 1 1 1 
110 110 94 94 91 88 86 84 77 72 72 67 66 65 60 58 53 53 52 51 51 47 46 46 44 40 38 38 38 37 35 35 35 34 34 33 32 31 31 28 25 21 21 21 21 21 21 21 21 21 20 18 17 17 16 15 14 14 14 14 13 12 11 11 11 10 10 10 10 9 8 8 8 7 6 5 5 5 5 5 5 5 5 5 5 5 5 5 4 4 3 3 3 3 3 3 2 2 2 2 2 1 1 1 1 1 1 1 1 1 1 1 1 1 1 1 1 
110 104 92 92 90 87 85 82 76 72 67 67 65 61 59 56 53 52 51 50 48 46 46 44 42 38 37 37 37 37 35 35 34 31 30 30 29 27 27 26 24 21 21 21 21 21 21 21 19 17 17 16 16 16 16 15 14 12 12 12 11 11 11 10 10 10 9 9 8 8 8 7 7 5 5 5 5 5 5 5 5 5 5 4 4 4 4 4 4 3 3 3 3 3 3 3 2 2 2 2 2 1 1 1 1 1 1 1 1 1 1 1 1 1 1 
110 101 90 89 87 78 78 70 70 68 62 59 59 56 55 54 51 50 50 48 47 43 43 42 38 37 36 34 33 33 33 33 32 31 30 27 27 26 26 26 24 21 21 21 21 21 20 20 18 17 16 16 16 16 15 14 12 12 11 10 10 10 9 9 9 9 8 8 8 8 6 6 5 5 5 5 5 5 5 4 4 4 4 3 3 3 3 3 3 3 2 2 2 2 2 2 2 2 2 1 1 1 
109 101 86 86 79 73 71 70 67 66 60 58 58 56 54 53 50 49 42 39 39 39 39 38 35 33 33 31 31 31 31 31 30 30 26 25 25 25 25 21 21 19 19 19 18 18 18 18 17 16 15 15 15 13 12 12 12 12 11 10 10 9 9 8 8 8 8 7 7 6 6 6 5 5 5 5 5 4 4 4 4 3 3 3 3 3 3 3 3 2 2 2 2 2 2 2 2 1 1 1 1 
100 97 86 85 74 70 70 70 66 59 58 57 56 51 50 50 49 42 41 39 36 36 36 33 33 32 32 31 31 29 27 27 27 26 25 23 22 21 21 20 19 19 18 17 17 16 16 15 15 15 14 14 14 13 10 10 10 10 10 9 9 9 8 8 8 7 7 7 7 6 6 6 5 4 4 4 4 4 4 4 4 3 3 2 2 2 2 2 2 2 1 1 1 
99 91 85 82 72 68 66 62 62 57 57 55 55 51 49 48 44 41 40 37 36 34 33 33 32 31 31 30 28 27 26 25 25 22 22 22 21 20 20 20 19 19 18 15 15 15 15 14 14 14 12 12 12 12 10 10 9 9 9 9 9 8 8 8 8 7 7 7 7 6 6 6 5 4 4 4 4 4 3 3 3 3 3 2 1 
94 91 83 77 70 66 63 61 61 55 55 55 49 47 47 47 43 40 38 37 35 33 32 32 31 30 30 28 26 25 25 25 24 21 21 21 20 19 19 19 19 18 14 14 14 13 13 13 13 13 12 11 11 11 10 9 9 9 9 9 8 8 8 8 7 7 6 6 5 5 4 4 4 4 3 2 2 2 2 2 2 2 2 2 
90 85 83 77 68 62 62 61 58 55 55 52 47 47 47 46 42 40 36 36 34 32 32 32 31 30 28 28 25 24 24 21 20 20 20 20 20 19 18 18 18 16 14 14 13 13 13 13 13 12 10 10 10 9 9 9 9 8 8 8 7 7 7 7 7 7 6 4 3 3 3 3 3 3 3 2 2 2 2 2 2 2 2 2 
89 85 82 76 68 62 61 58 56 55 51 51 46 46 46 42 41 40 36 34 33 32 32 32 31 30 28 27 24 24 24 20 20 20 19 18 18 18 18 18 15 14 14 12 12 12 12 12 12 10 9 9 9 9 8 8 8 8 8 8 7 7 7 7 6 6 5 3 3 3 3 3 3 3 3 2 2 2 2 2 2 2 2 1 
87 77 77 74 68 60 59 57 53 53 47 47 45 45 43 42 41 37 34 33 32 32 31 30 29 29 25 25 24 23 23 20 20 19 19 18 18 18 17 16 15 14 13 12 12 12 12 9 9 9 9 9 8 8 8 8 8 8 6 6 6 6 5 5 5 5 5 3 3 3 3 3 3 2 2 2 2 2 2 2 2 1 1 1 
87 77 75 73 62 59 57 54 52 51 47 46 45 43 40 40 40 36 32 32 32 32 29 29 29 27 23 23 23 22 22 19 19 18 18 17 17 15 14 14 14 14 11 11 10 10 9 9 9 8 8 8 8 8 8 8 8 7 6 6 6 6 5 5 5 5 4 3 3 3 3 3 2 2 2 2 2 2 2 2 1 1 1 
85 77 73 70 62 59 56 53 52 47 47 41 40 39 38 38 38 36 32 32 32 32 29 26 23 23 23 21 21 21 19 18 18 18 18 17 16 15 14 12 11 11 10 9 9 9 9 8 8 8 8 8 7 7 7 7 6 6 6 6 5 4 4 4 4 4 4 3 3 3 3 2 2 2 2 2 2 2 1 1 1 1 1 
78 74 71 65 62 59 56 52 51 46 45 41 39 38 38 38 38 36 32 32 32 30 29 23 23 23 22 21 21 20 18 18 18 18 18 15 14 12 12 12 11 9 9 9 9 9 9 8 8 7 7 7 7 7 7 7 5 5 5 5 4 4 4 4 4 4 4 3 3 3 2 2 2 2 2 2 2 2 1 1 1 
77 74 71 64 61 59 49 43 42 42 42 40 39 38 38 38 38 35 32 32 31 30 29 23 23 23 22 21 20 20 18 18 18 16 16 15 14 12 12 11 11 9 9 9 9 8 8 8 8 7 7 7 5 4 4 4 4 4 4 4 4 4 4 4 3 3 3 3 2 2 2 2 2 2 2 1 1 1 
77 73 66 64 59 58 42 42 42 42 39 39 39 38 38 38 36 34 32 31 31 28 28 23 23 21 20 20 19 18 18 18 17 15 15 14 13 11 11 11 11 8 8 8 8 8 8 7 7 7 7 7 4 4 4 4 4 4 4 4 4 4 4 4 3 3 3 3 2 2 2 2 1 1 
73 72 65 64 58 55 42 41 41 39 39 39 39 38 38 37 35 32 32 30 29 28 26 23 22 21 20 20 19 18 18 18 17 14 14 12 11 9 9 9 9 8 8 8 7 7 6 6 5 5 4 4 4 4 4 4 4 4 3 3 3 3 3 3 3 3 3 3 2 2 1 1 
72 71 65 62 56 55 41 41 39 38 37 36 36 36 36 34 33 32 31 29 29 28 26 23 21 21 20 19 19 18 17 15 13 13 13 11 10 9 9 9 8 7 7 6 6 6 5 5 5 4 4 4 4 4 4 4 4 4 3 3 3 3 3 2 2 2 2 2 2 2 1 
71 68 59 58 56 54 41 41 39 36 36 36 36 36 32 31 30 30 28 28 27 27 25 21 21 21 19 17 17 16 15 14 13 12 11 10 9 8 8 8 7 7 7 6 6 5 4 4 4 4 4 4 4 4 4 4 3 3 3 3 3 3 3 1 1 1 1 1 1 
69 64 57 55 53 50 41 37 37 36 36 35 34 33 31 31 29 29 28 28 26 25 24 21 21 21 19 17 16 15 13 13 11 11 10 8 8 8 8 8 7 7 7 6 6 5 4 4 4 4 4 4 3 3 3 3 3 3 3 3 3 3 3 1 1 1 1 1 
69 63 54 54 53 48 41 37 36 36 35 34 33 33 31 28 27 26 26 25 25 24 22 20 18 18 17 16 15 15 12 12 10 10 9 8 8 7 7 7 7 7 6 6 4 4 4 4 4 4 4 3 3 3 3 3 3 3 1 1 1 1 1 1 1 
69 63 54 50 48 43 38 37 36 36 35 30 29 28 28 27 26 24 24 23 23 23 22 19 18 17 16 15 15 12 11 9 7 7 7 7 7 7 7 7 7 6 6 4 4 4 4 4 4 4 4 3 3 2 2 1 1 1 1 1 1 1 1 1 
66 60 53 49 47 43 38 36 35 35 34 29 29 28 27 26 25 23 23 23 23 23 22 18 18 17 15 15 14 10 8 8 7 7 7 7 7 7 7 7 7 6 5 4 4 4 4 4 4 4 3 3 3 2 2 1 1 1 1 1 1 1 1 
64 60 50 45 45 43 38 35 35 32 32 29 29 27 27 25 23 23 23 23 22 21 19 18 18 16 15 14 13 9 8 8 7 7 7 7 7 7 7 7 6 6 4 4 4 4 4 4 4 4 2 2 2 1 1 1 1 1 1 1 
63 55 50 45 42 42 38 35 35 32 30 29 29 27 25 23 23 22 21 21 20 20 17 17 17 16 15 12 11 8 7 7 7 7 7 7 7 7 6 6 5 5 4 4 4 4 4 3 2 2 2 2 2 1 1 1 1 1 1 1 
63 55 50 44 42 41 38 35 35 32 30 28 27 27 25 23 23 20 20 20 20 20 17 17 17 14 14 11 11 8 7 7 7 7 7 7 7 7 6 6 5 5 4 4 4 4 3 2 2 2 2 1 1 1 1 1 1 
63 54 49 41 41 40 38 35 34 30 29 28 27 27 23 23 22 20 20 20 20 20 17 17 17 14 13 11 11 8 7 7 7 7 7 7 7 6 6 6 4 4 4 4 3 3 3 2 1 1 1 1 1 
57 54 48 41 41 39 36 34 34 30 29 27 27 26 23 23 21 20 20 20 20 17 17 16 16 13 12 11 11 8 7 7 7 7 7 7 7 6 6 5 4 4 4 3 3 2 2 2 1 1 1 1 1 
57 53 48 41 39 37 36 34 34 29 29 27 25 23 23 23 19 19 18 18 18 17 17 16 14 13 12 11 11 8 7 7 7 7 7 7 6 6 6 4 4 3 3 3 3 2 2 1 1 1 1 1 
55 53 48 41 39 36 35 34 32 29 29 27 23 23 22 22 19 18 18 18 18 17 17 16 13 12 12 11 11 7 7 7 7 7 7 6 6 4 3 3 3 2 2 2 1 1 1 1 1 1 1 1 
55 53 47 39 37 36 35 33 32 29 27 26 23 22 22 20 19 18 18 18 17 14 13 12 12 12 12 10 10 7 7 7 7 7 7 6 5 3 3 3 2 2 2 2 1 1 1 1 
54 50 46 39 37 35 34 33 30 29 25 25 22 22 22 19 18 17 17 17 16 14 12 12 12 11 10 9 9 7 7 7 6 6 6 5 5 3 3 3 2 2 2 2 1 1 1 1 
52 44 44 36 34 33 33 33 29 28 24 23 21 20 20 19 17 17 17 16 16 12 12 12 11 11 10 9 9 7 7 7 6 5 4 4 4 3 3 2 2 1 1 1 1 1 1 1 
51 43 42 35 34 33 32 32 28 27 24 22 21 20 20 18 17 17 17 16 15 12 12 11 11 10 10 9 9 7 7 6 6 5 2 1 1 1 1 1 1 1 1 1 1 1 
44 41 41 35 34 33 32 32 28 26 24 20 20 20 18 18 16 16 16 16 15 12 10 10 10 10 9 8 8 7 6 6 6 3 2 1 1 1 1 1 1 1 1 1 1 1 
43 41 40 34 34 33 32 31 26 25 24 20 19 19 18 17 16 16 16 16 14 10 10 10 10 10 8 8 8 7 6 6 5 3 1 1 1 1 1 1 1 1 1 1 
42 40 40 34 34 33 32 30 26 25 23 20 19 19 18 17 16 16 16 15 14 10 10 10 10 9 8 8 7 6 6 6 4 3 1 1 1 1 1 1 1 1 1 1 
42 40 40 33 33 33 32 29 25 25 22 20 19 18 18 16 16 16 15 14 13 10 10 8 8 8 8 7 7 6 6 5 4 1 1 1 1 1 1 1 1 1 1 
42 40 40 33 33 32 31 28 25 24 21 19 18 18 18 16 15 15 14 14 12 10 10 8 8 8 8 7 7 6 5 5 4 1 1 1 1 1 1 1 1 
42 40 38 33 30 30 28 23 23 22 20 19 18 18 18 16 15 14 14 13 11 10 8 8 8 7 6 6 6 5 5 5 4 1 1 1 1 1 1 1 1 
40 40 36 33 30 28 28 23 22 21 20 18 17 17 17 16 14 14 14 13 11 10 8 8 8 6 6 6 6 5 5 4 3 1 1 1 1 1 1 1 1 
40 38 34 29 27 24 24 21 21 21 20 16 13 13 13 13 12 11 11 11 10 9 7 7 6 6 6 6 6 5 5 4 3 1 1 1 1 
39 37 34 26 26 24 22 21 21 18 18 16 13 12 12 11 11 11 11 11 10 9 7 7 6 6 6 5 3 3 3 3 3 1 1 1 1 
38 36 33 26 25 24 22 21 20 17 17 15 12 12 12 11 11 11 10 9 9 8 6 6 6 5 5 5 3 3 3 3 2 1 1 1 
36 35 30 26 24 23 22 21 19 16 16 15 12 11 11 11 11 11 9 9 9 8 6 6 6 5 5 5 3 3 3 3 2 1 1 1 
36 34 30 22 22 22 22 18 18 16 14 14 12 11 11 10 10 10 9 9 9 8 6 5 5 5 5 5 3 3 2 2 2 
34 33 28 22 22 20 20 18 18 15 13 13 12 11 10 10 9 9 9 9 9 8 6 5 4 4 4 4 3 3 2 2 
34 32 28 22 21 20 20 16 16 15 12 12 11 11 10 9 9 9 9 8 8 8 6 5 4 4 3 3 3 2 2 2 
34 32 26 22 21 20 19 15 15 14 12 12 11 11 10 9 8 8 8 8 7 7 5 5 4 4 3 3 3 2 2 1 
32 29 24 22 20 18 17 15 15 14 12 11 11 11 10 8 8 8 7 7 7 6 4 4 4 4 2 2 2 1 1 1 
32 29 22 22 20 17 14 14 14 12 12 11 11 11 10 8 7 7 7 7 7 6 4 4 3 3 2 2 2 1 
32 29 22 21 19 17 14 14 14 11 10 10 10 10 9 7 7 7 7 7 7 5 4 3 2 2 2 2 2 
31 28 21 20 19 17 14 14 12 10 10 10 10 10 9 7 7 7 7 7 7 5 3 3 2 2 2 2 2 
31 28 21 18 17 16 14 13 12 10 10 10 10 10 9 7 7 7 7 7 6 5 3 3 2 2 2 2 2 
29 28 21 18 16 14 13 11 11 10 10 10 10 10 7 7 7 7 6 4 4 4 3 3 2 2 2 1 1 
29 27 21 17 16 14 11 11 10 10 10 10 10 9 7 7 7 5 5 4 4 3 3 3 2 2 2 
28 27 21 17 13 13 11 10 10 9 9 9 9 9 7 6 6 5 5 4 4 3 3 3 2 2 1 
28 27 21 17 13 13 11 10 10 9 9 9 9 9 7 6 6 5 4 4 4 3 2 2 2 1 1 
27 23 20 17 13 13 11 9 9 9 9 9 8 8 6 6 6 5 4 4 3 2 1 1 1 1 
27 23 20 17 12 12 10 9 9 9 9 9 8 8 5 5 5 4 4 4 3 2 1 1 1 1 
25 23 19 17 12 12 9 9 9 8 8 8 5 5 5 5 4 4 4 3 2 2 1 
25 23 19 16 12 12 9 9 9 8 8 6 5 5 5 4 4 4 4 3 1 1 
24 23 18 14 12 12 9 9 9 8 6 5 5 5 5 4 4 4 4 2 1 1 
22 21 18 13 12 12 9 9 8 7 6 5 5 5 4 4 4 4 4 1 1 
21 21 17 12 12 11 9 7 7 6 6 5 5 5 4 4 4 4 3 1 1 
21 21 17 12 12 11 8 7 7 5 5 5 5 5 3 3 3 3 1 1 1 
21 16 15 12 12 10 8 7 6 5 5 5 5 4 3 3 3 2 1 1 
20 16 15 12 12 10 8 7 6 5 5 5 4 4 3 3 3 1 1 1 
20 16 15 12 12 10 8 7 6 5 5 4 4 4 3 3 3 1 
20 15 15 12 11 10 8 6 6 5 5 4 4 4 3 3 
20 15 15 12 11 10 8 6 6 5 4 4 4 4 3 2 
20 15 14 10 10 7 6 6 6 4 4 4 4 3 3 
20 15 14 10 9 6 6 5 5 3 3 3 3 3 3 
20 15 14 9 9 6 6 5 4 3 3 3 2 2 2 
19 15 9 8 8 6 6 5 4 3 3 3 2 2 2 
18 15 9 8 7 4 4 4 3 3 3 3 2 2 1 
17 15 8 7 6 4 4 3 3 3 3 3 2 2 1 
17 13 8 7 6 4 4 3 3 3 3 3 2 2 1 
17 13 7 7 5 4 4 3 3 3 3 3 2 2 1 
17 11 7 7 5 4 4 3 3 3 3 3 2 2 1 
17 10 7 6 5 4 4 3 3 3 3 3 2 2 1 
17 10 7 6 5 4 4 3 3 3 3 3 2 2 1 
16 10 7 5 5 4 4 3 3 3 3 3 2 2 
16 10 7 5 5 4 4 3 3 3 3 3 2 2 
16 10 7 5 4 4 4 3 3 3 3 3 1 1 
16 10 7 5 4 4 4 3 3 3 3 3 1 1 
16 10 6 5 4 4 4 3 3 3 2 2 1 
14 10 6 5 4 4 4 3 3 3 2 2 1 
14 10 6 5 4 4 4 3 3 3 2 2 1 
12 10 6 5 4 4 4 3 3 3 2 2 
12 10 5 5 4 4 4 3 3 3 2 2 
12 9 5 5 4 4 4 3 3 3 2 2 
12 9 5 4 4 4 4 3 3 2 2 1 
12 9 5 4 4 4 4 3 3 2 2 1 
12 8 5 4 4 4 4 3 2 2 2 1 
12 8 5 4 4 4 4 3 2 2 2 1 
12 8 5 4 4 4 3 3 2 2 2 1 
11 8 5 4 4 4 3 3 2 2 1 1 
11 8 4 4 4 4 3 2 2 1 1 
11 7 4 4 4 3 2 1 1 1 
11 7 4 4 4 3 2 1 1 1 
11 7 4 4 4 3 1 1 1 1 
11 7 4 4 4 3 1 1 1 1 
11 7 4 4 4 3 1 1 1 
10 7 4 4 3 2 1 1 1 
10 7 4 4 3 2 1 1 1 
10 7 4 4 3 2 1 1 1 
10 7 4 4 3 2 1 1 
9 7 4 4 3 1 1 1 
9 7 4 4 3 1 1 1 
9 6 4 4 2 1 1 1 
9 5 4 4 2 1 1 1 
8 5 4 4 2 
8 4 4 4 2 
7 4 4 4 2 
6 4 4 4 2 
6 4 4 3 2 
6 4 4 2 2 
6 4 4 2 1 
6 4 3 2 1 
5 4 3 2 1 
5 4 3 2 
5 4 3 2 
4 4 3 1 
4 4 3 1 
4 4 3 1 
4 4 2 1 
4 4 2 1 
4 2 2 1 
4 2 2 1 
4 2 2 1 
3 2 2 1 
3 2 2 1 
3 2 2 1 
3 2 2 
3 2 2 
2 2 2 
2 2 2 
2 2 2 
2 2 1 
2 2 
2 2 
2 2 
2 2 
2 2 
2 2 
2 2 
2 2 
2 2 
2 1 
2 1 
2 1 
2 1 
2 1 
2 1 
2 1 
2 1 
2 1 
2 1 
2 1 
2 
2 
2 
1 
1 
1 
1 
1 
1 
1 
1 
