169 162 154 147 134 129 128 121 114 113 110 100 100 94 94 94 93 91 90 85 82 76 75 75 75 72 71 70 68 68 68 68 67 63 63 62 62 60 57 57 55 55 51 50 49 47 47 46 45 42 42 42 42 41 39 39 39 39 39 38 38 38 35 35 32 30 30 30 29 29 29 29 28 27 27 24 24 24 24 24 24 24 24 22 22 22 21 21 21 20 20 19 19 19 18 17 17 16 16 15 15 15 14 14 14 14 13 11 11 11 11 11 11 11 11 11 11 10 10 10 9 9 8 8 8 8 7 7 6 5 4 4 4 4 4 4 4 4 4 4 3 3 3 3 3 3 3 1 1 1 1 1 1 1 1 1 1 1 1 1 1 1 1 1 
147 139 135 131 124 118 112 108 108 107 98 95 95 91 91 90 88 86 83 82 80 76 73 73 73 69 69 65 65 65 63 60 55 55 53 53 53 53 52 52 47 47 47 45 45 43 41 41 40 39 37 37 37 34 33 33 32 31 30 29 29 29 29 29 29 29 29 26 26 26 26 25 24 24 24 22 22 22 21 20 20 19 19 18 18 18 17 16 14 14 13 13 13 13 13 13 13 13 12 12 12 12 12 11 11 11 11 10 10 10 10 9 8 8 8 7 7 7 7 7 7 7 6 6 6 6 5 5 4 4 4 4 4 4 4 4 3 3 3 3 3 2 2 2 2 2 1 1 1 1 1 1 
132 131 126 121 119 116 107 106 104 100 94 91 83 83 82 81 74 72 71 70 70 70 69 69 67 64 64 62 62 62 58 51 48 48 46 46 44 44 43 42 42 39 37 37 37 37 34 34 33 33 32 32 31 27 27 27 27 27 26 23 22 22 22 21 21 20 20 20 20 20 20 20 20 20 20 17 17 16 16 16 16 14 14 14 14 14 12 11 10 10 10 10 10 10 10 10 10 10 10 9 9 9 9 8 8 7 7 7 7 7 7 7 7 7 7 6 6 4 4 4 4 4 4 4 4 4 4 4 4 4 4 4 4 4 4 3 2 2 2 1 1 1 1 1 1 1 1 1 1 1 1 
132 126 123 120 118 112 107 105 101 98 89 85 80 80 79 79 73 71 70 68 68 68 60 59 56 53 52 52 52 51 49 46 45 43 43 43 41 41 41 41 37 37 37 36 35 34 34 32 31 31 28 27 26 26 25 25 24 22 22 21 21 21 21 21 19 19 17 17 17 17 17 17 17 17 16 14 14 14 14 14 14 14 14 13 13 12 10 10 10 10 10 10 10 10 9 9 8 8 8 8 8 8 8 7 6 6 6 6 6 6 6 5 5 5 5 5 5 4 4 4 4 4 4 4 3 3 3 3 3 3 2 2 2 1 1 1 1 1 1 1 1 1 1 1 1 
132 115 113 111 111 107 104 102 98 90 87 85 80 80 72 71 71 68 68 68 65 64 60 58 54 53 52 52 52 48 46 45 41 41 41 39 39 38 37 33 32 32 32 32 32 31 31 30 28 28 27 26 26 26 24 24 22 22 22 20 20 20 20 19 19 18 17 17 17 15 13 13 13 13 12 12 12 12 12 10 10 9 9 9 9 9 7 7 7 7 7 7 6 6 6 6 6 6 6 5 5 5 5 5 5 5 5 5 4 4 4 4 4 3 3 3 2 2 2 2 1 1 1 1 1 1 1 1 1 1 1 1 1 1 1 
121 114 108 106 102 101 100 94 91 86 80 78 76 76 71 69 68 68 64 63 53 53 53 53 53 52 51 51 51 44 44 42 41 40 39 36 35 34 34 32 32 32 30 29 29 29 28 23 23 23 23 23 23 23 23 23 22 22 22 20 18 17 17 16 16 15 15 15 15 13 12 12 12 11 11 11 11 11 10 9 9 9 8 6 6 6 5 5 5 5 5 5 5 5 4 4 4 3 3 3 3 3 3 3 3 3 3 3 3 3 3 3 3 3 3 2 1 1 1 1 1 1 1 1 1 1 1 1 1 1 1 1 1 1 1 
120 113 107 93 93 90 83 83 83 82 80 76 70 67 67 65 63 62 59 59 53 52 52 50 50 50 49 46 46 43 41 34 33 33 33 33 33 33 32 32 31 31 29 29 26 26 26 23 23 23 23 23 22 21 21 20 19 19 18 18 16 16 16 15 15 15 15 12 12 12 12 12 12 11 11 11 11 9 8 8 5 5 5 5 5 5 5 5 5 5 5 5 4 4 4 3 3 3 3 3 3 3 3 3 3 2 2 2 2 2 2 2 2 2 2 1 1 1 1 1 1 1 1 1 1 1 1 1 1 
120 113 106 93 91 86 83 83 83 81 77 73 66 66 66 65 63 62 55 54 51 51 50 50 50 47 47 43 42 42 35 34 33 33 32 32 31 31 31 31 31 31 28 28 25 24 24 23 22 21 21 21 20 19 18 17 17 16 16 16 16 13 13 13 12 12 12 12 12 12 12 11 10 9 9 7 7 7 7 5 5 5 5 5 5 5 5 5 3 3 3 3 3 3 3 3 3 3 3 3 3 3 3 2 2 2 2 2 2 2 2 1 1 1 1 1 1 1 
111 98 91 88 86 86 81 79 75 74 70 69 66 65 65 64 61 57 53 53 51 49 49 48 47 44 42 42 41 41 35 33 33 32 32 32 31 31 31 31 30 28 26 26 24 23 22 22 21 20 20 19 18 17 17 17 16 16 16 16 14 12 12 12 12 12 12 12 11 8 8 8 8 8 8 7 7 6 6 5 5 4 4 4 4 4 4 3 3 3 3 3 3 3 3 2 2 2 1 1 1 1 1 1 1 1 1 1 1 1 1 1 1 1 
98 94 84 80 78 75 72 72 72 69 68 68 65 65 64 59 59 55 53 53 51 49 49 47 44 41 40 40 40 36 35 33 33 32 29 29 28 28 27 27 27 26 26 25 23 23 22 22 20 19 19 17 17 17 16 16 15 14 14 14 13 12 12 12 12 12 11 11 10 8 8 7 6 6 6 6 6 6 6 5 5 4 4 4 4 4 4 3 3 2 2 2 2 1 1 1 1 1 1 1 1 1 1 1 1 1 1 
98 89 84 79 77 73 72 72 71 68 68 68 65 61 60 58 56 55 52 50 48 45 41 41 41 40 40 38 33 33 33 25 25 25 25 25 24 24 24 24 24 24 24 24 23 22 22 19 19 18 18 16 16 15 15 14 14 14 13 12 12 12 12 11 11 11 10 10 10 8 7 6 6 6 6 5 5 5 5 5 4 4 4 3 2 2 2 2 2 2 2 1 1 1 1 1 1 1 1 1 1 1 1 1 1 1 1 
95 84 83 78 76 73 72 71 69 67 67 66 65 60 56 53 52 49 47 47 46 43 41 40 39 38 38 35 29 27 27 25 25 25 24 24 23 23 23 23 23 23 23 23 23 18 18 18 18 18 16 16 14 14 14 13 12 12 11 11 11 11 11 10 10 10 10 9 9 8 7 6 6 6 6 5 5 5 5 5 4 4 4 2 2 2 2 2 2 2 1 1 1 1 1 1 1 1 1 1 1 1 1 1 1 
92 84 82 75 71 70 68 66 66 65 65 63 61 59 53 52 52 48 46 46 42 41 39 39 39 36 36 35 27 27 27 25 25 24 24 23 23 23 23 23 23 21 21 20 20 18 18 18 16 16 16 16 13 13 13 13 11 11 11 10 10 10 10 10 10 10 9 9 8 7 6 6 5 5 5 3 3 3 3 3 3 2 2 2 2 2 2 2 1 1 1 1 1 1 1 1 1 1 1 1 1 
91 80 78 74 71 68 66 66 65 62 62 61 58 57 52 52 51 47 45 44 40 38 38 37 37 36 34 32 27 27 27 24 24 24 23 23 23 23 23 23 22 21 20 20 19 18 17 17 16 13 13 13 12 12 11 11 10 10 10 10 9 7 7 7 5 5 5 5 5 5 5 4 3 3 3 3 3 3 3 3 3 2 1 1 1 1 1 1 1 1 1 1 1 1 1 1 1 1 1 1 1 
78 77 73 72 70 68 66 63 63 62 59 55 52 49 49 48 48 47 42 41 39 37 37 35 35 35 33 31 27 27 27 24 24 24 23 23 23 21 21 21 20 17 17 17 17 16 16 15 15 13 10 9 9 9 9 9 9 8 8 8 8 7 7 6 5 5 4 4 4 3 3 3 3 3 3 3 3 3 3 3 3 2 1 1 1 1 1 1 1 1 1 1 1 1 1 1 1 1 1 
73 71 71 71 69 67 66 63 63 61 59 52 50 49 48 48 47 41 40 39 38 37 35 34 33 32 32 29 26 26 26 24 24 23 23 22 21 21 20 17 17 17 17 17 17 16 16 14 13 12 9 8 8 8 8 8 8 8 8 8 8 7 7 4 4 3 3 3 3 3 3 3 3 1 1 1 1 1 1 1 1 1 1 1 1 1 1 1 1 1 1 
72 71 71 68 67 66 65 63 62 60 58 50 50 48 45 45 45 41 39 39 37 37 34 32 32 31 29 28 26 26 25 22 22 22 22 22 21 21 17 17 17 17 17 17 17 13 12 12 12 11 9 8 8 7 7 7 7 7 5 5 4 4 4 4 3 3 3 3 3 3 3 1 1 1 1 1 1 1 1 1 1 1 1 1 1 
71 70 70 68 67 66 64 61 60 59 53 49 49 46 45 45 43 41 39 39 36 36 33 32 31 31 29 28 26 24 23 22 22 22 21 21 20 19 17 17 17 17 15 15 15 13 11 11 11 9 9 8 7 6 6 6 6 6 5 4 4 4 4 3 3 3 3 3 3 2 2 1 1 1 1 1 1 1 1 1 1 1 1 1 1 
71 70 70 67 67 65 63 61 59 55 53 49 49 46 45 41 39 38 38 37 36 36 33 30 30 30 29 28 23 22 22 22 22 21 20 20 19 19 17 17 16 16 15 15 14 13 11 11 11 9 8 8 6 6 6 5 4 4 4 3 3 3 3 3 3 3 2 2 2 2 2 1 1 1 1 1 1 1 1 1 1 1 
71 70 68 67 66 64 62 61 58 54 50 48 41 41 41 41 39 38 37 33 32 32 31 30 28 28 28 26 22 22 22 22 22 19 19 19 19 18 17 16 16 13 13 13 13 12 11 11 10 9 8 7 6 6 6 5 4 4 4 3 3 3 3 3 2 2 2 2 1 1 1 1 1 1 1 1 1 
69 66 64 60 60 59 58 58 54 53 45 45 41 41 41 39 39 35 35 33 32 32 31 29 27 24 23 23 21 21 21 20 19 18 18 18 18 17 15 15 13 13 13 13 12 11 10 10 10 9 8 7 6 6 6 4 4 3 3 3 3 3 3 3 1 1 1 1 1 1 1 1 1 
69 65 64 60 58 58 53 53 53 48 45 45 41 40 37 37 37 35 33 33 31 29 29 27 23 21 21 21 21 21 20 18 18 18 17 16 15 15 15 14 12 12 11 11 11 11 10 9 9 9 7 7 6 6 5 4 4 3 2 2 2 2 2 2 1 1 1 1 1 1 1 1 1 
69 63 61 59 58 57 53 53 47 46 45 43 41 39 37 36 36 34 33 32 31 28 26 24 23 21 20 20 20 19 19 18 18 17 16 16 15 15 12 12 11 11 11 11 11 10 9 9 8 7 7 6 6 6 4 4 4 3 1 1 1 1 1 1 1 1 1 1 1 1 
67 61 60 57 57 56 53 47 47 44 44 43 37 37 36 35 33 32 30 30 30 28 25 24 23 20 20 19 19 19 18 17 16 16 16 16 15 15 11 11 11 11 11 9 9 9 9 7 7 7 7 6 6 5 4 4 3 2 1 1 1 1 1 1 1 1 1 1 1 
67 58 58 56 55 54 53 47 44 44 42 42 37 37 36 33 32 32 30 29 28 28 22 20 19 19 19 19 19 18 18 17 16 16 15 15 13 13 11 11 11 10 9 9 9 8 8 7 6 6 5 5 5 5 4 4 2 2 1 1 1 1 1 1 1 1 1 1 1 
66 58 55 55 54 51 51 47 44 43 38 38 37 37 36 33 32 30 29 28 26 26 21 20 19 19 19 18 18 18 18 16 16 16 14 14 12 11 11 11 11 10 9 9 8 8 8 6 6 6 5 5 5 4 3 3 1 1 1 1 1 1 1 1 1 1 1 
65 57 55 54 54 50 50 45 42 42 38 38 37 37 36 32 31 28 27 26 23 22 20 19 19 19 18 17 17 17 16 16 15 14 13 11 11 11 10 10 10 9 9 7 7 7 6 6 6 5 2 2 2 1 1 1 1 1 1 1 1 1 1 
61 56 52 52 52 50 49 45 42 42 37 37 37 35 35 30 28 28 27 26 22 22 20 19 19 18 17 16 16 16 16 15 15 13 12 11 11 11 10 9 9 9 7 7 7 7 6 6 6 5 1 1 1 1 1 1 1 1 1 1 1 1 1 
60 52 50 49 49 42 41 41 39 39 37 36 34 34 33 28 28 25 25 24 22 22 20 18 18 17 16 16 16 16 15 15 15 12 12 11 9 9 9 9 8 7 7 6 6 6 6 6 5 4 1 1 1 1 1 1 1 1 1 1 1 1 1 
58 52 50 48 41 37 37 37 36 34 34 33 32 32 32 28 27 25 25 24 22 22 20 18 18 16 16 16 15 13 13 13 13 11 11 11 9 9 9 9 7 6 6 6 6 6 6 5 4 2 1 1 1 1 1 1 1 1 1 1 1 1 1 
54 52 50 48 41 37 37 36 35 34 34 33 31 31 31 28 27 25 25 23 22 21 20 18 16 16 16 16 15 13 13 13 13 11 11 11 9 9 9 9 7 6 6 6 6 5 5 5 4 2 1 1 1 1 1 1 1 1 1 1 1 1 1 
51 51 49 46 40 37 37 35 34 33 33 32 31 31 29 28 27 25 23 23 22 21 20 18 16 16 15 15 15 13 13 12 12 11 11 11 9 9 9 7 6 6 6 6 6 5 5 5 4 2 1 1 1 1 1 1 1 1 1 
51 51 49 46 37 36 35 33 33 33 33 30 30 27 27 27 24 23 23 23 21 20 19 17 16 15 15 15 15 13 12 12 12 11 11 10 9 8 7 7 6 6 6 6 6 5 4 4 3 2 1 1 1 1 1 1 1 
51 51 49 46 37 36 33 33 33 31 31 30 29 27 27 27 23 23 23 22 21 19 17 17 16 15 15 14 14 13 12 11 11 11 9 8 8 6 6 6 6 6 6 5 5 4 4 4 3 2 1 1 1 1 1 1 
51 48 47 45 36 36 33 33 31 31 31 29 29 27 26 26 23 22 22 22 20 17 17 17 16 14 14 13 12 11 11 11 10 9 8 5 5 5 5 5 5 4 4 4 4 3 3 3 2 2 1 1 1 1 1 1 
51 48 47 44 36 35 33 33 31 30 30 29 29 27 26 25 22 22 22 19 19 17 17 16 14 14 14 13 11 11 10 9 9 7 5 5 5 5 5 5 4 4 4 4 3 2 2 2 2 2 1 1 1 1 1 
51 48 45 43 36 34 33 32 29 29 29 29 27 26 25 23 22 22 21 18 17 17 17 15 14 14 12 11 11 11 9 9 7 6 5 5 5 4 4 4 4 4 4 4 2 2 2 2 2 2 1 1 1 1 1 
46 46 41 40 35 34 33 31 29 28 28 28 26 21 21 21 20 20 20 18 17 17 16 15 14 14 12 11 10 10 9 7 6 6 5 5 5 4 4 4 4 4 4 4 2 2 2 2 2 2 1 1 1 1 1 
46 44 41 40 35 34 32 30 29 27 24 24 23 20 20 19 19 19 18 18 16 15 15 15 14 13 11 10 9 8 8 7 6 5 5 5 5 4 4 4 4 4 4 3 2 2 1 1 1 1 1 1 1 1 1 
46 44 40 40 35 34 31 30 29 26 24 24 23 20 20 19 19 18 16 15 14 14 13 13 12 11 10 10 9 8 7 7 6 5 5 5 5 4 4 4 4 4 3 3 2 2 1 1 1 1 1 1 1 1 1 
46 44 40 39 35 31 30 30 29 25 24 22 21 20 20 16 16 16 15 14 13 13 13 13 11 11 10 9 8 8 7 6 5 5 5 4 4 4 4 4 3 3 3 3 1 1 1 1 1 1 1 1 1 1 
46 42 40 38 33 31 29 28 25 24 23 22 20 20 20 15 15 14 14 14 13 13 13 12 11 11 9 8 8 7 6 6 5 4 4 4 4 4 3 3 3 2 2 1 1 1 1 1 1 1 1 
46 39 38 37 32 31 28 27 22 22 21 21 20 20 19 14 14 14 14 13 13 13 12 11 10 8 8 8 6 6 6 6 5 4 4 4 3 3 3 2 2 2 2 1 1 1 1 1 1 
45 37 37 35 31 29 28 24 22 22 21 21 20 19 18 14 14 14 13 13 12 12 10 10 10 8 8 8 6 6 6 5 5 4 3 3 3 2 2 2 2 2 2 1 1 1 1 1 
42 37 37 34 30 29 26 23 22 21 21 18 18 14 14 13 13 11 11 11 11 10 10 10 9 7 7 7 6 6 5 5 4 4 2 2 2 2 2 2 2 2 2 1 1 
42 35 35 32 29 29 26 21 21 19 19 18 16 14 12 12 11 11 10 9 9 9 9 9 7 7 6 5 5 5 4 4 4 4 2 2 2 2 2 2 2 2 2 
42 35 33 32 29 27 25 21 20 19 19 18 15 14 12 11 11 10 9 9 9 9 8 8 7 6 6 5 5 5 4 4 4 4 2 2 2 2 2 2 2 2 2 
40 34 31 31 29 27 25 20 20 18 18 15 14 13 12 11 10 10 9 9 9 9 8 8 7 6 6 5 5 5 4 4 4 4 2 2 2 2 2 2 1 1 
40 34 30 30 29 27 21 20 20 18 17 14 14 13 12 11 10 9 9 9 9 9 8 7 6 6 6 5 5 5 4 4 4 4 2 2 2 2 2 1 1 
40 34 30 30 29 26 21 20 20 18 16 14 14 13 11 11 9 9 9 9 9 8 8 7 6 6 6 5 4 4 4 4 4 4 2 2 2 2 1 1 1 
39 34 30 29 27 26 21 20 19 16 16 14 14 13 11 10 9 9 9 9 9 8 8 7 6 6 5 5 4 4 3 3 3 3 2 2 2 1 1 1 1 
38 34 30 29 27 24 21 20 18 16 15 14 14 12 11 9 9 9 9 8 8 8 8 6 6 6 5 5 4 4 3 2 2 2 2 1 1 1 1 
35 34 30 29 26 24 20 19 17 16 15 13 13 11 11 9 9 9 9 8 8 8 7 6 6 6 5 4 4 3 3 2 2 2 1 1 1 1 
34 33 29 28 25 23 20 19 17 16 15 13 12 11 11 9 9 9 8 8 7 7 7 6 6 6 5 4 4 3 2 2 2 1 1 1 1 
34 27 26 23 23 21 20 19 16 16 14 13 12 11 11 8 7 7 7 7 7 7 7 6 6 6 5 4 3 3 2 2 2 1 1 1 1 
34 26 24 23 22 21 19 19 16 15 14 13 12 11 11 8 7 7 7 7 7 7 7 6 6 6 5 4 3 3 2 2 2 1 1 1 1 
32 26 23 23 22 21 19 18 15 15 14 13 12 11 11 7 7 7 7 7 7 7 7 6 6 6 5 4 3 3 2 1 1 1 1 
29 25 23 23 19 19 19 15 14 13 13 13 12 10 8 7 7 7 7 7 7 7 7 6 5 4 3 3 3 2 1 1 1 1 1 
28 25 23 22 19 19 18 15 14 13 13 13 11 8 8 7 7 7 7 7 7 7 7 6 4 4 3 3 2 1 1 1 1 1 
28 25 22 22 19 19 16 15 14 13 13 13 11 8 7 7 7 7 7 7 7 7 7 5 4 4 3 1 1 1 1 1 1 1 
28 24 22 22 17 17 16 15 14 13 13 13 11 8 7 7 7 7 7 7 7 7 6 5 3 3 1 1 1 1 1 1 1 
28 23 22 22 17 17 15 14 13 13 13 13 11 8 7 7 7 7 7 6 6 5 5 4 3 3 1 1 1 1 1 1 
25 23 22 22 17 17 15 14 13 13 13 11 11 8 7 7 7 6 6 6 6 5 5 4 3 3 1 1 1 1 1 1 
25 23 22 22 15 15 15 14 13 13 12 11 8 7 7 7 5 5 5 5 5 5 4 4 3 2 1 1 1 1 1 1 
25 23 22 22 15 15 14 14 13 11 10 9 7 7 7 7 5 5 5 5 5 5 4 3 3 2 1 1 1 1 1 1 
25 23 22 19 14 14 14 14 11 9 8 8 7 7 5 5 5 5 5 5 5 3 3 3 3 2 1 1 1 1 1 1 
25 22 21 19 14 14 13 11 9 8 8 8 7 7 5 5 5 4 4 4 3 3 3 3 3 2 1 1 1 1 1 1 
24 22 18 18 14 14 12 10 9 8 8 8 7 6 5 5 5 4 4 4 3 3 3 3 3 2 1 1 1 1 1 1 
24 22 18 18 14 13 12 10 9 8 8 8 7 6 5 5 3 3 3 3 3 3 3 3 3 1 1 1 1 1 1 1 
23 22 18 18 14 13 12 10 9 8 8 8 7 5 5 5 3 3 3 3 3 3 3 2 1 1 1 1 1 1 
23 22 18 18 14 12 12 10 8 8 8 8 6 5 5 5 3 3 3 3 3 3 2 2 1 1 1 1 1 
23 22 18 16 14 12 9 9 8 8 8 6 5 5 5 4 3 3 3 3 3 2 2 2 1 1 1 1 
22 22 18 16 14 12 9 9 8 8 8 6 5 5 5 4 3 3 3 3 3 2 2 2 1 1 1 1 
22 20 18 16 14 10 9 9 7 7 7 6 5 4 4 4 3 3 3 3 3 2 2 2 1 1 1 1 
22 20 17 16 13 10 9 9 7 7 7 6 5 4 4 3 3 3 3 3 2 2 2 2 1 1 1 1 
22 19 17 16 13 9 8 8 7 7 7 6 5 4 3 3 3 3 3 3 2 1 1 1 1 1 1 
22 19 16 16 12 8 8 8 7 7 6 6 5 4 3 3 3 3 3 2 2 1 1 1 1 1 1 
22 17 16 14 12 8 8 7 6 6 6 5 5 4 3 3 3 3 2 2 1 1 1 1 1 1 1 
19 16 16 14 12 8 8 7 6 4 4 4 4 3 3 3 3 2 2 2 1 1 1 1 1 1 1 
19 16 14 14 12 8 7 7 6 4 4 4 3 3 3 3 3 2 2 2 1 1 1 1 1 1 1 
19 16 14 14 11 7 7 7 6 4 4 3 3 3 3 3 3 2 2 2 1 1 1 1 1 1 
19 16 13 12 11 7 7 7 5 4 4 3 3 3 3 3 3 2 2 1 1 1 1 1 1 
19 16 13 12 11 7 7 5 5 4 4 3 3 3 3 3 3 2 2 1 1 1 1 1 
19 14 13 12 10 7 6 5 5 4 4 3 3 3 3 3 2 2 2 1 1 1 1 
17 14 13 11 9 7 5 5 4 4 4 3 3 3 3 3 2 2 1 1 1 1 1 
17 14 12 11 9 7 5 5 4 4 4 3 3 3 3 2 1 1 1 1 1 1 1 
15 14 12 11 9 7 5 5 4 4 3 3 3 3 2 1 1 1 1 1 1 1 1 
15 14 12 11 9 7 5 5 4 4 3 3 3 3 1 1 1 1 1 1 1 1 
13 13 12 11 9 6 5 4 4 3 3 3 3 2 1 1 1 1 1 
13 13 12 11 8 5 4 4 4 3 3 3 2 2 1 1 1 1 1 
12 12 12 10 8 5 4 4 3 3 3 3 1 1 1 1 1 1 1 
12 12 12 10 6 5 4 3 3 3 2 2 1 1 1 1 1 1 1 
12 11 10 10 6 5 4 3 3 3 2 2 1 1 1 1 1 1 1 
12 11 10 10 6 5 4 3 3 3 2 2 1 1 1 1 1 1 
12 11 10 10 6 4 4 3 3 3 2 2 1 1 1 1 
12 11 10 10 6 4 4 3 3 3 2 2 1 1 1 
12 11 10 10 6 4 3 3 3 3 2 2 1 1 
12 11 10 10 6 4 3 3 3 3 2 2 1 1 
11 11 9 7 5 4 3 3 3 3 2 2 1 
11 11 9 7 5 4 3 3 3 2 2 1 
11 9 9 6 5 4 3 3 3 1 1 1 
10 9 8 6 5 4 3 2 2 1 1 1 
10 9 8 6 5 4 3 2 1 1 1 
10 9 8 6 5 3 3 1 1 1 1 
10 9 7 6 4 3 3 1 1 1 1 
10 9 6 6 4 3 2 1 1 1 1 
10 7 6 5 4 2 2 1 
10 7 6 5 2 2 2 1 
10 7 6 5 2 2 
10 7 5 5 2 2 
10 7 4 4 2 2 
10 7 4 4 2 2 
9 7 4 4 2 2 
9 7 4 4 2 2 
9 7 4 4 2 1 
8 6 4 3 2 1 
8 5 4 2 2 1 
7 5 4 2 2 1 
7 5 4 2 2 1 
7 5 4 2 1 1 
6 5 4 2 1 1 
4 4 4 2 1 1 
4 3 3 2 1 1 
4 3 3 2 1 1 
4 3 3 2 1 1 
4 3 3 2 1 1 
4 3 2 2 1 1 
4 3 2 2 1 
4 3 2 2 1 
4 3 2 1 1 
4 3 2 1 1 
4 3 2 1 1 
4 3 2 1 
4 3 2 1 
4 3 2 1 
4 3 2 1 
4 3 2 1 
4 3 2 1 
4 3 2 1 
4 3 2 1 
4 3 2 1 
4 3 2 1 
4 3 2 1 
4 3 1 1 
4 3 1 1 
4 3 1 1 
3 2 1 1 
2 2 1 
1 1 1 
1 1 1 
1 1 1 
1 1 
1 1 
1 1 
1 1 
1 
1 
1 
1 
1 
1 
1 
1 
1 
1 
