171 160 154 150 143 121 120 119 118 115 115 109 108 102 98 96 90 88 85 83 81 76 73 73 72 69 68 67 67 64 64 64 60 59 58 58 58 58 56 52 52 50 50 50 49 48 47 47 44 42 42 42 42 40 39 38 38 38 38 36 36 35 34 34 33 32 30 30 30 30 29 29 27 27 27 26 26 26 25 25 25 23 23 23 21 21 21 19 19 19 19 19 17 15 15 15 15 14 14 14 13 13 13 12 12 11 11 11 11 11 10 9 9 9 9 9 9 9 9 9 9 9 8 8 8 6 6 6 6 6 6 6 5 5 5 5 5 5 5 5 5 5 2 2 2 2 2 2 2 2 2 2 2 2 2 1 1 1 1 1 1 1 1 1 1 1 1 1 1 1 1 1 
160 147 144 128 124 120 103 101 101 100 100 99 98 97 93 92 79 76 75 72 67 67 60 60 60 60 57 57 57 57 55 55 54 53 52 49 49 49 49 49 47 46 44 44 44 43 42 42 42 40 40 37 37 37 37 31 30 29 29 28 26 26 26 25 24 24 23 22 22 22 22 22 22 22 22 22 21 21 21 21 20 18 18 16 16 16 16 15 13 13 13 13 13 13 13 13 12 12 12 12 12 12 12 11 9 9 9 9 9 9 9 9 9 9 9 7 7 7 7 7 7 7 6 6 5 5 5 5 4 4 4 3 3 3 3 3 3 3 3 3 2 2 2 2 2 2 2 2 2 2 2 2 2 1 1 1 1 1 1 1 1 1 1 1 1 1 
154 143 134 102 102 100 98 98 90 90 89 87 81 78 78 77 77 74 69 68 67 66 60 58 58 57 57 49 49 49 48 48 47 46 46 45 44 43 43 42 39 39 39 39 39 39 39 39 39 38 37 37 35 35 33 31 28 28 27 27 25 24 23 23 22 22 22 22 22 21 21 21 21 20 20 19 19 19 17 15 15 15 15 15 15 15 15 14 12 12 12 12 12 11 10 10 10 10 10 10 10 10 10 8 8 7 6 6 6 5 4 4 4 3 3 3 3 3 3 3 3 3 3 3 3 3 3 3 2 2 2 2 2 2 2 2 2 2 2 1 1 1 1 1 1 1 1 1 1 1 1 1 1 1 1 1 1 1 1 1 1 1 1 1 1 1 
151 131 129 101 101 91 91 88 87 85 84 77 77 77 76 76 72 70 69 65 65 65 60 58 53 53 52 49 49 48 47 47 47 45 45 44 43 40 40 37 37 37 37 37 37 36 36 34 33 33 33 32 32 29 29 29 27 27 25 24 24 23 23 23 21 21 19 19 18 18 18 16 15 15 15 14 14 13 11 11 11 11 11 11 10 10 10 10 9 8 7 7 7 7 7 7 7 7 7 7 7 7 6 6 6 6 6 4 4 3 3 3 3 3 3 3 3 3 3 3 3 2 2 2 2 2 2 2 2 2 2 2 2 2 1 1 1 1 1 1 1 1 1 1 1 1 1 
144 127 119 99 98 89 89 88 87 82 82 77 77 76 70 68 68 66 65 62 61 60 54 53 51 50 50 49 45 44 44 44 44 44 44 43 39 39 39 37 37 37 37 34 34 33 33 32 27 26 26 26 25 25 25 25 25 25 24 24 23 23 19 19 17 17 17 16 16 16 16 15 10 10 10 10 10 10 10 10 10 10 10 10 10 9 9 9 8 8 7 7 7 7 7 7 7 7 6 6 6 6 6 6 4 4 4 3 3 3 3 3 3 3 3 3 3 3 3 3 2 2 2 2 2 2 2 2 1 1 1 
140 120 99 96 96 88 88 87 85 82 77 75 74 73 70 68 65 63 63 61 57 56 51 48 48 47 47 46 45 44 44 44 44 39 39 39 37 35 35 34 32 32 32 32 30 30 30 29 26 26 26 26 25 25 24 24 22 22 21 20 20 20 19 17 17 16 16 15 15 15 15 14 10 10 10 10 10 10 10 9 9 9 8 8 8 8 8 8 7 7 7 7 7 7 7 6 6 6 6 5 5 5 5 4 4 4 4 3 3 3 3 3 3 3 3 2 2 2 2 2 2 2 2 2 2 2 2 1 1 
122 116 97 96 94 88 87 86 85 78 71 70 70 70 68 64 64 62 62 59 57 55 51 48 47 47 47 45 45 44 42 42 40 38 38 38 36 32 32 32 32 32 32 30 30 30 29 29 26 26 26 23 23 22 21 20 20 20 20 20 18 16 16 15 15 15 15 15 14 14 14 12 10 10 10 10 10 10 10 9 8 7 7 7 7 6 5 5 5 5 5 5 5 5 5 4 2 2 2 2 2 2 2 2 2 2 2 2 2 2 2 2 2 2 2 2 2 2 2 2 2 2 2 1 1 1 1 1 1 
114 109 94 94 90 88 87 85 78 77 71 69 69 68 65 64 60 60 60 52 52 50 49 47 47 46 46 45 44 43 42 39 39 35 35 35 35 31 30 30 30 30 29 28 28 27 26 26 24 24 23 22 22 22 21 20 19 18 18 15 15 15 15 14 13 13 12 12 11 11 11 10 9 9 8 8 7 7 6 6 6 6 6 4 4 4 4 4 4 4 4 4 4 4 4 3 2 2 2 2 2 2 2 2 2 2 2 2 2 2 2 2 2 2 2 2 2 2 1 1 1 1 1 1 1 1 
110 108 94 94 89 87 82 79 77 75 71 69 66 66 65 62 59 59 58 52 51 48 48 47 46 46 46 45 43 42 40 39 37 35 35 33 33 30 30 30 28 28 28 28 28 25 25 21 21 21 21 21 21 20 20 20 16 16 14 14 14 14 14 13 12 12 11 11 10 9 9 9 7 7 7 7 7 6 6 6 5 4 4 3 3 3 2 2 2 2 2 2 2 2 2 2 2 2 2 2 2 2 2 2 2 2 2 2 2 2 2 2 2 2 2 2 
108 107 94 93 87 84 77 73 73 73 70 67 66 66 61 61 59 56 54 52 50 48 48 47 46 46 44 42 42 39 37 37 33 32 32 31 31 30 30 30 27 27 27 27 26 24 23 21 21 21 20 20 20 18 18 16 14 14 14 13 13 13 13 13 11 11 11 10 10 9 9 7 6 6 6 4 4 4 4 4 4 3 3 3 2 2 2 2 2 2 2 2 2 2 2 2 2 2 2 2 2 2 2 2 2 2 2 2 2 2 2 2 1 1 1 1 
108 105 93 89 86 84 73 72 71 69 69 65 62 62 61 59 54 50 50 47 47 45 45 44 44 42 40 40 40 38 37 34 32 31 31 29 29 29 29 28 27 27 26 26 23 22 18 18 18 17 17 16 16 13 13 13 11 11 11 11 10 10 10 10 9 9 9 7 7 7 7 7 6 4 4 4 4 4 4 4 4 3 3 3 2 2 2 2 2 2 2 2 2 2 2 2 2 2 2 2 2 2 2 2 1 1 1 1 1 1 1 1 
107 98 93 89 80 79 72 71 69 67 59 58 56 55 53 53 51 49 49 44 43 41 40 39 39 38 38 38 38 37 36 33 30 30 30 29 29 28 28 27 23 21 21 20 20 19 17 14 14 14 13 11 11 11 11 10 10 10 10 10 9 9 9 9 9 9 8 7 7 7 6 5 5 4 4 3 3 3 3 3 3 3 3 3 2 2 2 2 2 2 2 2 2 2 2 2 2 2 2 2 1 1 1 1 1 
96 92 92 89 80 78 72 70 67 65 57 55 55 54 52 52 50 49 47 41 41 40 40 39 38 38 33 33 33 33 33 30 30 30 30 29 29 25 23 22 20 20 20 20 20 16 15 14 13 13 11 11 11 11 11 10 10 10 10 10 9 8 8 8 8 8 8 7 7 5 4 4 4 4 4 3 2 2 2 2 2 2 2 2 2 2 2 2 2 2 2 2 2 2 2 2 2 2 2 1 1 1 1 1 1 
95 90 90 83 78 74 72 70 64 61 56 52 51 47 45 43 42 41 40 40 40 40 39 38 38 37 33 33 33 32 31 29 28 28 26 25 25 24 22 20 20 17 17 16 14 14 14 13 13 13 11 11 11 11 11 10 10 10 10 8 8 8 8 8 8 8 8 7 7 4 4 2 2 2 2 2 2 2 2 2 2 2 2 2 2 2 2 2 2 2 2 2 2 2 2 2 1 1 
92 87 83 82 78 73 68 64 63 61 56 46 46 44 42 42 41 39 39 39 39 38 38 38 35 33 33 31 28 28 28 28 28 27 26 25 25 23 22 20 19 17 16 16 13 12 11 11 11 11 11 11 9 9 9 9 9 9 8 8 8 8 8 7 7 4 4 4 4 4 4 2 2 2 2 2 2 2 2 2 2 2 2 2 2 2 2 2 2 2 2 2 2 2 2 2 1 1 
89 86 80 79 75 67 64 62 61 56 55 44 44 44 41 41 39 39 39 38 38 38 33 33 33 31 30 29 28 27 27 25 23 23 23 23 23 21 17 16 16 14 13 12 12 12 11 11 11 11 11 10 9 9 8 8 7 7 7 7 6 5 5 5 4 4 4 4 4 4 4 2 2 2 2 2 2 2 2 2 2 2 2 1 
89 86 78 70 70 64 64 62 60 54 51 44 43 43 41 40 38 38 38 38 34 34 33 33 33 28 27 24 24 24 24 24 23 22 21 20 19 19 16 16 14 14 12 12 12 12 11 10 10 10 10 10 9 9 5 5 5 5 5 5 5 5 4 4 4 4 4 3 3 3 3 2 2 2 2 2 2 2 2 2 2 1 1 1 
87 86 71 68 67 63 61 60 56 53 50 44 42 39 38 37 36 36 36 33 33 33 33 33 32 25 24 24 24 24 21 21 20 19 19 19 17 15 15 15 14 14 12 12 12 12 11 9 8 7 7 7 7 7 5 4 4 4 4 4 4 4 4 4 4 4 4 3 3 3 3 2 2 2 2 2 2 2 2 2 2 1 
85 85 71 66 65 60 59 56 56 52 49 44 42 39 38 36 35 35 35 33 32 32 32 31 28 24 24 24 24 24 20 20 20 19 17 17 16 14 14 14 14 14 12 10 10 10 10 8 7 7 6 6 6 6 4 4 4 4 4 4 4 4 4 4 4 3 3 3 3 3 2 2 2 2 2 2 2 2 1 1 1 
84 81 70 66 64 59 59 56 54 51 46 43 42 36 35 33 32 32 32 32 32 31 31 30 28 24 24 24 23 23 20 19 17 17 16 15 15 13 13 13 12 12 11 10 9 9 9 8 6 6 6 6 6 4 4 4 4 4 4 4 4 4 4 4 3 3 3 2 2 2 2 2 2 2 2 2 2 1 
84 76 70 60 60 59 58 54 50 48 43 42 41 35 34 32 32 32 32 31 31 30 29 28 27 24 24 21 18 17 17 17 14 14 14 13 13 13 13 12 11 10 10 10 9 9 8 7 6 6 6 6 5 4 4 4 4 4 4 4 4 4 4 3 3 3 2 2 2 2 2 1 1 1 1 1 1 
83 75 70 60 60 55 53 53 47 45 41 40 40 35 32 32 32 31 31 31 31 30 29 28 27 24 22 21 17 17 16 15 14 14 14 13 13 13 13 12 10 9 9 9 9 9 8 7 6 6 5 5 5 4 4 4 4 4 4 4 3 3 3 3 2 2 2 2 2 2 2 1 1 1 1 1 
80 75 67 60 59 55 51 47 45 45 40 40 39 34 32 31 31 31 31 31 31 30 27 27 25 22 22 19 15 15 14 14 14 14 13 13 13 12 12 11 10 9 9 9 9 7 7 6 6 5 5 4 4 4 4 4 4 4 4 3 3 3 3 3 2 2 2 2 2 1 1 1 1 1 1 1 
74 74 67 59 58 55 48 47 45 43 40 40 38 33 32 31 31 31 31 29 29 27 22 22 20 19 19 15 15 14 14 14 13 13 13 13 13 12 11 11 9 9 9 9 8 7 6 5 5 4 4 4 4 4 4 4 4 4 4 3 3 3 3 2 2 2 2 2 1 1 1 1 1 1 1 
74 74 67 58 57 55 48 45 45 43 40 40 38 32 32 31 31 31 30 29 27 25 20 19 19 19 19 14 14 14 14 13 12 11 11 11 11 11 10 10 9 8 8 8 5 5 5 5 5 4 4 4 4 4 4 4 4 3 3 3 3 3 2 2 2 2 2 1 1 1 1 1 1 1 
74 67 66 58 55 55 46 44 42 42 40 40 38 32 31 31 31 31 27 25 24 23 19 19 18 17 17 14 14 14 14 13 11 11 11 11 11 11 9 9 9 8 8 7 5 5 5 5 4 4 4 4 4 3 3 3 3 3 3 2 2 2 2 1 1 1 1 1 1 1 1 1 
72 65 65 58 55 52 46 44 40 40 40 36 36 31 31 30 30 30 27 25 23 23 19 19 18 16 15 14 11 11 11 11 11 11 10 10 9 9 8 8 8 8 7 7 5 4 4 4 4 4 4 4 3 2 2 2 2 2 2 2 2 2 1 1 1 1 1 1 1 1 
70 65 59 52 49 49 46 44 40 40 38 36 36 30 30 30 30 28 26 25 23 22 18 17 17 16 13 13 11 11 11 11 11 11 9 8 8 8 8 8 7 7 7 5 5 4 4 4 4 4 3 2 2 2 2 2 2 2 1 1 1 1 1 1 1 1 1 1 1 
70 65 57 51 48 48 45 43 40 38 38 36 35 30 30 29 27 26 24 24 23 20 18 17 17 16 13 13 10 10 10 10 9 9 8 8 8 7 7 7 6 5 5 5 5 4 4 4 3 3 3 2 2 2 2 2 2 2 1 1 1 1 1 1 1 1 1 
66 60 57 51 47 46 43 42 39 38 38 35 30 30 30 29 26 25 23 23 19 19 18 17 14 14 13 12 10 10 10 9 9 8 8 8 7 5 5 5 5 5 5 5 4 3 3 3 3 3 3 2 2 2 2 2 2 2 1 1 1 1 1 1 1 1 1 
65 58 57 49 44 44 42 41 38 38 36 35 30 29 29 29 26 23 23 22 19 19 16 15 14 13 13 11 10 10 9 9 9 8 7 6 6 5 5 5 5 4 4 4 4 3 3 3 3 3 3 2 2 2 2 2 2 1 1 1 1 1 1 1 1 1 
64 56 54 49 44 41 41 38 37 37 34 34 30 28 28 28 22 21 21 20 18 17 15 15 14 12 11 10 10 10 9 9 8 8 6 6 6 5 5 5 4 4 4 4 3 3 3 3 3 2 2 2 2 2 2 2 2 1 1 1 1 1 1 1 1 1 
61 52 50 47 44 41 39 38 35 32 32 31 30 28 28 28 22 21 21 20 18 17 15 15 13 11 11 10 10 9 9 8 8 8 6 6 5 5 5 5 4 4 4 4 3 3 3 2 2 2 2 2 2 2 2 2 2 1 1 1 1 1 1 1 
61 50 47 47 43 41 39 36 34 32 31 31 30 27 27 24 21 21 20 19 18 17 14 13 13 11 10 9 8 8 8 6 6 6 6 6 5 5 4 4 4 4 4 3 3 3 3 2 2 2 2 2 1 1 1 1 1 1 1 1 1 1 1 1 
57 48 46 46 43 40 37 36 32 31 30 29 28 26 26 23 20 20 20 18 18 16 14 13 9 9 9 8 7 7 7 6 6 6 6 6 5 5 4 4 4 3 3 3 3 2 2 2 2 2 2 2 1 1 1 1 1 1 1 1 1 1 1 
56 47 46 44 43 37 37 35 32 31 29 25 25 25 24 22 20 19 18 18 17 16 14 12 9 9 9 7 7 6 6 6 6 6 6 5 5 5 4 4 3 3 3 2 2 2 2 2 2 2 2 1 1 1 1 1 1 1 1 1 1 1 
56 47 46 43 42 35 35 34 32 31 26 25 25 25 24 22 20 18 18 17 17 15 14 11 8 8 8 7 7 6 6 6 6 6 5 5 5 4 4 3 3 2 2 2 2 2 2 2 2 1 1 1 1 1 1 1 1 1 1 1 1 
55 47 46 43 42 35 34 34 31 30 26 25 25 24 23 22 19 18 18 15 15 12 12 10 8 8 7 7 6 6 6 6 6 5 5 5 4 4 4 3 2 2 2 2 2 2 2 1 1 1 1 1 1 1 1 1 
52 46 45 42 39 34 34 34 30 29 25 25 25 23 23 21 18 18 18 15 14 11 10 10 8 8 7 6 6 6 5 5 5 4 4 4 4 4 3 3 2 2 2 2 1 1 1 1 1 1 1 1 1 1 1 
52 45 45 40 38 34 32 30 29 29 25 25 23 21 21 21 18 18 18 15 11 11 10 9 8 8 6 6 5 5 5 4 4 4 4 4 4 4 2 2 2 2 2 2 1 1 1 1 1 1 1 1 1 1 1 
51 45 43 40 38 34 31 30 29 28 25 24 23 19 19 19 18 18 17 15 11 10 9 8 8 8 6 6 5 5 5 4 4 4 4 4 4 3 2 2 2 2 2 1 1 1 1 1 1 1 1 1 1 1 1 
51 45 42 40 38 34 28 28 27 26 24 23 23 19 19 19 18 18 16 14 11 10 9 8 8 8 5 5 5 5 5 4 4 3 3 3 3 3 2 2 2 1 1 1 1 1 1 1 1 1 1 
43 42 41 35 35 30 28 27 27 25 24 22 21 19 19 19 18 15 15 14 11 10 9 8 8 7 5 5 5 5 5 4 4 3 3 3 3 2 2 1 1 1 1 1 1 1 1 1 
42 42 38 35 35 30 27 27 26 25 24 22 21 19 19 17 17 15 15 14 11 8 8 8 7 6 5 5 5 5 5 4 4 3 3 3 1 1 1 1 1 1 1 1 1 1 1 1 
42 41 38 34 34 30 27 27 25 25 24 22 20 19 19 17 17 15 15 14 10 8 8 7 7 5 5 5 5 5 4 3 3 3 3 3 1 1 1 1 1 1 1 1 1 1 1 1 
42 41 38 34 33 28 26 25 24 24 24 21 20 19 19 17 15 13 13 13 10 8 8 7 5 5 5 5 5 4 4 3 3 3 3 3 1 1 1 1 1 1 1 1 1 1 1 1 
42 41 37 34 32 25 25 25 24 24 21 20 20 19 19 15 14 13 13 11 10 8 7 6 5 5 5 5 5 3 3 3 3 3 2 1 1 1 1 1 1 1 1 1 1 1 1 
42 40 35 34 31 25 25 25 24 23 21 20 20 18 18 15 14 13 12 10 8 8 7 5 5 5 5 5 4 3 3 3 3 3 2 1 1 1 1 1 1 1 1 1 
42 37 34 33 30 25 23 23 23 21 21 20 17 17 17 14 14 13 10 10 8 7 7 5 5 5 5 4 4 3 3 3 3 3 1 1 1 1 1 1 1 1 1 1 
41 37 34 31 30 25 23 23 23 21 20 19 17 17 17 14 13 13 9 9 8 6 5 5 5 4 4 3 3 3 3 3 1 1 1 1 1 1 1 1 1 1 
41 37 34 30 30 25 23 23 22 21 20 19 17 17 16 14 13 12 8 7 6 5 4 4 3 3 3 3 3 3 1 1 1 1 1 1 1 1 1 1 
40 35 34 29 28 24 23 23 22 21 20 18 17 17 15 14 13 11 7 5 5 5 4 4 3 3 3 2 2 2 1 1 1 1 1 1 1 1 1 
39 35 34 29 27 23 22 22 22 20 18 17 17 15 14 14 11 11 7 5 4 4 3 3 3 3 3 2 2 2 1 1 1 1 1 1 1 
36 34 33 27 26 23 22 22 19 19 18 17 16 15 14 11 11 9 7 4 4 4 3 3 3 3 3 1 1 1 1 1 1 1 1 1 
35 34 30 27 25 22 22 21 19 19 16 16 15 15 13 11 10 7 6 4 4 3 3 3 3 3 2 1 1 1 1 1 1 1 1 1 
35 32 29 26 25 22 22 20 19 17 16 15 15 14 12 10 9 7 6 3 3 3 3 3 2 2 2 1 1 1 1 1 1 1 1 1 
35 31 29 25 25 22 20 20 18 16 16 15 15 13 11 8 8 7 6 3 3 3 3 2 2 1 1 1 1 1 1 1 1 1 1 1 
34 31 27 25 25 22 20 20 18 15 15 12 12 12 11 8 7 7 5 3 3 3 3 2 2 1 1 1 1 1 1 1 1 1 1 
31 30 27 25 24 22 18 18 16 13 12 12 12 12 11 7 5 5 4 3 3 3 3 2 2 1 1 1 1 1 1 1 1 1 1 
31 29 26 25 24 22 18 18 15 12 12 12 11 11 5 5 5 5 4 3 3 3 3 2 2 1 1 1 1 1 1 1 1 1 1 
30 28 26 24 20 20 17 17 15 12 12 12 10 10 5 5 5 4 4 3 3 3 2 2 2 1 1 1 1 1 1 1 1 1 1 
30 28 25 20 20 20 17 17 15 12 12 11 10 10 5 5 5 4 4 3 3 3 2 2 2 1 1 1 1 1 1 1 1 
30 27 24 20 19 19 16 16 14 12 12 11 10 10 5 5 4 4 4 3 3 3 2 2 2 1 1 1 1 1 1 1 1 
30 26 24 20 19 19 16 14 13 12 12 11 10 9 5 5 4 4 4 3 3 3 2 2 2 1 1 1 1 1 1 1 1 
30 26 24 19 19 17 16 13 12 11 11 11 10 9 5 5 4 4 4 3 3 3 2 2 1 1 1 1 1 1 1 1 1 
30 25 24 19 18 17 15 12 11 11 11 11 9 9 5 5 4 4 4 3 3 2 2 2 1 1 1 1 1 1 1 1 
28 24 24 19 18 17 15 11 11 11 11 9 9 6 5 5 4 4 3 3 3 2 2 1 1 1 1 1 1 1 1 1 
28 24 23 19 18 17 15 11 11 11 11 9 8 6 5 5 4 4 3 3 3 2 2 1 1 1 1 1 1 1 1 1 
28 22 21 19 18 17 14 11 11 11 11 9 8 5 5 5 4 4 3 3 2 2 1 1 1 1 1 1 1 1 1 1 
28 21 21 19 18 15 14 11 11 11 10 8 8 5 5 4 3 3 3 2 2 2 1 1 1 1 1 1 1 1 
27 21 20 19 18 14 12 11 11 10 10 8 8 5 5 4 3 2 2 2 2 2 1 1 1 1 1 1 1 1 
27 21 20 19 16 13 12 11 11 10 10 8 7 5 5 4 2 2 2 2 2 2 1 1 1 1 1 1 1 1 
26 21 20 18 16 13 10 10 10 10 9 6 6 5 5 3 2 2 2 2 2 1 1 1 1 1 1 1 1 
23 21 20 18 16 13 10 10 10 9 9 6 6 4 4 3 2 2 2 2 2 1 1 1 1 1 1 1 
23 20 20 18 16 13 10 10 10 9 9 6 6 4 4 3 2 2 2 2 1 1 1 1 1 1 1 1 
23 20 19 16 16 13 10 10 10 9 8 6 6 4 4 3 2 2 2 2 1 1 1 1 1 1 
23 20 18 16 16 13 10 10 9 8 7 6 6 4 4 2 2 2 2 1 1 1 1 1 1 1 
23 19 18 16 16 12 10 10 9 7 7 6 6 4 3 2 2 2 1 1 1 1 1 1 1 
22 19 18 16 15 11 10 10 9 7 7 6 5 4 3 2 2 2 1 1 1 1 1 
22 18 18 16 15 11 10 8 8 7 6 6 5 4 2 2 2 2 1 1 1 1 
22 18 18 16 15 11 10 7 7 7 6 6 5 3 2 2 2 2 1 1 1 1 
21 18 18 16 13 11 10 7 7 6 6 5 4 3 2 2 1 1 1 1 1 
21 18 17 14 13 11 10 7 6 6 6 5 4 3 2 2 1 1 1 1 
21 18 17 13 13 11 10 7 6 6 6 4 4 3 2 2 1 1 1 
19 17 13 12 12 11 10 7 6 6 6 4 4 3 2 2 1 1 1 
18 17 12 12 12 11 10 7 6 6 5 4 3 3 2 2 1 1 1 
18 17 12 12 11 10 10 7 6 6 5 4 3 3 2 2 1 1 1 
18 17 12 12 10 9 9 7 6 6 5 4 3 2 2 2 1 
18 17 12 12 10 9 9 7 6 6 5 4 3 2 2 2 1 
18 17 12 11 9 9 8 7 6 6 5 4 3 2 2 1 1 
18 17 12 11 9 9 8 7 6 6 5 4 3 2 2 1 1 
18 16 12 11 9 8 8 7 6 6 4 3 2 2 2 1 1 
16 14 11 11 9 8 7 6 5 5 3 3 2 2 2 1 1 
16 12 11 11 9 8 7 5 5 4 3 2 2 2 2 1 1 
16 12 11 10 9 8 7 5 5 4 3 2 2 2 2 1 
16 11 11 10 9 8 7 5 5 4 3 2 2 2 2 1 
16 11 10 9 9 7 6 5 4 3 3 2 2 2 2 1 
16 11 10 9 7 7 5 5 4 3 2 2 2 2 2 1 
15 11 9 9 7 6 5 4 4 3 2 2 2 1 1 
13 11 9 8 7 6 5 4 4 2 2 2 2 1 1 
13 9 9 7 6 6 5 4 3 2 2 2 2 1 1 
13 9 7 6 6 6 5 4 3 2 2 1 1 1 1 
13 9 7 6 6 5 5 3 3 2 2 1 1 1 1 
13 9 7 6 6 5 4 3 2 2 2 1 1 1 
11 9 7 6 6 4 3 3 2 2 1 1 1 
11 9 7 6 5 4 3 3 2 2 1 1 
11 9 7 6 5 4 3 3 2 2 1 1 
11 8 7 6 4 4 3 3 2 2 1 1 
11 8 7 4 4 4 3 3 2 2 1 1 
10 8 6 4 4 3 3 3 2 1 1 1 
10 8 6 4 3 3 3 2 1 1 1 1 
9 8 6 4 3 3 2 2 1 1 1 1 
9 6 6 3 3 3 2 2 1 1 1 1 
8 6 6 3 3 3 2 2 1 
8 6 5 3 3 3 2 2 1 
8 6 5 3 3 3 2 2 1 
8 5 4 3 3 3 2 2 1 
8 5 4 3 3 3 2 2 1 
8 5 4 3 3 2 2 2 1 
7 5 4 3 3 2 2 1 1 
7 5 4 3 3 2 2 1 1 
7 5 4 3 3 2 2 1 1 
7 5 3 3 3 2 2 1 
6 5 3 3 3 2 2 1 
6 5 3 3 3 2 1 1 
6 5 3 3 2 2 1 1 
5 3 3 2 2 1 1 1 
5 3 3 2 2 1 1 
5 3 2 2 2 1 1 
5 3 2 2 2 1 1 
4 3 2 2 2 1 
4 3 2 2 2 1 
4 3 2 2 1 1 
4 3 2 2 1 1 
4 3 2 2 1 1 
4 3 2 2 1 1 
3 3 2 2 1 1 
3 3 2 2 1 1 
3 3 2 2 1 
3 3 2 2 1 
3 3 2 2 1 
3 2 2 2 1 
3 2 1 1 1 
3 1 1 1 1 
3 1 1 1 1 
3 1 1 1 
3 1 1 1 
2 1 1 1 
2 1 1 1 
2 1 1 1 
2 1 1 1 
2 1 1 1 
2 1 1 1 
2 1 1 1 
2 1 1 1 
2 1 1 1 
2 1 1 1 
2 1 1 
2 1 1 
2 1 1 
2 1 1 
2 1 1 
2 1 1 
2 1 1 
2 1 1 
2 1 1 
2 1 1 
2 1 1 
2 1 
2 1 
2 1 
2 1 
1 1 
1 
1 
1 
1 
1 
1 
1 
1 
1 
1 
1 
1 
1 
1 
1 
1 
1 
