165 156 156 138 137 132 115 109 109 109 105 103 101 100 98 97 91 88 84 81 79 79 78 76 74 73 73 73 72 71 67 67 64 64 59 58 56 54 53 53 50 50 50 50 48 46 46 44 43 40 40 39 39 37 37 37 35 34 34 33 29 29 29 26 25 25 25 25 24 24 24 24 24 24 23 21 20 20 20 20 20 20 20 20 19 19 19 19 19 18 17 16 16 16 16 16 14 14 14 13 13 13 13 13 13 12 11 11 11 6 6 6 6 6 6 6 6 6 6 6 6 6 6 6 6 6 6 6 6 5 5 5 5 5 5 5 5 5 4 4 4 4 4 4 4 4 2 2 2 2 2 2 2 2 2 2 2 2 2 2 2 2 1 1 1 1 1 
164 156 148 132 130 127 114 109 107 102 101 100 100 94 92 88 82 82 80 75 73 70 69 69 64 61 57 56 54 53 51 49 48 47 46 46 46 46 46 45 45 45 44 44 40 39 38 38 37 36 35 34 33 33 33 32 32 30 30 30 27 27 27 25 25 25 25 24 24 24 24 24 23 22 22 20 20 20 20 20 19 18 18 17 17 17 16 15 15 15 15 15 15 15 15 15 14 14 13 13 12 12 11 11 11 10 9 9 8 6 6 6 6 6 6 6 6 6 6 5 5 5 5 5 5 5 5 5 4 4 4 4 4 4 4 4 4 3 1 1 1 1 1 1 1 1 1 1 1 1 1 1 1 1 1 1 1 1 1 1 1 1 1 1 1 
164 149 138 127 125 120 112 109 107 100 98 98 89 87 84 84 82 76 72 69 63 62 62 62 57 56 56 55 53 50 50 49 47 45 44 44 43 41 41 40 40 40 40 40 39 37 37 37 35 35 33 33 33 31 30 30 30 28 26 25 24 21 21 21 21 21 21 21 20 20 20 19 19 19 19 19 18 18 18 18 18 16 15 15 15 12 12 9 9 9 9 9 9 9 9 9 9 9 9 9 9 8 7 7 7 6 6 6 6 5 5 4 4 4 4 4 4 4 4 3 3 3 3 3 3 3 3 3 3 3 3 2 2 2 2 2 2 2 1 1 1 1 1 1 1 
144 130 114 113 110 102 98 98 96 93 91 83 83 80 78 78 78 71 65 65 63 62 60 60 57 53 53 50 49 45 45 45 42 42 41 40 40 40 37 37 36 35 33 33 33 33 33 33 32 29 29 28 28 28 28 28 26 24 24 22 21 21 21 21 21 21 20 20 19 19 19 19 17 17 17 17 16 16 16 15 13 13 13 13 13 11 9 9 9 9 9 9 9 9 9 9 8 7 7 7 7 7 7 7 7 6 6 4 4 4 4 4 3 3 3 3 3 3 2 2 2 2 2 2 2 2 2 2 2 2 2 2 2 1 1 1 1 1 1 1 1 1 
136 123 113 111 108 97 97 95 94 92 80 80 80 75 73 71 69 66 64 62 61 59 56 53 52 50 49 47 46 43 42 42 42 40 35 34 34 34 32 32 32 32 32 32 32 32 31 30 28 28 27 26 26 25 25 25 25 23 23 22 21 21 20 20 20 19 19 19 17 16 16 15 15 15 14 14 14 13 12 12 12 12 12 11 11 11 9 9 9 9 9 7 7 7 7 7 7 7 7 6 6 6 6 4 4 4 4 4 3 3 3 3 2 2 2 2 2 2 2 2 2 2 2 2 2 2 1 1 1 1 1 1 1 1 
124 115 112 110 99 96 87 85 81 78 77 76 72 66 64 63 63 60 59 59 59 57 53 53 51 46 46 44 44 43 42 40 40 40 33 33 33 33 32 32 32 32 32 32 30 29 27 25 25 25 24 23 23 23 23 23 22 20 19 19 19 19 18 18 18 18 18 15 15 15 14 14 14 12 11 10 10 10 10 10 9 9 9 9 9 9 8 8 7 7 7 6 6 6 6 6 6 5 5 5 5 5 5 4 4 4 3 3 3 3 3 3 2 2 2 2 2 2 1 1 1 1 1 1 1 1 1 1 1 1 1 1 1 1 
117 115 105 105 96 96 83 79 79 71 71 70 66 65 63 62 59 59 59 58 55 54 51 49 48 45 45 44 40 36 36 36 36 36 33 33 32 32 32 32 31 31 30 29 29 28 27 24 24 24 24 23 23 23 23 17 17 17 16 14 14 14 14 14 14 14 12 12 11 11 11 11 11 11 10 10 10 10 8 8 8 8 8 8 8 8 8 6 5 5 5 5 5 5 4 4 4 4 3 2 2 2 2 1 1 1 1 1 1 1 1 1 1 1 1 1 1 1 1 1 1 1 1 1 1 1 1 1 1 1 
115 106 105 101 95 94 81 79 73 68 68 67 63 57 57 57 57 56 52 51 47 47 47 47 47 43 40 36 36 36 36 34 34 34 33 32 32 32 32 31 31 28 28 25 24 24 24 24 24 24 22 22 19 19 18 17 17 16 16 14 14 14 12 12 12 12 12 11 11 11 11 11 10 9 9 9 9 9 8 8 8 8 8 7 6 6 6 5 5 5 5 5 5 3 3 2 2 2 1 1 1 1 1 1 1 1 1 1 1 1 1 1 1 1 1 1 1 1 1 1 1 1 1 1 1 1 1 1 
114 106 103 98 94 90 76 75 73 66 66 63 58 57 57 57 57 55 49 48 47 47 47 45 42 41 37 36 35 34 33 33 33 33 33 31 31 30 30 30 30 27 25 25 24 24 23 23 23 23 22 22 18 18 17 15 15 14 13 13 13 13 12 12 12 11 10 10 10 10 10 9 9 9 9 9 9 9 8 8 8 6 5 5 4 4 4 4 4 4 4 4 3 2 2 2 2 1 1 1 1 1 1 1 1 1 1 1 1 1 1 1 1 1 1 1 1 1 1 1 1 1 
106 101 99 95 94 85 75 73 71 66 64 63 58 57 55 53 52 51 48 47 47 44 42 42 42 41 37 35 35 34 33 33 33 32 30 30 30 29 28 28 27 25 25 24 23 23 22 20 18 18 18 17 17 14 13 13 13 13 12 12 12 12 12 12 10 10 10 10 10 9 8 8 6 6 6 6 6 6 6 6 6 5 4 4 4 4 4 4 4 4 2 2 2 2 2 2 1 1 1 1 1 1 1 1 1 1 1 1 1 1 1 1 1 1 1 
100 100 97 92 91 84 75 73 71 65 60 60 56 56 54 52 52 51 47 47 46 44 42 38 38 38 35 34 34 34 30 30 30 28 28 28 28 27 27 26 25 23 22 20 20 20 20 20 18 18 16 15 15 14 13 12 12 12 12 12 12 12 9 9 9 8 7 7 7 7 7 6 6 6 6 6 6 6 5 5 5 5 4 4 4 4 4 3 3 3 2 2 2 2 1 1 1 1 1 1 1 1 1 1 1 1 1 1 1 1 1 1 1 1 
100 100 97 92 89 76 74 67 66 62 60 58 56 56 54 51 51 48 44 42 41 39 39 38 38 38 35 31 31 31 28 28 28 28 28 28 27 25 25 24 24 21 20 20 20 20 19 18 17 16 16 15 15 12 12 12 12 12 12 11 11 10 9 9 8 8 7 7 7 7 6 6 6 6 6 6 6 5 5 5 5 4 4 4 4 4 4 3 3 3 2 2 1 1 1 1 1 1 1 1 1 1 1 1 1 1 1 1 1 1 1 1 1 1 
100 95 94 76 74 73 71 66 62 57 57 54 52 51 49 48 47 45 44 42 40 38 38 37 37 31 31 31 31 29 28 28 28 27 26 26 26 25 24 23 20 19 19 19 19 18 17 17 16 16 14 14 13 12 12 12 12 11 11 11 11 10 9 9 8 7 7 7 7 5 5 5 5 5 5 5 5 5 5 5 4 4 4 4 4 4 3 3 2 2 1 1 1 1 1 1 1 1 1 1 1 1 1 1 1 1 
99 94 91 74 70 70 67 64 59 52 51 51 51 50 49 47 44 43 40 39 38 35 35 35 34 31 31 31 29 28 28 28 27 25 25 25 24 23 23 22 20 19 19 19 14 14 14 14 14 14 14 13 13 12 11 10 9 9 9 8 8 8 8 8 8 7 7 5 5 5 5 5 5 5 5 4 4 4 4 4 4 4 4 4 3 3 2 2 2 1 1 1 1 1 1 1 1 1 1 1 1 1 1 1 1 1 
95 92 88 72 69 69 66 63 54 51 51 48 47 47 46 46 40 40 39 39 38 32 31 30 30 30 30 29 29 28 28 27 27 25 25 22 19 19 19 19 19 17 16 14 14 14 14 14 14 13 13 13 12 12 11 10 9 9 9 8 8 8 8 7 7 7 5 5 5 5 5 5 5 5 4 4 4 4 4 4 4 4 4 4 3 2 2 2 2 1 1 1 1 1 1 1 1 
95 90 86 71 67 66 66 60 52 50 50 46 43 43 43 43 38 38 36 36 36 32 31 30 30 29 29 29 28 28 28 27 26 25 24 21 19 19 19 19 18 16 15 14 14 14 14 14 14 13 13 13 11 11 8 7 7 7 7 6 6 6 6 6 5 5 5 5 5 5 5 5 5 4 4 4 4 4 4 4 3 3 3 3 3 2 2 2 2 1 1 1 1 1 1 
95 86 83 69 66 65 59 59 50 47 46 44 43 42 41 38 38 36 36 31 31 30 30 30 29 27 27 27 27 27 25 25 25 23 20 20 19 17 16 15 15 15 15 14 14 14 14 14 14 13 11 11 10 9 7 6 6 6 6 6 6 6 6 6 5 5 5 4 4 4 4 4 4 4 4 4 4 4 4 4 3 3 3 3 3 2 2 2 1 1 1 1 1 1 1 
95 85 82 69 66 65 59 59 50 46 46 44 43 42 39 38 38 36 35 29 29 29 29 29 28 23 23 23 23 23 23 23 21 17 16 16 16 16 14 14 14 14 14 14 14 12 12 11 11 11 9 9 9 7 6 6 6 6 6 6 5 5 5 5 5 5 5 4 4 4 4 4 4 4 4 4 4 4 3 3 3 2 2 2 1 1 1 1 1 1 1 
83 83 73 67 66 64 59 57 50 46 46 43 43 42 38 37 35 32 31 29 29 28 28 28 28 23 23 23 23 23 23 22 16 16 15 15 14 14 14 13 13 13 13 11 10 10 10 10 10 9 9 9 8 6 6 6 6 5 5 5 5 5 5 5 5 5 5 4 4 4 4 4 4 4 4 4 4 3 3 3 2 2 2 2 1 1 1 1 1 1 
83 81 72 66 65 63 58 55 46 46 45 43 42 36 34 33 32 27 27 27 27 26 26 26 25 23 23 23 23 23 22 19 16 15 15 15 14 14 13 12 12 12 12 10 10 10 9 7 7 7 7 7 7 5 5 5 5 5 5 5 5 5 5 5 5 5 5 4 4 4 4 4 4 3 3 3 3 3 2 2 2 2 2 2 1 
82 75 72 65 65 56 55 54 46 44 43 43 34 31 31 31 31 27 27 27 26 26 25 24 24 23 23 22 22 22 22 17 16 15 15 14 14 14 13 12 12 12 11 10 10 9 8 7 7 7 7 6 6 5 5 5 5 5 5 5 5 5 5 5 5 5 5 4 4 4 4 3 3 3 3 3 3 3 2 2 2 2 2 2 1 
77 72 71 64 64 56 54 53 46 44 43 42 31 31 30 30 28 27 26 26 25 25 24 24 24 23 22 21 21 18 18 16 16 14 14 14 13 13 13 12 11 9 9 9 8 8 7 7 7 7 6 6 5 5 5 5 5 5 5 5 5 5 5 5 4 4 4 4 4 4 4 3 2 2 2 2 2 2 2 2 2 1 
75 72 69 64 63 54 53 53 46 44 43 39 31 31 30 29 26 26 26 26 25 25 24 24 24 22 21 20 19 17 16 15 15 14 14 14 13 13 13 12 10 9 7 7 7 7 7 7 6 6 6 6 5 5 5 5 5 5 5 5 5 5 5 4 4 4 4 3 3 3 3 3 2 2 2 2 2 2 2 1 1 
71 70 69 63 62 54 52 52 43 42 42 39 31 29 29 28 26 26 26 26 25 25 24 22 22 22 19 18 17 16 16 15 14 13 13 13 13 12 11 7 7 7 7 7 7 7 6 6 6 6 6 5 5 5 5 5 5 5 5 4 4 4 4 3 3 3 3 3 3 3 3 3 2 2 2 2 1 1 1 1 
71 70 68 63 60 53 52 49 42 42 38 38 31 29 29 28 26 26 26 26 24 23 23 21 20 20 18 16 16 15 15 15 13 12 12 12 11 11 10 7 7 7 7 7 7 7 6 6 6 6 6 5 5 5 4 4 4 4 4 4 4 4 4 3 3 3 3 3 3 2 2 2 1 1 1 1 1 1 1 1 
70 70 62 60 60 53 45 45 42 41 38 36 31 29 28 28 26 26 26 25 24 22 21 20 20 16 16 16 16 15 14 11 11 11 11 11 11 11 10 7 7 7 7 7 7 7 6 6 6 4 4 4 4 4 4 4 4 4 4 4 4 4 4 3 3 3 3 3 3 2 1 1 1 1 1 1 1 
70 67 57 57 55 53 45 44 42 39 34 34 31 28 27 27 26 26 25 25 23 21 20 19 18 16 16 15 15 14 13 11 11 11 11 11 9 9 9 7 7 7 7 7 6 6 6 6 5 4 4 4 4 4 4 4 4 4 4 3 3 3 3 3 3 3 3 2 2 1 1 1 1 1 1 1 1 
68 64 53 50 49 49 45 43 40 38 34 33 31 28 27 26 26 26 24 24 21 19 19 16 15 15 15 15 14 13 12 11 11 11 11 9 9 9 8 7 7 7 7 7 6 6 6 6 4 4 4 4 4 4 3 3 3 3 3 3 3 3 3 3 3 3 2 2 1 1 1 1 1 1 1 
63 62 52 50 49 49 45 40 40 38 34 32 30 28 26 26 26 25 24 23 20 19 18 15 15 15 15 14 13 12 11 11 10 10 10 9 9 8 8 7 7 7 7 5 4 4 4 4 4 4 4 4 4 3 3 3 3 3 3 3 3 3 3 1 1 
62 61 51 50 48 48 45 40 40 37 32 31 28 27 26 25 25 23 22 21 19 18 15 15 15 15 14 14 12 11 10 10 10 10 10 7 7 7 7 7 7 7 7 5 4 4 4 4 4 4 4 4 3 3 3 3 3 3 3 3 3 2 1 1 1 
62 61 51 49 48 45 44 39 39 37 32 30 26 26 25 25 25 23 21 21 19 18 15 15 14 13 13 12 12 11 10 10 10 10 9 7 7 7 7 7 7 6 6 4 4 4 4 4 4 4 4 4 3 3 3 3 3 3 3 3 2 2 1 
61 58 51 49 47 43 42 39 39 36 31 30 26 25 25 25 24 23 20 19 19 17 15 14 13 13 13 11 11 10 9 9 9 9 8 7 7 7 7 7 7 6 6 4 4 4 4 4 4 4 4 3 3 3 3 2 2 2 1 1 1 1 1 
61 55 51 49 47 42 42 39 36 35 31 30 26 25 25 24 24 22 20 19 17 17 15 14 13 13 12 11 10 10 9 8 7 7 7 7 7 6 6 6 6 5 5 4 4 4 4 4 4 4 4 3 3 3 3 2 2 2 1 1 1 1 
61 54 48 48 47 42 42 39 36 34 31 30 26 25 24 24 24 21 19 19 17 16 15 12 12 12 11 10 9 9 9 7 7 7 7 7 6 6 6 5 5 4 4 4 4 4 4 4 3 3 2 2 2 2 2 2 2 2 1 1 
59 52 48 47 47 42 42 39 35 32 31 30 26 25 24 24 22 21 19 18 17 16 14 12 12 12 11 10 9 9 9 7 7 7 7 7 6 6 6 5 5 4 4 4 4 4 3 3 3 3 2 2 2 2 2 2 1 1 1 1 
59 50 48 39 39 39 39 38 34 32 31 27 26 24 24 22 22 20 16 15 15 15 14 12 11 11 10 10 9 8 7 7 7 6 6 6 6 6 5 5 4 4 4 4 3 3 3 3 2 2 2 2 2 2 1 1 
54 50 47 39 38 36 36 35 33 32 31 25 25 23 23 22 20 19 16 15 15 15 14 12 11 11 10 9 9 8 7 7 6 6 6 6 5 5 5 5 4 4 3 3 3 3 3 3 2 2 2 2 2 1 
54 47 46 38 38 35 35 35 33 30 28 25 25 22 22 22 20 17 16 15 15 14 14 12 11 10 9 8 7 7 7 7 6 6 6 5 5 5 5 4 4 3 3 3 3 3 3 3 2 2 2 2 2 1 
49 47 44 38 38 35 35 33 33 29 27 25 24 22 22 22 19 17 16 15 15 13 13 11 11 8 8 8 7 6 6 6 6 6 6 5 5 5 5 4 3 3 3 3 3 3 3 2 2 2 1 1 1 1 
49 47 42 37 36 35 35 33 27 27 27 25 23 22 22 20 18 15 15 15 14 13 10 9 9 8 8 8 7 6 6 6 5 5 5 5 5 5 5 4 3 3 3 3 3 3 3 2 1 1 1 1 1 1 
49 47 42 36 35 35 35 32 27 27 27 24 22 22 22 20 17 15 15 15 13 12 9 9 9 8 7 7 7 6 6 6 5 5 5 5 5 5 5 4 3 3 3 3 1 1 1 1 1 1 1 1 
49 47 40 36 35 35 34 31 27 27 26 24 22 22 20 19 17 15 15 14 13 11 9 9 8 7 7 7 7 6 6 5 5 4 4 4 3 3 3 3 3 3 3 3 1 1 1 1 1 1 1 1 
49 46 38 36 35 34 33 31 27 27 26 23 22 19 18 18 17 15 15 14 12 11 9 9 8 7 7 6 6 5 5 5 5 4 4 3 3 3 3 3 3 3 3 1 1 1 1 1 1 1 1 1 
47 46 36 36 34 34 32 29 27 27 26 23 22 19 18 17 15 15 13 13 12 11 9 9 7 7 7 6 6 5 5 5 5 4 4 3 3 3 3 3 3 2 2 1 1 1 1 1 1 1 1 1 
46 46 36 36 33 33 32 29 27 27 24 23 21 18 18 14 13 13 13 12 12 10 9 9 7 7 7 6 6 5 5 5 5 4 4 3 3 3 3 3 3 2 2 1 1 1 1 1 1 1 
46 42 36 34 33 33 31 28 27 26 24 22 19 17 17 14 13 12 12 12 12 9 9 9 7 7 7 6 5 5 5 5 4 4 4 3 3 3 3 3 2 2 1 1 1 1 1 1 1 1 
45 42 36 34 33 32 30 27 25 25 24 22 19 16 16 14 13 12 12 12 11 9 9 9 7 7 7 6 5 5 5 3 3 3 3 3 3 3 3 3 2 2 1 1 1 1 1 1 1 1 
45 41 35 34 33 31 29 27 25 24 24 22 19 16 16 14 12 12 11 11 11 9 9 8 7 7 7 6 5 5 3 3 3 3 3 3 3 3 3 1 1 1 1 1 
45 39 35 34 33 31 29 27 24 24 23 21 19 16 14 14 12 12 11 11 11 9 7 7 6 6 6 5 5 5 3 3 3 3 3 2 2 2 1 1 1 1 1 
41 37 35 33 32 30 28 26 24 24 21 20 18 16 14 12 12 12 11 10 9 9 7 7 6 6 5 5 5 5 3 3 3 3 3 2 2 1 1 1 1 1 
41 37 35 33 31 29 28 26 24 23 20 19 17 16 14 12 12 12 10 9 9 9 6 6 5 5 5 4 4 4 3 3 2 2 2 2 2 1 
41 36 35 33 31 27 27 24 24 22 18 18 17 15 13 12 12 11 9 9 9 9 5 5 5 5 5 4 4 3 3 3 2 2 2 2 1 1 
41 35 34 32 30 27 23 23 21 17 17 17 17 14 13 12 10 10 9 9 9 9 5 5 5 5 5 4 4 3 3 3 2 2 2 2 
40 35 33 32 30 26 23 23 19 17 14 14 14 13 13 12 10 10 9 7 7 7 5 5 5 5 5 4 4 3 3 2 2 2 2 1 
38 35 33 32 28 26 23 23 18 17 14 14 14 13 13 11 10 10 8 7 7 7 5 4 4 4 4 4 4 3 2 2 1 1 1 1 
37 35 32 31 28 25 23 23 17 17 14 14 14 13 12 11 10 10 7 7 6 6 5 4 4 4 4 3 1 1 1 1 1 1 1 1 
37 35 32 29 28 25 23 21 17 17 14 13 13 13 12 11 10 10 7 7 6 6 5 4 4 3 2 2 1 1 1 1 1 1 1 
37 34 31 27 27 23 23 21 17 16 14 13 13 13 12 11 9 8 7 6 6 6 5 3 3 3 2 1 1 1 1 1 1 1 1 
36 33 29 27 27 23 20 20 16 15 14 13 12 11 11 11 8 8 6 6 4 4 4 3 3 2 2 1 1 1 1 1 1 1 1 
35 32 28 27 25 23 20 20 16 14 13 13 12 11 11 11 8 8 6 5 4 4 4 3 2 2 2 1 1 1 1 1 1 
35 32 28 27 25 21 20 19 16 14 13 13 11 11 10 10 8 8 5 5 4 4 4 2 2 1 1 1 1 1 1 1 1 
35 31 28 27 25 21 20 18 16 14 13 13 11 11 10 9 8 7 4 4 4 4 3 2 2 1 1 1 1 1 1 1 1 
33 30 28 27 24 21 17 17 16 14 13 12 11 11 10 9 7 6 4 4 3 3 3 2 2 1 1 1 1 1 1 1 1 
32 29 28 25 23 21 17 17 16 14 12 11 10 10 9 8 7 5 4 4 3 3 3 2 2 1 1 1 1 
31 29 28 24 22 19 17 17 16 13 11 11 10 8 7 7 7 5 4 4 3 3 2 2 2 1 1 1 1 
30 29 27 24 21 18 17 17 15 12 11 11 10 8 7 7 7 5 4 3 3 2 2 2 1 1 1 1 
29 27 25 24 20 18 17 15 14 12 11 10 10 8 7 7 7 5 3 3 3 2 2 2 1 1 1 1 
29 27 25 22 20 17 16 14 14 12 11 10 9 8 7 7 7 4 3 3 3 2 1 1 1 1 1 1 
29 27 24 22 19 17 15 14 13 12 10 10 8 8 7 7 7 4 3 3 3 2 1 1 1 1 1 1 
29 26 23 22 18 16 14 13 13 12 10 9 8 8 7 7 6 4 3 3 3 2 1 1 1 1 1 1 
27 26 23 20 18 16 14 13 13 12 10 9 8 8 7 5 5 3 3 3 3 2 1 1 1 1 1 
27 26 22 19 18 15 13 12 12 9 9 9 8 7 7 5 4 3 3 3 1 1 1 1 1 
27 26 19 19 17 13 12 11 11 9 9 8 7 7 7 5 4 2 2 2 1 1 1 1 1 
27 24 19 19 17 13 12 11 10 8 8 8 7 6 6 5 4 2 2 1 1 1 1 1 1 
26 24 19 18 14 13 12 11 8 8 8 8 7 6 6 5 4 2 1 1 1 1 1 1 
25 23 19 18 14 13 11 10 8 8 7 6 6 6 6 5 2 2 1 1 1 1 1 
23 23 19 17 14 12 10 9 8 8 7 6 6 4 4 4 2 2 1 1 1 1 
23 23 18 16 12 10 10 9 8 8 7 6 5 4 4 3 2 2 1 1 1 1 
23 22 18 16 12 10 9 9 8 7 7 6 4 4 4 3 2 2 1 1 1 1 
23 21 18 16 12 10 9 8 8 6 6 5 4 4 4 3 2 2 1 1 1 
21 21 16 16 12 10 9 8 8 6 6 5 4 4 4 3 2 2 1 1 1 
19 18 16 13 11 9 9 8 8 6 5 5 4 4 4 3 2 2 1 1 
18 18 14 13 11 9 7 7 7 6 5 4 4 4 4 3 2 2 1 1 
17 17 14 13 11 9 7 7 7 5 5 4 4 4 4 3 2 1 1 1 
17 17 14 13 11 9 7 7 7 5 4 4 4 4 4 2 2 1 1 1 
17 17 13 12 10 9 7 7 5 5 4 4 4 4 4 2 2 1 1 1 
16 16 13 12 8 8 7 6 5 5 4 4 4 4 3 2 1 1 
16 16 13 11 7 7 7 5 5 5 4 4 4 4 2 2 1 1 
16 16 13 10 7 7 6 5 5 4 4 4 3 2 2 2 1 1 
16 15 11 8 7 7 5 5 5 4 4 3 3 2 2 2 
16 15 11 8 7 7 5 4 4 4 4 3 3 2 2 2 
16 13 11 8 7 7 5 4 4 4 4 3 3 2 2 2 
16 13 10 8 7 7 5 4 4 4 4 3 2 2 2 2 
16 13 10 8 7 7 5 4 3 3 2 2 2 1 1 
16 13 10 8 7 7 5 4 3 3 2 2 2 1 1 
16 12 10 8 7 7 5 4 3 3 2 2 1 1 1 
15 11 8 6 5 5 5 3 3 3 2 2 1 1 1 
14 11 4 4 4 4 4 3 3 2 2 1 1 1 1 
14 9 4 4 4 4 4 3 2 1 1 1 1 1 1 
14 9 4 4 4 4 4 3 1 1 1 1 1 1 1 
14 7 4 4 4 3 3 3 1 1 1 1 1 1 1 
14 7 4 4 4 3 2 2 1 1 1 1 1 1 1 
13 7 4 4 4 2 2 2 1 1 1 1 1 1 1 
13 7 4 3 3 2 2 2 1 1 1 1 1 
12 7 4 3 3 2 2 2 1 1 1 1 1 
12 5 4 3 3 2 2 2 1 1 1 1 1 
12 4 4 3 3 2 2 2 1 1 1 1 
11 4 4 3 2 2 2 1 1 1 1 1 
10 4 4 3 2 2 1 1 1 1 1 1 
10 4 4 3 2 2 1 1 1 1 1 
8 4 4 3 2 2 1 1 1 1 1 
8 4 3 2 2 2 1 1 1 1 1 
8 4 3 2 2 2 1 1 1 1 1 
8 4 2 2 2 1 1 1 1 1 1 
8 4 2 2 2 1 1 1 1 1 1 
8 4 2 2 2 1 1 1 1 1 
7 4 2 1 1 1 1 1 1 1 
5 4 2 1 1 1 1 1 1 
5 4 2 1 1 1 1 1 1 
5 4 2 1 1 1 1 1 
5 3 2 1 1 1 1 
5 3 1 1 1 1 1 
5 3 1 1 1 1 1 
5 2 1 1 1 1 
5 2 1 1 1 1 
5 2 1 1 1 1 
5 2 1 1 1 
5 2 1 1 1 
4 2 1 1 1 
4 1 1 1 1 
4 1 1 1 1 
4 1 1 1 1 
4 1 1 1 
4 1 1 1 
4 1 1 1 
4 1 1 1 
3 1 1 1 
3 1 1 1 
3 1 1 1 
3 1 1 1 
3 1 1 1 
3 1 1 1 
3 1 1 1 
2 1 1 
2 1 1 
2 
2 
2 
2 
2 
2 
2 
1 
1 
1 
1 
1 
1 
1 
1 
1 
1 
1 
1 
1 
1 
1 
1 
1 
1 
1 
1 
