182 157 151 148 127 127 127 114 113 113 113 112 109 106 104 102 97 93 88 87 86 81 79 78 74 74 69 69 68 68 68 67 66 58 58 55 54 54 54 53 53 53 53 49 49 47 47 45 44 42 40 38 37 37 36 36 36 36 33 31 30 30 30 30 30 29 27 26 26 25 24 22 22 22 20 20 20 19 17 16 16 16 16 16 16 16 16 16 16 16 16 16 16 15 14 13 13 13 13 13 12 12 12 12 12 11 11 11 11 10 10 10 8 7 7 7 7 7 7 7 7 7 6 6 4 4 4 4 4 4 4 4 4 4 4 4 3 3 3 3 3 3 3 3 3 3 3 3 3 2 2 2 1 1 1 1 1 
163 153 139 135 127 125 122 111 109 109 99 95 83 81 79 77 75 75 72 68 68 65 64 63 63 63 62 59 57 57 57 57 57 57 55 53 53 53 53 53 52 49 47 46 44 42 41 41 40 40 37 36 36 32 31 31 30 29 29 29 29 29 29 29 29 27 26 25 25 25 22 22 22 19 19 19 19 17 17 16 16 16 16 16 16 16 16 16 16 14 14 13 13 12 12 12 12 12 11 11 10 10 10 10 10 10 9 9 9 9 9 9 8 7 7 7 7 7 7 6 6 6 6 5 4 3 3 2 2 2 2 2 2 2 2 2 2 2 2 2 2 1 1 1 1 1 1 1 1 1 1 1 1 
155 138 126 125 120 118 105 95 90 89 84 83 80 79 77 71 69 69 68 68 64 63 61 59 58 58 57 57 57 57 56 56 54 54 51 51 47 47 46 45 43 43 42 40 40 40 39 38 37 37 36 36 34 29 25 25 25 24 24 24 24 23 23 22 22 22 22 21 21 20 20 20 20 19 18 16 16 15 15 15 15 15 15 15 15 15 14 13 12 12 12 11 11 11 11 11 9 9 9 9 9 8 8 8 8 8 7 7 7 6 5 5 5 5 5 5 5 5 4 4 4 3 3 3 2 2 2 2 2 2 2 2 2 2 2 2 2 1 1 1 1 
137 132 126 123 110 108 97 91 89 86 81 80 80 79 67 67 66 66 63 63 62 61 61 59 56 56 55 51 51 51 50 50 50 50 50 50 46 46 44 42 42 42 40 39 37 32 30 29 29 29 29 28 28 27 25 23 23 23 23 23 23 22 22 22 22 21 21 20 20 19 19 19 19 19 17 16 16 15 13 13 13 13 13 13 13 12 12 12 11 10 10 10 10 10 10 10 9 9 9 8 8 8 7 7 7 7 6 5 5 5 5 5 5 5 5 4 4 4 4 4 4 3 3 2 2 2 1 1 1 1 1 1 1 1 1 1 1 
135 128 113 112 110 103 93 90 86 85 80 74 71 71 66 66 63 62 61 61 61 60 58 55 55 54 52 50 50 50 49 49 46 44 44 44 44 43 43 42 40 39 39 32 32 30 29 29 28 28 27 27 24 24 23 23 23 23 23 21 19 19 19 19 19 18 18 16 16 16 16 16 16 16 16 15 14 14 13 13 12 12 11 11 10 10 10 9 9 9 9 9 9 8 8 8 8 8 7 7 7 7 7 7 6 6 5 4 4 3 3 3 3 3 3 3 3 3 3 3 3 3 3 2 2 2 1 1 1 1 1 
134 127 108 94 94 90 89 85 84 82 80 71 70 66 66 62 62 61 60 60 60 57 57 54 54 51 50 50 48 48 45 44 44 41 41 41 41 40 40 37 33 33 33 32 31 30 28 28 28 27 26 26 23 23 22 22 22 22 21 19 19 19 18 18 18 17 16 16 14 14 13 13 13 13 13 13 13 13 12 12 12 10 10 9 9 9 9 9 9 8 8 8 8 8 7 7 7 7 7 6 6 6 5 4 3 3 3 3 3 2 2 2 2 2 2 2 2 2 1 1 1 1 
132 117 104 94 94 88 84 83 82 76 76 70 67 66 66 62 62 60 60 60 59 55 54 53 52 51 48 48 47 44 43 42 40 40 40 39 39 38 38 36 33 32 32 31 30 30 28 28 27 26 26 25 23 23 21 21 21 21 20 19 19 17 16 16 16 16 16 14 13 13 13 13 12 12 12 12 12 12 11 10 10 10 7 7 5 5 5 5 5 5 4 4 4 4 4 4 4 4 4 4 4 4 4 3 3 2 2 2 2 2 2 2 2 2 2 1 1 1 1 1 1 
125 113 101 94 92 87 84 83 79 76 75 70 65 65 64 60 60 59 59 59 54 54 52 52 47 46 45 45 45 44 41 40 40 40 40 37 34 33 33 30 30 28 28 28 28 28 28 25 25 23 20 20 20 20 20 20 19 19 19 19 18 17 16 16 16 14 14 13 12 12 12 9 8 7 7 7 7 7 7 7 7 7 6 5 5 5 5 5 5 4 4 4 4 4 4 4 2 2 2 2 2 2 2 2 2 2 2 1 1 1 1 1 1 1 1 1 1 1 1 1 
120 103 94 91 89 84 81 75 70 70 68 65 65 61 59 59 57 57 56 55 53 51 51 48 47 46 45 43 40 40 38 38 38 37 37 34 33 33 33 30 29 28 28 28 28 27 22 22 22 20 20 20 18 18 18 18 16 16 16 16 15 15 12 9 8 8 8 8 8 8 8 8 7 7 7 7 7 7 6 6 6 5 5 5 5 5 5 5 5 4 4 4 4 4 4 3 2 2 2 2 2 2 2 2 2 2 2 1 1 1 1 1 1 1 1 1 1 1 
115 102 90 89 89 75 73 71 69 67 64 63 60 60 59 59 57 55 54 53 53 51 49 46 46 44 43 41 37 37 37 36 35 34 34 33 32 30 29 29 28 28 28 27 26 24 22 22 20 18 18 18 18 17 15 15 15 14 14 14 14 14 10 8 8 8 8 8 6 5 5 5 5 5 5 5 5 5 5 5 5 5 4 4 4 4 4 4 4 4 4 3 3 2 2 2 2 2 2 2 2 2 2 1 1 1 1 1 1 1 1 1 1 1 
103 101 90 89 80 75 73 71 68 65 62 62 58 58 58 55 54 54 51 47 47 46 46 42 41 41 40 40 36 36 33 33 32 30 30 29 29 28 28 27 27 27 25 25 22 22 20 20 18 18 18 18 18 15 15 14 14 14 14 14 14 11 10 8 8 8 8 8 6 5 5 5 5 5 5 5 5 5 5 5 4 4 4 4 4 4 4 3 3 3 2 2 2 2 2 2 2 2 2 2 1 1 1 1 1 1 1 1 1 1 1 1 1 1 
101 100 89 84 80 74 72 67 66 64 58 58 52 51 51 51 51 50 49 47 46 43 43 41 41 41 38 38 36 36 33 30 30 28 28 28 27 27 26 26 25 24 21 17 17 17 16 16 16 16 16 16 15 14 14 14 14 13 13 13 12 11 10 8 8 8 7 6 6 5 5 5 5 5 5 5 5 3 3 3 3 3 3 3 3 3 2 2 2 2 2 2 2 2 2 2 1 1 1 1 1 1 1 1 1 1 1 1 
99 88 88 78 75 73 71 65 58 58 53 53 52 50 50 50 46 46 44 44 44 39 39 39 39 39 38 37 32 31 30 27 26 25 24 24 23 23 23 22 22 21 18 17 17 16 16 16 16 16 15 15 15 14 14 14 13 12 12 12 10 9 9 8 8 8 6 6 6 5 5 5 5 5 4 4 3 3 3 3 3 3 3 3 3 2 2 2 2 2 2 2 2 1 1 1 1 1 1 1 
99 88 84 76 73 69 68 61 58 58 53 48 48 48 48 48 46 46 44 44 42 39 39 39 35 33 32 32 30 27 25 24 24 23 22 22 20 20 20 20 20 19 18 17 16 16 16 16 16 16 15 15 15 14 14 14 13 12 12 12 10 9 8 8 8 7 6 6 5 5 5 5 5 4 4 4 3 3 3 3 3 3 3 2 2 2 2 2 2 2 2 2 2 1 1 1 1 1 1 1 
88 88 77 75 72 69 67 58 58 52 51 47 47 46 45 45 45 44 42 41 40 38 34 31 31 31 30 28 28 26 24 24 22 22 20 20 20 20 20 19 19 17 17 16 16 16 15 15 15 14 14 13 13 13 12 12 12 12 12 11 9 8 8 8 6 6 6 6 5 5 4 4 4 3 3 3 3 3 3 3 2 2 2 2 2 2 2 2 2 1 1 1 1 1 1 
86 82 77 73 67 63 61 54 54 48 45 45 44 44 44 44 43 41 40 40 38 35 32 31 31 30 28 28 26 23 23 23 21 21 20 20 20 19 19 18 17 16 16 16 16 16 15 15 15 14 13 13 12 12 12 12 11 11 10 10 9 8 8 6 6 6 6 5 5 4 4 4 4 3 3 3 3 3 3 3 2 2 2 2 2 2 
86 80 77 73 65 62 59 54 54 47 45 44 43 43 42 42 42 41 39 38 37 34 31 30 28 28 26 26 23 23 21 21 21 19 19 19 19 19 16 16 15 15 15 15 15 15 15 14 13 13 13 13 12 11 11 11 10 10 9 8 8 8 6 6 4 4 4 4 4 4 4 3 3 3 3 3 3 3 3 3 2 2 2 2 2 2 
85 74 74 71 64 62 54 54 53 46 45 44 42 42 42 42 41 41 38 37 36 30 29 28 27 25 25 23 21 21 21 21 21 19 19 19 19 16 16 16 15 14 14 14 14 14 13 13 13 13 12 12 11 10 10 8 7 7 7 7 7 6 4 4 4 4 3 3 3 3 3 3 3 3 3 3 2 2 2 2 2 2 2 2 2 2 
85 74 72 69 63 62 52 49 49 45 44 43 42 42 42 39 39 38 38 34 34 29 28 27 26 25 22 22 21 20 18 18 18 18 17 17 17 16 15 13 13 13 13 13 13 13 13 13 13 12 12 12 11 10 9 8 7 7 6 6 6 6 4 4 4 3 3 3 3 3 3 3 3 2 2 2 2 2 2 2 2 2 2 1 1 1 
84 72 71 69 62 61 51 49 46 45 44 43 41 39 39 39 36 35 35 33 30 29 28 25 24 23 22 21 20 19 18 17 16 16 16 16 16 15 14 13 13 13 13 13 12 10 10 10 10 10 10 10 10 7 7 7 6 6 6 6 6 6 4 4 3 3 3 3 3 3 3 3 2 2 2 2 2 2 2 2 2 1 1 1 1 
83 72 69 67 61 54 50 49 45 43 43 42 40 36 36 36 35 34 34 32 30 26 24 24 23 22 21 20 19 18 17 16 15 14 14 14 13 13 13 13 13 11 11 11 11 10 10 10 10 9 9 9 9 7 7 6 6 6 6 6 4 4 4 3 3 3 3 3 3 3 3 3 2 2 2 2 2 2 2 1 1 1 1 1 1 
79 69 66 64 59 51 48 48 44 41 41 39 37 35 35 35 34 34 27 27 27 24 23 21 19 19 18 18 16 16 15 14 14 14 14 13 13 13 13 13 13 11 11 11 11 9 9 9 9 9 9 8 7 7 7 6 5 5 5 5 4 4 4 3 3 3 3 3 2 2 2 2 2 2 2 1 1 1 
79 67 65 63 56 51 48 47 43 41 41 39 36 34 34 33 33 33 27 27 25 24 21 19 18 17 16 16 16 15 15 14 14 14 14 13 13 13 13 13 13 10 10 10 9 9 9 9 9 9 9 7 7 7 7 5 5 5 5 4 4 4 4 3 3 3 3 3 2 2 2 2 2 2 2 1 1 
78 67 62 60 54 49 48 47 43 41 41 37 35 34 34 33 33 32 27 25 23 19 18 18 18 16 16 16 16 15 14 14 14 13 13 13 13 13 13 12 12 10 10 10 9 9 9 9 9 9 9 7 7 7 5 5 5 4 4 4 4 3 3 3 3 3 3 3 2 2 2 1 
76 66 62 59 53 49 47 47 42 38 36 34 34 34 31 31 31 30 25 25 22 18 18 18 18 16 16 16 15 15 14 14 13 13 13 13 13 13 11 11 10 10 10 10 9 8 8 8 8 8 8 7 7 5 5 5 4 4 3 3 3 2 2 2 2 2 1 1 1 1 1 
72 66 62 56 50 48 44 44 41 38 35 34 33 33 30 30 30 27 25 25 22 18 18 18 18 16 16 15 15 13 13 13 13 13 13 13 11 11 9 9 9 9 9 8 8 8 8 8 8 7 6 6 6 5 4 4 4 3 3 3 2 2 2 2 1 1 1 1 1 1 1 
72 63 58 52 50 46 44 38 38 37 35 34 33 32 30 27 27 27 25 23 21 18 18 18 16 14 14 14 14 13 13 13 13 13 13 11 10 10 8 8 8 8 8 8 8 8 7 7 7 7 6 6 5 5 4 4 3 3 3 3 2 2 1 1 1 1 1 1 
70 62 56 52 50 45 40 36 36 36 33 32 32 29 27 27 26 22 22 22 20 18 18 15 15 14 14 14 14 13 13 13 13 12 12 11 10 10 8 8 8 8 8 8 8 8 7 6 6 6 6 6 5 4 4 3 3 3 3 3 2 2 1 1 
70 62 56 51 49 45 40 36 36 35 31 31 30 28 26 24 24 21 21 20 19 18 18 15 15 14 14 14 14 13 13 13 12 12 11 10 10 10 8 8 7 7 7 7 7 7 7 6 6 6 6 5 4 4 4 3 3 3 2 2 2 2 1 1 
66 57 55 51 48 42 39 36 36 34 31 31 30 28 26 24 24 21 20 20 19 18 18 15 15 14 14 13 13 13 13 13 12 11 11 10 10 9 8 8 7 7 7 7 7 7 6 6 6 6 5 4 4 4 4 3 2 2 1 1 1 1 1 
63 57 55 49 45 38 38 36 35 33 31 30 29 28 25 24 23 20 20 20 19 18 18 15 15 14 13 13 13 13 12 12 12 11 10 10 9 8 8 7 7 7 7 7 6 6 6 6 5 5 5 4 3 3 3 2 2 2 1 1 1 1 1 
61 57 55 49 44 38 37 36 35 33 30 29 29 26 24 23 23 20 20 19 18 17 17 15 14 14 13 13 13 12 12 11 11 9 8 8 8 8 7 7 7 7 7 6 6 6 6 5 5 4 4 4 3 3 3 2 2 2 1 1 1 1 1 
61 56 53 47 41 38 36 36 34 32 30 28 28 26 24 23 20 20 20 19 18 17 14 14 14 14 13 11 11 11 11 11 10 8 8 8 7 7 7 7 7 7 7 6 6 6 6 5 4 4 4 4 3 2 1 1 1 1 1 1 1 
60 54 52 46 40 38 36 35 31 31 30 28 27 26 23 23 20 20 20 18 18 17 14 14 14 14 13 11 11 11 11 10 9 8 7 7 7 7 7 7 7 7 6 5 5 4 4 4 4 4 4 3 3 1 1 1 1 1 1 1 1 
57 54 49 46 40 37 36 34 29 29 29 27 27 25 23 22 20 19 18 17 16 16 14 14 13 13 11 11 11 11 10 10 9 8 7 7 7 7 7 7 6 6 6 5 4 4 4 4 4 3 2 2 2 1 1 1 1 
57 53 48 41 37 35 35 34 29 29 27 27 27 25 23 20 20 19 17 16 16 16 12 12 12 12 11 11 11 10 10 8 8 8 7 6 6 6 6 6 5 5 5 4 4 4 4 3 2 2 1 1 1 1 1 1 1 
55 53 47 39 36 35 34 34 29 28 27 27 26 23 22 20 20 19 16 14 14 14 12 11 11 11 11 9 9 9 9 8 7 7 7 6 6 6 6 6 5 5 5 4 3 3 1 1 1 1 1 1 1 1 1 1 1 
55 52 42 39 34 34 34 32 29 27 27 27 26 23 22 19 19 19 14 14 14 14 12 11 11 11 11 9 9 9 9 8 7 7 6 6 6 6 6 5 5 4 4 4 3 1 1 1 1 1 1 1 1 1 1 
55 52 40 38 34 34 34 32 27 27 27 26 26 22 20 19 19 18 14 14 14 14 12 11 11 11 10 9 9 8 8 7 7 7 6 6 6 6 5 5 5 4 4 3 2 1 1 1 1 1 1 1 1 1 1 
54 47 40 37 34 34 33 31 27 27 25 24 24 20 19 19 19 17 14 14 14 14 12 11 9 8 8 8 8 8 8 7 7 6 6 6 6 6 5 4 4 4 3 1 1 1 1 1 1 1 1 1 
53 47 39 37 34 33 29 29 27 27 23 23 22 19 19 19 17 17 14 14 14 13 11 9 9 8 8 8 8 8 8 7 7 6 6 6 6 6 4 4 4 3 2 1 1 1 1 1 1 1 1 1 
50 46 38 37 34 32 29 28 27 27 22 22 21 19 19 17 16 16 14 14 14 13 10 9 8 8 8 8 8 8 7 7 7 6 6 6 5 4 4 4 3 3 1 1 1 1 1 1 1 1 
49 46 38 37 34 31 28 27 27 27 22 22 21 19 18 17 16 16 14 14 13 13 9 8 8 8 8 8 8 7 7 7 7 6 6 6 5 4 4 3 3 3 1 1 1 1 1 1 1 
46 46 38 37 32 30 28 27 27 27 22 20 20 19 17 16 16 16 14 13 13 13 9 8 8 8 8 8 8 7 7 7 6 6 5 5 5 4 3 3 3 2 1 1 1 1 1 1 
46 44 38 37 29 28 27 27 27 26 22 19 19 18 17 16 16 14 12 12 12 11 9 8 8 8 8 8 7 7 7 6 6 5 5 5 5 4 3 2 2 1 1 1 1 1 1 1 
45 44 38 36 29 28 27 26 26 23 21 18 18 18 17 16 15 12 12 12 11 11 9 8 8 8 8 7 7 7 7 6 6 5 5 4 4 3 2 2 1 1 1 1 
45 44 37 35 28 27 26 26 25 23 21 18 18 17 17 16 13 12 12 12 11 11 8 8 8 8 8 7 7 7 6 6 5 5 5 3 3 2 1 1 
45 43 37 33 28 27 26 24 22 20 20 18 17 17 16 14 13 12 12 12 11 9 8 8 8 8 8 7 7 7 6 6 5 3 3 3 3 1 
44 43 37 33 28 26 26 23 22 20 20 18 17 17 16 13 12 12 12 12 10 9 8 8 8 8 7 7 6 6 5 5 3 3 3 3 2 1 
44 43 37 32 28 26 25 23 20 20 20 18 17 16 14 12 12 12 12 12 10 9 8 8 7 7 6 6 6 6 4 4 3 3 3 3 
44 41 36 32 28 25 25 22 19 19 19 18 17 16 14 12 12 11 11 11 10 8 8 8 7 6 6 4 4 4 4 4 3 3 3 2 
42 38 36 32 26 24 23 22 19 19 17 17 15 15 13 12 12 11 11 11 10 8 8 8 7 6 6 4 4 4 4 3 3 3 3 2 
42 38 36 30 25 24 23 22 19 19 17 17 15 14 12 12 12 11 11 10 10 8 8 8 6 5 5 4 4 3 3 3 3 2 2 1 
42 36 33 28 25 24 23 21 19 19 17 16 15 14 12 12 11 11 11 10 10 8 8 7 6 5 5 4 4 3 3 3 3 2 1 1 
40 36 33 26 24 23 23 21 19 17 17 15 14 14 12 12 11 11 11 10 9 8 7 6 5 5 4 4 3 3 3 3 3 1 1 
39 36 33 25 24 23 20 20 19 17 17 14 14 14 12 12 11 11 10 9 9 8 7 6 5 5 4 3 3 3 3 2 1 1 1 
38 35 32 24 24 23 20 20 19 17 17 14 14 13 12 10 10 10 9 9 8 5 5 5 5 5 4 3 3 3 2 2 1 1 1 
36 35 32 24 22 22 20 19 19 17 15 14 14 13 12 10 10 10 9 9 7 5 5 5 5 5 3 3 2 2 2 1 1 1 1 
35 33 27 23 22 22 20 19 18 16 15 14 13 13 12 10 10 10 9 8 6 5 5 5 5 3 3 3 2 2 1 1 1 1 1 
35 31 25 23 22 22 20 18 16 16 15 14 12 11 11 10 9 9 8 6 5 4 4 3 2 2 2 2 2 2 1 1 1 1 
35 31 25 23 22 21 19 18 16 16 15 13 12 11 11 10 7 7 7 6 5 3 3 3 2 2 2 2 2 2 1 1 1 
34 26 23 23 21 20 19 18 16 15 15 12 12 11 10 10 7 7 6 5 4 3 3 3 2 2 2 2 2 1 1 1 
34 26 23 23 21 20 17 17 16 15 14 12 12 11 10 8 7 7 6 5 4 3 3 3 2 2 2 2 2 1 
33 26 23 23 20 19 17 16 15 14 14 12 12 11 10 7 7 6 5 5 4 3 3 2 2 2 2 2 2 
32 24 21 19 19 18 17 15 14 14 11 11 10 10 9 7 6 6 5 5 3 3 2 2 2 2 2 1 1 
29 24 21 18 18 18 17 15 14 13 11 11 9 7 5 5 5 4 4 4 3 3 2 2 2 1 
28 23 20 18 18 18 17 13 12 12 11 8 7 5 5 5 5 4 4 4 3 2 2 2 2 
28 22 20 18 18 17 15 12 12 12 9 8 5 5 5 4 4 4 3 3 2 2 2 2 2 
26 22 20 17 17 16 15 12 10 9 9 5 5 5 4 4 4 4 3 2 2 2 2 2 2 
26 22 17 17 15 15 15 12 10 9 9 5 5 5 4 4 4 4 2 2 2 2 2 2 1 
25 22 17 17 15 15 15 12 10 9 8 5 5 5 4 4 4 4 2 2 2 1 1 1 1 
25 22 17 17 15 15 13 10 10 9 8 5 5 5 4 4 4 2 2 2 1 1 1 
24 22 17 16 15 15 13 10 8 8 8 5 5 5 4 4 4 2 2 2 1 1 1 
24 21 16 15 15 13 12 10 8 8 8 5 5 5 4 4 4 2 2 2 1 1 1 
24 18 16 15 14 12 12 10 8 8 8 5 5 5 4 4 3 2 1 1 1 1 1 
24 17 16 14 14 12 11 10 8 8 7 5 5 4 4 3 2 2 1 1 1 1 1 
23 17 16 14 12 12 11 8 8 8 7 5 4 4 3 2 2 2 1 1 1 1 
23 17 14 12 12 12 11 8 8 8 7 5 4 3 3 2 2 1 1 1 1 1 
22 16 14 12 12 11 11 8 8 7 6 5 4 3 2 2 2 1 1 1 1 1 
22 16 13 12 12 11 11 8 8 6 6 5 3 2 2 2 2 1 1 1 1 1 
20 16 13 12 12 11 11 8 8 6 5 5 2 2 2 2 2 1 1 1 1 1 
20 16 13 11 11 11 11 8 7 5 5 5 2 2 2 2 2 1 1 1 1 
20 15 13 11 11 10 9 8 6 5 5 5 2 2 2 2 2 1 1 1 1 
20 15 13 11 11 9 9 7 6 5 5 5 2 2 2 2 1 1 1 1 1 
19 15 13 11 10 9 8 7 5 5 4 4 2 2 2 2 1 1 1 
18 15 12 11 10 7 7 6 5 5 4 4 2 2 2 1 1 1 1 
18 14 12 11 10 7 7 6 5 5 3 3 2 2 2 1 1 1 1 
18 13 12 8 7 6 6 6 5 5 3 3 2 1 1 1 1 1 1 
15 12 9 7 6 6 6 5 4 3 3 3 2 1 1 1 1 1 
15 11 9 6 6 6 6 5 3 3 3 2 1 1 1 1 1 
15 11 9 6 6 6 6 4 3 3 2 1 1 1 1 1 1 
15 11 9 6 6 6 6 4 3 3 2 1 1 1 1 1 
15 11 8 6 6 6 6 4 3 3 2 1 1 1 1 
15 11 8 6 6 6 6 3 3 3 2 1 1 1 1 
15 11 8 6 6 6 3 3 3 3 2 1 1 1 1 
15 11 8 5 5 5 3 3 3 3 2 1 1 1 
13 11 8 5 3 3 3 3 3 2 2 1 1 1 
13 10 7 5 3 3 3 3 3 1 1 1 1 1 
13 10 7 5 3 3 3 3 2 1 1 1 1 1 
12 9 7 5 3 3 3 2 2 1 1 1 1 1 
10 9 7 5 3 3 3 2 2 1 1 1 1 1 
10 9 7 5 3 3 2 2 2 1 1 1 1 1 
9 9 7 5 3 3 2 2 1 1 1 1 
9 9 6 5 3 3 2 2 1 1 1 
9 9 6 5 3 3 2 1 1 1 1 
9 9 6 4 3 3 2 1 1 1 
9 9 5 4 3 3 1 1 1 1 
9 8 5 3 3 3 1 1 1 
9 8 5 3 2 2 1 1 1 
9 7 5 3 2 2 1 1 1 
9 7 5 3 2 2 1 1 
8 5 5 3 2 2 1 
8 5 5 3 2 2 1 
8 5 5 3 2 1 1 
7 5 5 2 2 1 1 
7 5 5 2 2 1 1 
7 5 3 2 2 1 
5 5 3 2 2 1 
5 5 2 2 2 1 
5 5 2 2 1 1 
5 5 2 2 1 1 
5 5 2 2 1 1 
5 5 2 2 1 1 
5 5 2 2 1 
5 5 2 1 1 
5 5 2 1 1 
5 5 2 1 1 
4 4 2 1 1 
4 3 2 1 
4 3 2 1 
4 3 2 1 
4 3 2 1 
4 3 2 
3 3 2 
3 3 2 
3 3 2 
3 3 2 
3 2 2 
3 2 2 
3 2 2 
3 2 2 
3 2 2 
3 2 2 
3 2 2 
3 1 1 
3 1 1 
3 1 1 
3 1 1 
3 1 1 
3 1 1 
3 1 1 
2 1 
2 1 
2 1 
1 1 
1 1 
