154 138 137 134 129 129 123 117 114 110 108 105 105 103 100 97 90 90 89 87 82 81 78 70 67 65 65 65 64 64 61 61 61 60 59 57 52 52 52 51 51 51 46 45 45 45 43 43 42 39 39 38 38 34 34 34 33 33 32 32 32 32 32 31 31 30 30 30 30 30 29 26 26 25 22 22 22 22 21 21 21 21 21 20 20 19 19 19 17 17 17 16 16 16 16 16 16 14 14 13 13 13 13 13 13 13 13 13 12 12 12 12 12 11 11 10 10 10 9 9 9 9 9 8 8 4 4 4 4 4 3 3 3 3 3 2 2 2 2 2 1 1 1 1 1 1 1 1 1 1 1 1 1 1 1 1 1 1 1 1 1 
139 135 132 130 129 128 115 113 107 106 90 90 90 90 88 80 80 74 74 73 72 71 69 69 66 61 59 58 57 57 56 55 49 49 49 49 47 47 47 46 45 45 44 44 43 43 43 39 39 36 36 35 35 34 34 33 32 32 32 31 30 30 29 29 29 29 29 25 24 24 24 24 22 22 21 21 20 20 20 19 18 18 18 18 18 17 17 17 15 15 15 15 15 15 15 13 13 12 12 12 12 12 12 11 11 10 9 8 8 8 8 8 8 8 7 7 7 7 6 6 6 6 6 5 4 4 4 4 4 4 3 3 3 2 2 2 2 1 1 1 1 1 1 1 1 1 1 1 1 
135 133 132 130 123 116 115 109 102 94 90 80 79 79 75 75 75 74 70 70 68 67 66 65 65 59 58 57 55 53 51 50 49 47 47 47 47 47 47 44 41 41 41 41 41 40 40 37 36 36 35 35 34 33 32 31 31 31 31 31 29 29 29 26 25 25 25 23 22 21 21 21 21 21 19 19 19 18 18 18 18 18 18 17 17 15 15 15 13 13 13 13 13 13 13 12 11 11 11 11 9 9 9 9 9 9 8 8 6 6 6 6 6 6 6 6 6 5 4 4 3 3 3 3 3 3 3 3 3 2 2 2 1 1 1 1 1 1 1 1 1 1 
132 132 124 124 121 113 111 107 92 89 89 80 77 77 75 75 75 70 70 68 67 60 58 57 57 55 54 50 47 47 47 43 43 43 43 43 42 41 41 41 41 41 41 40 39 38 37 35 33 33 33 31 31 30 30 30 29 29 29 26 25 25 25 25 24 24 23 21 21 21 19 18 18 18 18 18 18 18 18 17 17 17 17 15 15 14 13 13 13 12 12 11 11 11 10 10 9 9 9 9 9 9 9 8 8 7 6 6 6 6 6 6 6 4 4 3 3 3 2 2 2 2 2 2 2 2 2 2 2 2 2 1 1 1 1 1 1 1 1 1 
132 129 114 114 107 106 99 92 89 87 84 78 76 73 73 68 68 68 68 66 61 59 57 56 56 53 53 48 46 46 44 43 43 42 42 41 41 41 39 38 38 37 35 35 35 33 33 33 31 29 28 28 25 25 25 25 25 25 24 23 23 22 22 21 20 20 19 19 19 19 19 18 18 17 16 15 15 15 15 15 15 14 13 13 13 13 12 11 11 11 10 10 10 10 10 9 8 8 8 8 6 6 6 6 6 5 5 5 4 4 4 4 4 2 2 2 2 2 2 2 2 2 2 2 2 2 1 1 1 1 1 1 1 1 1 1 1 1 
130 121 112 109 106 102 95 91 82 80 80 74 74 73 71 68 64 63 63 63 58 56 55 55 55 53 52 47 45 45 44 42 42 42 41 38 38 37 37 36 36 34 34 34 33 32 30 30 29 28 28 25 23 23 23 23 23 20 20 20 20 20 20 19 19 19 19 18 17 15 14 14 14 13 13 13 13 13 13 12 12 12 12 11 11 11 10 10 10 9 9 9 9 8 8 8 7 7 7 6 6 5 5 5 5 5 5 3 3 3 3 3 3 2 2 2 2 2 2 2 2 2 2 2 1 1 1 1 
128 119 108 107 103 94 92 88 78 73 72 71 70 70 70 68 63 63 58 57 56 55 53 53 51 46 46 46 44 42 42 42 42 41 41 38 38 37 35 35 35 34 31 30 29 29 27 26 25 24 24 24 23 22 21 20 20 20 20 20 20 18 18 18 18 17 15 15 15 14 14 13 13 13 12 12 12 12 12 12 12 12 11 9 9 9 8 8 8 8 8 8 8 7 7 7 7 6 6 6 5 4 4 4 4 4 3 3 3 3 3 3 2 2 2 2 2 2 2 2 1 1 1 
117 112 106 104 99 90 89 85 78 72 70 70 69 68 67 66 63 62 57 57 56 55 52 52 49 46 45 44 44 41 40 40 37 37 37 36 35 34 33 33 33 30 30 27 27 27 26 24 23 22 21 21 20 20 20 17 17 17 17 16 16 16 16 16 15 15 15 14 14 14 13 13 13 12 12 12 11 11 11 11 11 11 10 9 9 8 7 7 6 6 6 5 5 5 5 5 5 5 5 5 3 3 3 3 2 2 2 2 2 2 2 2 2 2 2 2 2 2 1 1 
105 101 95 91 89 89 81 81 74 71 69 69 66 66 65 62 61 55 53 53 51 51 50 49 47 44 41 41 39 39 39 39 37 36 36 35 34 33 32 32 31 28 26 26 25 23 23 22 21 21 21 21 20 20 18 17 17 17 16 15 15 15 15 15 15 14 14 13 13 13 12 11 11 11 10 10 10 10 10 10 9 9 9 8 8 7 7 7 6 5 5 5 5 5 5 4 4 3 3 3 3 3 2 2 2 2 2 2 2 2 2 2 2 2 2 1 1 1 
105 95 94 88 88 88 79 76 72 67 65 65 65 64 64 54 53 52 52 52 50 47 46 45 44 42 41 40 38 38 37 36 36 35 35 34 33 33 32 31 28 25 25 24 24 22 22 21 21 21 19 18 18 18 18 17 17 16 15 15 15 15 15 14 13 13 11 10 9 9 9 9 9 9 9 8 8 6 6 5 5 4 4 4 4 4 4 4 4 4 4 4 4 4 4 3 3 3 3 3 3 2 2 2 2 2 2 2 2 1 
103 94 92 88 88 85 78 73 70 65 64 63 61 61 57 54 53 52 46 46 45 45 45 43 43 40 40 38 36 36 36 36 35 35 34 32 31 31 30 30 27 24 24 24 23 22 22 21 19 19 19 18 18 16 15 15 15 15 15 15 15 15 12 12 10 10 10 10 9 8 8 8 8 8 8 8 8 6 5 5 4 4 4 4 4 4 4 4 4 4 3 3 3 3 3 2 2 2 2 2 2 2 2 2 2 2 2 1 1 1 
103 92 91 87 86 83 75 70 70 65 64 62 57 53 50 50 50 49 45 44 43 43 43 43 40 40 38 37 36 36 36 35 32 30 29 27 27 25 25 24 24 24 24 23 23 22 21 20 19 19 18 18 16 15 15 15 15 15 15 15 13 13 11 11 10 10 10 9 9 8 8 8 8 7 7 7 7 6 5 5 4 4 4 4 4 4 4 4 3 3 3 3 3 3 3 2 2 2 2 1 1 1 1 1 1 1 1 1 1 
101 89 86 85 84 82 73 69 68 65 61 54 53 53 50 48 48 47 45 40 37 37 37 37 37 37 37 36 35 35 34 34 31 30 29 26 24 23 23 23 22 21 21 21 21 21 20 19 19 19 17 17 15 15 15 15 15 15 14 14 12 11 11 11 10 9 8 8 8 8 7 7 7 7 7 7 7 6 5 5 4 4 4 4 4 4 4 4 3 3 3 3 3 3 2 2 2 1 1 1 1 1 1 1 1 1 
96 88 83 82 81 78 71 68 62 62 59 53 51 48 48 47 47 47 42 39 37 37 37 36 36 34 33 31 31 31 29 29 29 27 27 26 23 23 23 22 22 21 21 21 20 20 20 19 19 17 17 15 15 15 15 15 14 13 12 12 10 9 9 9 8 8 8 8 8 8 7 7 7 6 6 6 6 5 5 4 4 4 4 3 3 2 2 2 2 2 2 2 1 1 1 1 1 1 1 1 1 1 1 1 1 1 
93 86 81 80 78 76 68 65 61 57 55 53 49 48 47 47 45 43 38 38 37 37 37 36 34 34 33 31 31 28 28 28 28 26 24 24 23 23 23 21 21 20 20 20 20 20 19 19 18 17 17 15 15 15 15 14 13 12 12 11 9 9 9 8 8 8 8 7 7 7 7 7 7 6 6 6 4 4 4 4 4 4 4 2 2 2 2 2 2 2 2 1 1 1 1 1 1 1 1 1 1 1 1 1 1 1 
90 85 81 80 77 68 63 61 59 54 54 53 48 48 47 46 44 43 38 38 37 37 36 33 32 31 31 29 29 28 28 26 26 25 24 24 23 22 21 21 21 20 19 19 19 19 18 18 17 16 16 15 15 15 14 14 13 11 10 10 9 9 9 8 7 7 7 7 7 7 7 7 5 5 5 5 4 4 4 4 2 2 2 2 2 2 2 1 1 1 1 1 1 1 1 
87 82 80 79 74 68 59 57 55 53 53 53 48 48 45 44 42 42 38 37 37 36 36 33 31 30 29 29 29 28 26 25 25 25 24 23 23 21 21 21 19 19 19 19 19 17 17 16 16 15 15 15 14 14 12 12 11 11 9 8 7 7 7 7 7 7 7 7 7 5 5 5 4 4 4 4 3 3 3 3 2 2 2 2 2 2 2 1 1 1 1 1 1 
86 82 79 78 72 64 58 56 55 53 53 52 48 47 45 44 39 39 38 37 36 36 35 30 30 30 29 29 29 27 26 24 24 21 19 19 19 18 18 18 18 17 15 15 14 14 14 14 14 14 13 13 13 10 10 10 10 10 8 7 7 7 7 7 7 6 5 5 5 5 4 4 4 4 4 3 3 3 3 3 2 2 2 2 1 1 1 1 1 1 
84 81 78 77 70 63 57 56 55 51 51 47 46 45 40 40 37 36 34 31 30 29 29 29 26 25 25 25 25 25 25 24 24 21 19 16 16 16 16 16 15 14 14 13 11 11 11 11 11 11 11 10 10 10 9 9 9 7 7 7 7 7 7 7 7 6 5 5 4 4 4 4 3 3 3 3 3 3 3 2 2 2 2 2 1 1 1 1 
84 80 77 74 69 60 57 56 52 48 46 45 44 43 40 35 34 34 31 31 30 29 29 28 25 25 25 25 24 24 23 22 21 21 17 16 16 16 16 16 14 14 11 11 11 11 11 10 10 9 9 9 9 9 9 9 7 7 6 6 6 6 5 5 5 5 5 4 4 4 4 3 3 3 3 3 3 3 2 2 2 2 2 
84 79 77 72 68 54 54 53 49 47 45 42 42 42 39 34 33 33 30 29 28 28 28 28 25 25 25 24 22 21 20 19 19 18 17 11 11 11 11 11 10 9 8 8 8 8 8 8 8 8 7 7 6 6 5 5 5 5 5 5 5 5 5 5 5 5 5 4 3 3 3 3 3 3 3 3 3 3 2 1 1 1 
82 78 70 63 61 54 52 51 47 47 44 42 39 37 36 33 33 31 30 28 28 28 28 26 25 25 22 22 21 20 19 19 18 18 17 11 11 10 10 10 9 9 8 8 8 8 8 8 8 8 7 6 5 5 5 5 5 5 5 5 5 5 5 4 4 4 4 4 3 3 3 3 3 3 3 3 3 2 1 1 1 1 
82 78 65 63 58 51 50 50 45 41 39 39 39 37 35 33 32 29 29 28 27 25 25 25 23 23 22 22 21 18 17 16 16 16 12 11 10 10 9 9 9 9 8 8 8 8 8 8 7 7 6 6 5 5 5 5 5 5 5 5 5 5 4 4 4 4 4 4 3 3 3 3 3 3 3 2 2 2 1 1 1 
73 68 63 53 53 48 46 45 39 39 38 37 36 36 35 33 29 28 28 24 23 23 23 21 20 15 15 15 15 15 15 15 15 14 12 11 10 9 9 8 8 8 8 8 8 8 8 7 7 7 6 5 5 5 4 4 4 4 4 4 3 3 3 3 3 3 3 3 3 3 3 3 2 2 2 1 1 1 1 1 
70 68 61 52 50 45 43 43 38 37 36 35 35 34 33 31 27 27 27 23 23 23 23 19 17 15 15 15 15 15 15 15 15 13 12 10 10 9 8 8 8 8 8 7 7 7 7 7 7 5 5 5 5 4 4 4 4 4 4 3 3 3 3 3 3 3 3 3 3 2 2 1 1 1 1 1 1 1 
68 63 60 51 50 45 43 42 38 37 36 35 35 34 31 30 25 25 24 23 23 23 21 18 16 15 15 15 15 14 13 13 12 12 10 10 9 9 8 8 8 8 8 7 7 7 6 5 4 4 4 4 4 4 4 4 4 4 4 3 3 3 3 3 3 3 3 3 3 1 1 1 1 
65 60 59 50 47 45 43 42 37 37 36 35 32 31 31 30 25 24 24 23 23 22 21 17 15 15 15 14 14 13 12 12 12 12 9 9 9 9 8 8 8 8 8 7 6 5 5 4 4 4 4 4 4 4 4 4 4 4 4 3 3 3 3 3 3 3 3 2 2 1 1 1 1 
65 59 59 48 47 44 40 40 37 37 34 34 31 31 31 29 24 24 24 23 23 21 20 17 15 14 13 13 12 12 12 12 11 10 9 9 9 8 8 8 8 7 7 6 5 5 5 4 4 4 4 4 4 4 4 4 4 4 4 3 3 3 3 3 2 2 2 1 
61 59 56 46 44 41 39 39 36 36 34 33 31 31 29 28 24 24 24 23 21 20 18 16 15 14 13 13 12 12 11 11 11 10 9 9 9 8 8 8 8 7 7 5 5 5 5 4 4 4 4 4 4 4 4 4 4 3 3 3 3 3 3 3 2 2 1 
59 57 54 45 43 40 37 37 36 34 34 33 31 29 28 28 24 23 23 21 21 16 16 15 14 13 12 12 12 11 11 10 9 9 9 8 8 8 8 8 5 5 5 5 5 5 4 4 4 4 4 4 4 4 4 4 3 3 3 2 2 2 1 1 1 1 1 
59 53 50 45 43 39 37 37 36 34 34 32 31 29 27 24 24 23 23 21 21 15 15 15 13 12 12 12 11 11 11 9 9 9 9 8 7 7 7 5 5 5 5 5 5 5 4 4 4 4 4 4 4 4 4 3 3 3 3 1 1 1 
59 48 45 44 43 39 37 36 35 33 33 32 28 28 27 24 24 23 22 21 19 15 15 12 12 12 12 11 11 11 11 9 9 9 9 7 7 7 5 5 5 5 5 5 5 3 3 3 3 3 3 3 3 3 2 1 1 1 1 
56 41 41 41 41 37 35 33 33 31 30 30 27 25 25 22 21 21 19 19 19 15 15 12 12 12 11 11 11 10 9 9 9 9 7 6 6 5 5 5 5 5 5 5 4 3 3 3 3 3 3 3 2 2 2 1 1 1 1 
50 41 41 41 39 36 34 33 33 30 27 27 27 25 25 21 21 20 18 18 17 15 15 12 12 12 11 11 11 10 9 9 8 7 6 6 6 5 5 5 5 4 4 4 4 3 3 3 3 3 3 3 2 2 
50 41 39 39 39 36 34 33 32 28 27 27 23 23 23 21 19 19 17 16 16 15 14 12 12 11 11 11 10 10 9 8 8 6 6 6 6 5 5 5 5 3 3 3 3 3 2 2 2 2 2 2 2 2 
48 41 39 37 37 36 33 33 31 28 27 27 22 22 21 20 18 17 17 16 15 15 14 12 12 10 10 9 9 9 9 8 7 6 6 6 6 5 5 5 5 3 3 3 2 2 2 2 2 2 2 2 2 1 
48 41 38 37 36 36 33 33 31 27 27 27 22 20 20 19 18 17 16 15 15 15 14 12 12 9 9 9 9 9 8 7 7 6 6 6 5 5 4 4 4 3 3 3 2 2 2 2 2 2 2 2 2 1 
48 40 38 37 36 35 33 29 29 26 25 22 21 20 19 19 17 17 16 15 15 14 14 12 12 9 9 9 9 9 8 7 7 6 6 6 5 5 3 3 3 3 3 3 2 2 2 2 2 2 2 2 2 1 
47 40 38 37 36 35 26 26 24 24 21 21 20 20 18 18 17 16 16 15 14 14 14 12 11 9 9 8 8 8 8 6 6 6 6 5 4 4 3 3 3 3 3 3 2 2 2 2 2 2 2 2 1 1 
45 40 36 34 34 34 26 25 24 22 19 19 19 19 18 16 14 13 13 13 13 13 12 12 10 9 9 8 8 7 7 6 6 6 5 4 3 3 3 3 3 3 3 2 2 2 2 2 2 2 2 1 1 1 
45 38 35 34 34 33 26 25 23 22 19 18 17 17 17 16 14 13 13 13 13 12 11 10 10 8 8 8 8 7 7 6 6 6 4 4 3 3 3 3 3 2 2 2 2 2 2 1 1 1 
45 38 34 34 33 31 25 25 22 21 18 18 17 17 17 14 13 13 13 13 12 7 7 7 7 7 7 7 7 7 6 6 5 5 4 4 3 3 3 3 2 2 2 2 2 2 2 1 1 1 
43 35 34 33 32 31 24 22 22 21 18 18 17 16 16 14 13 13 13 12 12 7 7 7 7 7 6 6 6 6 5 5 5 5 4 3 3 3 3 3 2 2 2 2 2 2 1 1 1 1 
42 35 34 33 32 31 22 22 22 21 17 17 17 16 16 14 13 13 12 10 9 7 7 7 7 7 6 6 6 6 5 4 4 4 3 3 3 3 3 2 2 2 2 2 2 1 1 1 
42 34 33 33 31 29 22 22 22 20 17 17 15 15 14 14 12 12 8 8 8 7 7 7 7 7 6 6 6 6 4 4 4 4 3 3 3 2 2 2 2 2 2 2 1 1 1 
41 34 32 31 31 27 22 22 22 20 17 17 15 15 13 13 12 12 8 8 7 7 7 7 5 5 5 5 5 5 4 4 4 4 3 2 2 2 2 2 2 2 2 1 1 
41 34 32 31 28 27 22 22 22 19 17 14 14 13 13 13 12 12 8 8 7 7 6 6 5 5 5 5 5 5 4 4 4 4 3 2 2 2 2 2 2 2 2 
40 33 31 31 27 25 22 22 22 19 17 14 14 13 13 12 12 12 8 8 7 7 6 6 5 5 5 5 5 4 4 4 4 4 2 2 2 2 2 2 2 
40 33 31 30 26 24 22 21 21 19 17 14 14 13 12 12 11 10 8 8 7 7 6 5 5 5 5 5 5 4 4 4 4 3 2 2 2 
39 33 30 30 26 24 22 21 20 19 17 14 14 12 10 10 9 9 8 7 7 7 5 5 5 5 5 5 5 4 4 4 3 3 2 2 2 
39 33 30 30 25 24 22 21 20 19 16 14 13 12 10 10 9 9 8 7 7 7 5 5 5 5 4 4 4 4 4 3 3 3 2 2 2 
39 32 30 30 25 24 22 21 20 17 16 13 13 11 10 10 9 9 8 7 7 7 5 5 5 5 4 4 4 4 4 3 3 2 2 2 2 
36 32 29 29 25 22 21 21 20 17 15 13 13 11 10 10 9 9 8 7 7 7 5 5 5 5 4 4 4 4 3 3 3 2 2 2 2 
36 32 29 28 25 21 21 19 16 15 15 13 12 11 10 10 9 9 8 7 7 7 5 5 4 4 4 4 4 3 3 3 3 1 1 1 1 
34 31 29 27 23 21 21 19 16 15 15 13 12 11 10 10 9 9 8 7 7 7 5 5 4 4 4 4 4 3 2 2 2 1 1 1 1 
33 29 29 27 23 21 21 19 15 15 13 13 12 10 10 10 8 8 7 7 7 5 5 5 4 4 4 4 3 2 2 2 2 1 1 1 1 
32 29 27 26 21 21 21 18 15 15 13 12 11 10 10 9 8 8 7 7 7 5 5 5 4 4 4 3 3 1 1 1 1 1 1 1 1 
30 29 25 24 21 21 21 17 15 14 11 11 11 10 10 8 8 8 7 7 7 5 5 5 4 4 4 3 2 1 1 1 1 1 1 1 
30 28 25 23 20 20 19 17 15 13 11 11 11 10 9 8 8 8 7 7 7 5 5 5 4 2 2 2 1 1 1 1 1 1 
29 26 24 22 20 20 19 17 15 13 10 10 9 9 9 8 8 7 7 7 7 5 5 4 4 2 2 2 1 1 1 1 1 1 
28 26 24 22 20 20 19 16 14 13 10 10 8 8 8 8 8 7 7 6 6 5 5 4 4 2 2 2 1 1 1 1 1 1 
27 25 23 21 20 19 18 16 14 13 9 8 8 8 8 8 8 7 7 6 6 5 4 3 3 2 2 2 1 1 1 1 
27 25 23 21 19 19 18 16 14 13 9 8 8 8 8 8 7 7 7 6 5 3 3 2 2 2 2 2 1 1 
27 25 23 21 19 18 16 15 14 12 9 8 8 8 8 8 7 4 4 3 3 3 2 2 2 2 2 1 1 1 
26 22 22 20 18 17 16 15 13 12 9 8 8 8 8 8 6 4 4 3 3 3 2 1 1 1 1 1 1 1 
26 22 21 20 18 17 16 15 12 12 9 8 8 8 8 7 5 4 2 2 2 2 2 1 1 1 1 1 1 
26 21 21 19 18 17 15 15 11 11 9 8 8 8 6 6 4 4 2 1 1 1 1 1 1 1 1 1 
26 21 20 19 18 15 15 15 11 11 9 8 8 8 6 6 4 4 2 1 1 1 1 1 1 1 1 1 
25 21 19 19 17 15 15 13 11 10 9 8 8 7 5 5 3 3 1 1 1 1 1 1 1 1 1 1 
23 21 19 17 15 14 14 13 10 10 8 8 8 7 5 5 3 3 1 1 1 1 1 1 1 1 1 
22 21 19 16 14 14 13 13 10 10 8 7 7 7 5 3 2 2 1 1 1 1 1 1 1 1 
22 21 17 16 14 14 13 12 10 9 7 7 7 7 5 3 2 1 1 1 1 1 1 1 1 1 
22 21 17 15 14 14 12 12 9 9 7 7 7 6 5 1 1 1 1 1 1 1 1 1 1 1 
22 20 17 15 14 13 12 10 9 9 7 7 7 6 5 1 1 1 1 1 1 1 1 1 1 
22 20 17 15 13 13 11 10 9 9 7 7 7 5 4 1 1 1 1 1 1 1 
22 20 17 15 13 11 11 10 9 7 7 7 7 5 4 1 1 1 1 1 1 1 
22 20 15 15 12 11 10 9 7 7 7 7 6 5 4 1 1 1 1 1 1 
21 20 15 15 12 11 10 9 7 7 7 6 5 5 4 1 1 1 1 
21 19 15 15 12 10 9 9 7 7 6 6 5 4 4 1 1 1 1 
21 16 15 12 11 9 8 8 7 6 6 4 4 3 3 1 1 1 1 
20 16 15 12 9 9 8 8 7 6 5 4 3 3 3 1 1 1 1 
20 15 15 12 9 9 8 8 6 6 5 4 3 3 3 1 1 1 1 
17 15 13 12 9 9 8 8 5 4 4 3 3 3 2 1 1 1 1 
17 14 13 10 9 8 6 5 5 4 4 3 3 3 2 1 1 1 
17 14 12 10 9 8 5 5 5 4 4 3 3 2 2 1 1 1 
17 14 12 9 7 7 5 5 4 4 4 3 2 2 2 1 1 1 
16 14 11 9 7 6 5 4 4 4 4 3 2 2 2 1 1 1 
16 13 11 9 7 6 5 4 4 4 4 3 2 1 1 1 1 1 
16 13 10 9 6 6 5 4 4 4 4 3 2 1 1 
15 13 9 9 6 6 5 4 4 4 3 3 2 1 1 
15 12 9 9 5 5 5 4 4 4 3 3 2 1 1 
12 12 9 9 5 5 5 4 4 4 3 3 2 1 1 
12 11 9 9 5 5 5 4 4 3 3 2 2 1 1 
11 11 9 9 5 4 4 4 3 3 3 2 1 1 1 
11 11 6 6 5 4 4 4 3 2 2 1 1 
11 10 6 6 5 4 4 4 3 1 1 1 
11 10 6 5 4 4 4 3 2 1 1 1 
11 10 6 5 4 4 3 3 2 1 1 1 
11 10 6 5 4 4 3 3 1 1 1 1 
11 10 5 4 4 4 3 3 1 1 1 1 
11 9 5 4 4 3 3 2 1 1 1 
11 9 4 4 4 3 3 2 1 
11 9 4 3 3 2 2 2 1 
10 9 4 3 3 2 2 2 1 
10 9 4 3 3 2 2 1 1 
10 9 4 3 3 2 2 1 1 
10 9 4 3 3 2 2 1 
10 6 4 3 3 2 2 
8 6 4 3 3 2 2 
8 6 4 3 3 2 2 
8 6 4 3 3 2 2 
8 6 4 3 3 2 2 
8 6 3 3 1 1 1 
8 6 3 3 1 1 1 
7 6 3 3 1 1 1 
7 6 3 3 1 1 1 
7 6 3 3 1 1 1 
7 6 3 3 1 1 1 
7 6 3 3 1 1 1 
7 6 3 3 1 1 1 
6 6 3 3 1 1 1 
6 6 3 3 1 1 
6 6 3 3 1 1 
6 6 3 2 1 1 
6 6 3 2 1 1 
6 5 3 2 1 
6 4 3 2 1 
6 4 3 2 1 
6 4 2 2 1 
6 3 2 2 1 
5 2 2 2 
5 2 2 2 
5 2 1 1 
5 1 1 1 
5 1 1 1 
4 1 1 1 
3 1 1 1 
3 1 1 1 
3 1 1 1 
3 1 1 1 
3 1 1 1 
3 1 1 1 
2 1 1 1 
2 1 1 1 
2 1 1 1 
2 1 1 1 
2 1 1 
2 1 1 
2 1 1 
2 1 1 
2 1 1 
2 1 
2 1 
2 1 
2 1 
2 1 
2 1 
1 
