178 155 143 139 132 127 126 121 117 114 112 108 108 108 103 101 99 96 91 88 88 82 78 78 76 76 75 74 73 69 69 69 66 66 65 64 62 60 59 58 57 52 51 50 49 49 47 43 43 40 36 36 35 33 33 30 30 30 30 30 30 30 30 28 26 26 26 26 25 25 25 23 23 23 22 22 22 20 18 18 18 18 18 18 18 17 17 16 16 16 15 15 15 14 13 13 11 11 11 11 11 10 10 10 10 10 10 9 9 9 8 8 8 6 6 6 6 6 5 5 5 5 5 5 5 5 5 5 5 5 5 5 5 5 5 5 5 5 5 5 5 5 5 5 4 4 4 3 3 3 3 2 2 2 2 1 1 1 1 1 1 1 1 1 1 1 1 1 
153 146 138 123 119 118 115 115 110 107 107 99 94 94 93 92 88 86 84 83 82 77 72 71 71 71 70 69 69 67 65 61 61 61 57 53 53 53 49 48 47 45 45 44 43 41 41 41 41 38 34 34 33 33 33 30 29 29 29 29 29 29 29 27 26 26 23 23 23 23 23 23 22 20 19 19 19 19 18 17 17 16 16 15 15 14 14 14 14 14 14 13 13 13 13 10 10 10 10 10 8 8 7 7 7 7 7 6 6 6 6 6 6 6 6 6 6 5 5 5 5 5 5 5 4 4 4 4 4 4 4 3 2 2 2 2 2 1 1 1 1 1 1 1 1 1 1 1 1 1 1 1 1 
143 133 130 122 118 115 113 108 103 99 98 94 93 90 87 87 85 83 81 80 78 72 71 68 68 64 63 63 58 56 56 55 53 53 51 48 48 47 47 47 45 45 44 42 42 41 40 39 39 34 33 33 32 32 32 29 29 29 29 26 25 25 25 25 25 24 23 22 21 21 19 18 18 17 17 17 17 17 16 16 15 15 15 14 14 14 14 13 13 13 12 12 12 8 6 6 6 6 6 6 6 6 6 6 6 6 6 6 6 6 6 6 5 5 5 5 5 4 4 4 4 4 4 4 4 4 4 4 3 3 2 1 1 1 1 1 1 
134 126 126 114 114 111 110 105 100 97 94 91 90 88 82 80 77 77 77 75 69 60 58 58 58 52 52 52 52 52 52 49 49 49 49 48 47 45 44 44 44 44 44 41 39 36 35 34 32 31 28 28 27 27 27 27 27 27 26 25 25 25 24 21 20 20 19 19 18 18 17 17 17 17 17 17 17 17 16 14 13 12 11 11 11 11 11 11 11 11 11 9 8 8 6 6 6 6 6 6 6 6 6 6 6 6 6 6 6 6 6 5 5 5 5 5 4 4 3 3 3 3 2 2 1 1 1 1 1 1 1 
128 110 110 109 101 100 100 100 95 92 88 86 83 83 77 77 76 73 72 69 65 58 58 56 54 52 52 52 52 50 50 46 45 44 44 44 44 41 37 37 37 35 35 33 31 31 31 31 31 28 27 27 27 27 26 26 26 25 24 24 23 23 22 21 19 19 18 17 17 17 17 17 17 16 15 15 14 14 13 13 12 12 11 11 11 11 11 11 10 10 10 9 8 7 6 6 6 6 6 6 6 6 6 6 5 5 5 5 5 5 5 5 5 5 4 3 2 2 1 1 1 1 1 1 1 1 1 1 1 1 1 
127 110 105 104 100 97 97 92 90 85 81 81 74 70 70 68 66 66 66 66 62 58 58 55 54 49 48 47 47 47 46 45 39 39 39 39 38 34 34 34 33 33 33 33 31 31 31 30 28 27 27 27 27 26 24 24 24 24 23 22 20 19 19 18 18 18 17 16 14 14 14 14 14 13 13 13 13 13 11 11 11 10 10 10 10 10 10 9 8 7 7 6 6 6 6 6 5 5 5 5 5 5 5 5 5 5 5 5 5 5 5 3 2 2 2 1 1 1 1 1 1 1 1 1 1 1 1 1 1 
125 102 100 99 98 95 90 89 84 84 81 74 68 67 66 66 64 64 61 59 59 57 56 55 50 49 47 47 46 46 45 42 39 39 39 39 35 33 33 33 32 32 32 29 28 28 28 27 27 27 27 25 24 23 23 23 23 21 21 21 18 18 18 17 17 16 14 14 14 12 11 11 11 11 11 10 10 10 10 10 9 9 9 8 8 8 8 8 7 6 6 6 6 6 6 6 5 5 5 5 5 5 5 5 5 4 4 4 4 4 2 2 2 2 2 1 1 1 1 1 1 1 1 1 1 1 1 1 1 
117 101 100 99 98 93 87 80 80 80 76 72 67 66 65 65 62 62 59 59 58 55 52 51 48 46 46 46 45 41 41 40 38 37 37 37 34 31 30 30 30 30 30 28 28 27 26 26 26 25 25 25 24 23 21 19 19 18 18 17 16 16 16 16 16 15 13 10 10 10 10 10 10 10 9 9 9 9 9 9 9 9 9 8 8 7 7 6 6 6 6 6 6 6 6 6 5 5 5 4 4 4 4 4 3 3 2 2 2 2 2 2 2 2 2 1 1 1 1 1 1 1 1 1 1 1 1 
115 99 99 94 93 93 84 80 78 77 72 71 67 66 65 61 61 60 59 56 56 51 50 49 48 46 46 42 41 41 40 39 37 35 33 33 32 30 30 30 30 27 27 24 23 23 21 20 17 17 17 17 17 17 17 17 17 17 16 15 15 15 15 13 13 13 11 10 10 10 7 7 7 7 7 7 7 7 7 7 7 7 6 6 6 6 6 6 6 6 6 6 5 5 5 5 4 4 4 4 2 2 1 1 1 1 1 1 1 1 1 1 1 1 1 1 1 
111 99 96 94 92 89 83 77 77 67 65 65 65 63 63 61 60 55 55 52 52 51 47 45 43 41 41 40 40 37 37 37 36 34 33 32 31 30 28 27 27 27 26 24 22 19 19 17 17 17 17 17 17 16 15 15 15 15 12 12 12 11 11 10 10 10 10 10 10 7 7 7 7 7 7 7 7 6 5 5 5 5 5 5 5 5 5 5 5 5 5 5 5 3 3 3 3 3 2 1 1 1 1 1 1 1 1 1 1 1 1 1 1 
106 99 96 93 92 88 73 69 69 65 65 63 60 60 58 57 56 55 54 51 51 46 44 44 41 41 40 39 38 37 35 33 33 32 32 30 29 28 27 27 27 25 23 20 20 19 18 17 17 17 16 15 15 15 15 14 14 13 12 12 12 11 10 10 10 9 8 8 8 7 7 7 7 7 7 5 5 5 5 5 5 5 5 5 5 5 5 4 4 4 4 4 4 2 2 2 1 1 1 1 1 1 1 1 1 1 1 1 1 1 1 1 1 
101 99 96 91 89 87 73 69 69 65 63 63 60 58 56 55 52 52 46 44 44 44 43 42 41 39 39 39 37 37 33 33 33 29 29 29 28 27 26 24 23 21 21 17 17 17 17 17 16 15 15 14 14 13 13 12 11 11 11 9 9 9 9 9 8 8 6 6 6 6 6 6 6 6 5 5 5 5 5 5 5 5 5 5 5 4 4 4 4 4 4 3 3 2 2 1 1 1 1 1 1 
100 98 89 86 84 77 70 69 69 65 63 62 59 57 56 53 48 47 46 43 43 43 42 42 41 39 38 36 36 35 32 32 31 29 27 24 24 24 23 23 23 21 20 17 17 17 17 17 16 15 14 12 11 11 10 10 9 9 9 9 9 9 9 9 6 6 6 6 6 4 2 2 2 1 1 1 1 1 1 1 1 
88 86 86 82 82 66 65 63 63 63 62 60 55 54 53 53 47 46 44 43 43 42 42 39 37 33 33 31 30 29 29 22 22 22 22 22 22 22 22 22 21 19 19 17 17 16 15 15 14 12 12 11 10 10 10 9 9 9 9 9 9 9 8 6 6 6 3 3 3 3 2 1 1 
87 85 83 68 68 65 62 62 62 62 58 57 53 53 51 50 47 44 44 43 43 42 39 37 37 33 29 29 26 26 25 22 22 22 22 22 22 22 22 21 20 19 18 17 16 13 12 12 12 11 10 10 10 10 9 9 9 9 9 8 6 6 6 6 6 5 3 3 1 1 1 1 1 
85 82 81 65 62 62 62 59 59 59 57 57 53 53 50 48 47 44 44 42 39 38 37 37 33 30 29 29 26 24 24 21 21 20 20 20 20 19 19 18 17 16 16 16 14 13 12 12 12 11 10 10 10 9 9 9 9 8 8 8 6 6 6 6 5 3 3 1 1 1 1 
81 80 80 62 62 61 59 59 59 58 56 56 52 51 49 44 44 42 39 38 38 38 37 35 33 30 29 25 24 24 23 21 21 20 20 20 19 19 18 17 16 16 16 16 13 12 12 11 11 9 9 9 9 9 9 9 8 8 8 7 6 6 6 6 5 3 2 1 1 1 
78 78 70 62 60 60 59 59 59 57 56 53 51 49 48 37 37 37 36 35 35 33 31 31 31 30 29 25 24 23 23 20 19 19 19 19 18 18 18 16 16 14 14 14 13 12 12 11 11 9 8 8 8 8 8 8 8 7 6 6 6 6 6 5 3 3 2 1 1 
78 77 66 61 59 59 58 58 58 55 54 51 49 47 45 37 36 36 36 35 35 31 29 29 27 26 26 25 24 22 21 20 19 19 19 19 18 18 18 16 16 14 12 12 11 11 10 10 9 8 7 7 7 7 7 7 6 5 5 5 5 5 5 4 3 2 1 1 1 
77 71 66 60 58 58 58 58 56 54 51 49 49 47 45 37 36 36 35 35 29 29 28 25 25 25 25 23 23 21 21 20 18 18 18 18 17 16 16 16 14 13 12 11 11 10 10 10 9 8 7 7 7 7 7 5 5 5 5 5 5 5 4 4 3 1 
75 67 65 60 58 58 58 57 55 53 50 48 47 44 42 36 36 36 35 35 29 26 25 24 24 24 22 22 21 21 21 20 17 16 16 15 15 14 14 12 12 12 11 11 10 10 10 10 8 8 7 7 7 7 7 5 5 5 5 5 5 3 2 2 2 
75 64 61 59 58 58 56 56 49 49 48 46 43 42 39 36 36 35 33 31 25 25 24 23 23 22 22 22 20 20 20 20 16 15 15 15 13 13 13 12 12 10 10 10 10 10 8 6 6 6 5 5 5 5 5 5 4 4 4 4 3 2 2 2 2 
73 63 61 58 58 58 55 54 49 47 45 45 40 39 38 36 35 35 30 28 25 25 23 22 22 22 22 21 20 16 16 16 15 14 14 14 13 12 12 11 11 10 10 10 10 8 8 6 5 5 5 5 4 4 4 4 4 4 3 3 3 2 2 1 1 
69 62 61 58 58 56 55 51 47 45 43 42 40 39 37 36 34 34 30 28 24 23 22 21 21 21 21 19 17 16 16 16 15 14 14 14 13 12 12 11 11 10 10 9 9 8 7 6 5 5 5 5 4 4 4 4 3 3 2 1 1 1 1 1 1 
65 61 60 58 57 54 54 50 47 45 43 41 40 36 36 34 34 31 28 28 24 23 21 21 21 21 20 19 16 16 16 15 15 14 13 13 13 11 11 11 11 10 9 9 9 7 6 5 5 5 4 4 4 4 4 3 3 2 2 1 1 1 1 1 
61 58 56 56 56 53 53 46 44 44 40 40 36 35 35 34 33 30 28 28 23 21 21 21 20 18 18 18 16 15 15 14 13 12 12 12 12 11 10 10 10 10 9 8 7 7 5 5 5 5 4 4 3 3 3 2 2 2 2 1 1 1 1 1 
61 57 56 56 55 53 49 45 44 42 39 37 36 35 35 30 29 29 26 25 23 21 21 21 20 18 18 18 16 15 13 13 13 12 12 12 12 11 10 10 10 9 9 8 6 6 5 5 4 4 4 3 2 2 2 2 2 1 1 1 1 1 1 
61 55 55 55 55 52 49 43 42 41 39 36 33 32 32 30 29 29 24 23 23 21 21 21 19 17 17 17 16 15 13 13 12 12 12 12 12 11 10 10 9 8 7 7 6 5 4 4 4 4 4 3 2 2 2 2 2 1 1 1 1 1 1 
61 55 55 55 51 51 47 43 42 41 39 35 32 31 29 29 28 26 24 23 22 21 20 18 18 17 17 16 16 14 13 12 12 12 12 11 10 10 10 8 8 8 7 7 6 5 4 4 3 3 3 2 2 2 2 2 2 1 1 1 1 1 1 
61 55 55 54 51 50 47 43 41 41 38 33 29 28 26 26 26 25 21 21 21 21 20 18 18 17 17 15 15 13 12 12 12 12 11 10 10 8 8 8 8 5 5 5 5 5 4 4 3 3 2 2 2 2 1 1 1 1 1 1 1 1 1 
59 54 54 51 50 48 41 41 41 38 37 30 27 26 26 26 24 24 21 21 20 20 19 18 17 17 13 13 13 13 12 12 12 11 10 9 9 8 7 6 6 5 5 4 4 4 4 4 3 2 2 2 2 2 1 1 1 1 1 1 1 1 
58 53 51 50 50 47 41 40 40 36 34 30 26 26 26 24 24 23 21 21 20 20 18 18 16 16 13 13 12 12 12 12 10 9 8 8 8 8 7 6 6 5 5 3 2 2 2 2 2 2 2 2 2 2 1 1 1 1 1 1 1 1 
56 51 51 50 47 45 41 40 36 35 34 30 26 26 25 24 24 21 21 21 20 20 18 17 16 16 13 13 12 10 10 10 10 9 8 8 8 8 6 6 6 5 3 3 2 2 2 2 2 2 2 2 2 2 1 1 1 1 1 1 1 
54 51 49 49 46 44 41 37 35 33 32 28 26 25 25 24 22 21 21 21 20 19 18 14 14 14 13 12 10 10 10 10 10 9 8 7 7 7 6 6 6 3 3 2 2 2 2 2 2 2 2 2 2 2 1 1 1 
52 50 48 48 46 43 41 37 33 32 29 26 25 25 25 22 22 21 21 21 19 19 17 14 14 14 13 11 10 10 10 9 9 7 7 7 7 7 6 6 5 2 2 2 2 2 2 2 2 2 2 2 2 2 1 1 
52 48 47 46 44 41 38 31 30 24 24 24 24 23 23 22 21 20 20 19 18 17 16 14 14 13 11 11 10 10 10 9 9 7 7 7 6 6 6 6 2 2 2 2 2 2 2 2 2 2 2 2 2 1 1 
51 48 47 45 43 40 37 29 27 24 24 23 23 22 22 20 19 19 19 16 16 16 16 14 11 11 11 10 10 10 10 9 7 7 7 6 6 6 6 6 2 2 2 2 2 2 2 2 2 2 2 2 1 1 
51 48 46 41 40 36 30 29 24 24 24 23 23 22 22 20 19 18 17 16 16 16 15 14 11 11 11 10 10 10 9 8 7 7 6 6 6 5 5 5 2 2 2 2 2 2 2 2 2 2 2 2 1 
51 46 45 36 36 36 28 26 24 23 23 23 23 22 21 20 19 17 16 16 15 14 13 12 11 10 10 10 10 8 8 8 7 6 6 6 6 5 4 3 2 2 2 2 2 2 2 2 2 1 1 1 1 
45 41 41 36 34 33 28 26 23 23 23 23 23 21 18 18 17 17 16 13 13 13 13 12 10 10 9 9 9 8 8 7 6 6 6 4 3 3 3 3 2 2 2 2 2 2 2 2 1 1 1 1 1 
44 41 40 36 33 32 26 26 23 23 22 22 22 20 18 18 17 16 15 13 13 13 11 11 10 10 8 8 8 8 8 6 6 6 6 4 3 3 2 2 2 2 2 2 2 2 2 2 1 1 1 1 
43 39 39 33 33 32 26 25 23 23 22 22 22 19 18 18 17 16 14 13 13 13 11 11 10 10 8 8 8 8 8 6 6 6 6 4 3 3 2 2 2 2 2 2 2 2 2 1 1 1 1 
42 39 37 33 32 31 26 24 23 21 21 21 21 18 17 16 16 14 14 13 12 11 11 11 9 9 8 8 8 7 7 6 6 6 5 4 2 2 2 2 2 2 2 2 2 2 2 1 1 1 1 
40 39 37 33 31 31 25 24 21 21 21 21 20 18 17 16 16 13 13 12 12 11 11 11 9 9 8 7 7 7 6 6 4 4 4 4 2 2 2 2 2 2 2 2 2 2 2 1 1 
40 39 37 33 31 31 25 23 21 21 19 19 19 18 16 16 15 12 12 11 11 11 11 9 9 8 8 7 7 6 6 4 4 4 4 2 2 2 2 2 2 2 2 2 2 1 1 1 1 
40 38 35 33 31 30 25 23 21 20 19 18 17 17 16 13 13 12 12 11 11 11 11 9 9 8 8 6 6 6 5 4 4 4 3 2 2 2 2 2 2 2 2 1 1 1 1 1 1 
37 37 35 31 30 29 23 22 21 18 18 18 17 16 13 13 13 12 11 11 11 10 9 7 6 6 6 6 6 6 5 4 4 3 3 2 2 2 2 2 2 2 2 1 
36 35 34 30 30 28 23 22 21 18 18 18 16 16 13 13 13 12 11 11 11 9 7 7 6 6 6 6 6 6 4 4 4 3 3 2 2 2 2 2 2 2 2 1 
36 33 32 30 28 25 23 21 21 18 18 18 16 14 13 13 13 12 11 11 11 8 7 6 6 6 6 6 6 5 4 4 3 3 3 2 2 2 2 2 2 2 1 
36 33 31 26 26 25 22 21 20 18 18 17 15 14 13 13 13 12 11 11 10 8 6 6 6 6 6 5 5 4 4 4 3 3 2 2 2 2 2 2 1 1 
33 33 29 26 26 24 22 21 19 18 18 17 15 14 13 12 12 12 11 11 10 8 6 6 6 6 6 5 4 4 4 4 3 3 2 2 2 2 2 1 1 1 
33 31 29 26 25 23 22 19 19 18 18 15 15 14 13 12 12 11 10 9 9 8 6 6 6 5 5 4 4 4 4 4 3 2 2 2 2 1 1 1 1 1 
31 31 29 26 25 23 19 19 19 18 16 15 14 14 13 10 10 8 8 8 8 8 6 6 6 5 5 4 4 4 4 3 3 2 2 2 2 1 1 1 
31 31 29 26 24 22 19 19 19 18 16 15 13 13 13 10 10 8 8 8 8 7 6 6 6 5 5 4 4 4 4 3 3 2 2 2 2 1 1 
30 30 28 26 22 21 19 19 17 17 16 15 13 13 11 10 8 8 8 7 7 7 6 6 6 5 5 4 4 4 2 2 2 2 2 1 1 1 1 
30 30 28 23 22 21 19 18 17 17 15 14 13 12 11 8 7 7 7 7 7 7 6 6 6 5 5 4 4 3 2 2 2 2 2 1 1 1 
30 29 26 23 22 20 19 18 17 17 14 14 11 11 8 7 7 7 7 7 7 7 5 5 5 5 4 4 4 3 1 1 1 1 1 1 1 1 
29 28 26 22 20 20 19 16 16 16 12 12 11 9 7 7 7 7 7 5 5 5 5 5 5 4 4 4 3 3 1 1 1 1 1 1 1 1 
29 26 24 22 20 19 18 16 16 15 12 12 10 9 7 7 7 6 5 5 5 5 5 5 5 4 4 3 2 2 1 1 1 1 1 1 
29 25 24 22 20 19 17 16 15 15 12 12 9 8 7 6 6 5 5 5 5 5 5 4 4 4 3 3 2 2 1 1 1 1 1 1 
29 23 22 22 19 17 17 16 15 15 12 12 8 8 7 6 5 5 5 5 5 5 4 4 4 4 2 2 1 1 1 1 1 1 
29 22 22 21 18 17 17 15 14 14 11 10 7 6 5 5 5 5 5 5 5 5 4 4 3 3 1 1 1 1 1 
28 21 21 20 17 17 17 14 14 12 10 10 7 6 5 5 5 5 5 5 5 5 4 4 3 3 1 1 1 1 1 
27 21 20 19 17 17 16 14 14 10 10 10 6 6 5 5 5 5 5 5 5 5 3 3 3 3 1 1 1 1 
25 21 19 19 17 16 14 14 14 10 10 10 6 6 5 5 5 5 5 5 5 4 3 3 2 2 1 1 1 1 
24 20 19 19 17 16 14 13 13 10 10 10 6 6 5 5 5 5 5 5 5 4 3 2 2 2 1 1 1 1 
24 20 19 19 17 14 14 13 12 10 9 8 6 6 5 5 5 5 5 4 3 3 2 2 2 2 1 1 1 
23 19 18 18 17 14 14 13 11 10 9 8 6 5 5 5 5 5 4 4 3 3 2 2 2 1 1 1 
23 19 18 17 17 13 13 12 11 10 9 8 6 5 5 5 5 5 4 3 3 3 2 2 2 1 1 1 
22 19 18 17 15 13 13 12 11 10 9 7 5 5 5 5 5 5 4 3 3 2 2 1 1 1 1 1 
21 19 18 17 15 13 13 11 10 8 8 6 5 5 5 5 5 3 3 3 3 1 1 1 1 1 1 1 
21 19 17 16 15 13 12 10 9 8 7 6 5 5 5 5 3 3 3 3 2 1 1 1 1 1 1 1 
21 19 17 16 14 13 11 9 8 8 6 6 5 5 5 5 3 3 3 3 2 1 1 1 1 1 1 1 
21 19 17 16 14 12 11 9 8 8 5 5 5 5 3 3 3 3 2 2 1 1 1 1 1 1 1 
21 19 17 15 14 11 10 9 8 8 5 5 5 3 3 3 3 2 2 2 1 1 1 1 1 
21 19 16 15 12 11 9 9 7 6 5 5 4 3 3 3 2 2 2 2 1 1 1 
21 19 16 14 12 11 9 9 7 6 5 5 3 3 2 2 2 2 2 2 1 
20 19 16 14 12 11 9 9 6 5 5 5 3 3 2 2 2 2 2 2 1 
20 18 16 14 12 11 9 9 5 5 5 5 2 2 2 2 2 2 2 2 
19 18 16 12 12 10 9 9 5 5 5 3 2 2 2 2 2 2 1 
19 17 16 12 11 10 9 9 5 5 5 3 2 2 2 2 2 2 1 
19 16 16 11 11 10 9 8 5 5 2 2 2 2 2 2 2 1 
19 15 14 11 10 9 8 7 5 5 2 2 2 2 2 2 1 
19 15 13 11 9 9 8 6 5 5 2 2 2 2 2 2 1 
19 15 13 11 9 8 7 6 5 3 2 2 2 2 2 1 1 
19 14 13 10 9 8 7 6 5 2 2 2 2 2 2 1 1 
19 14 13 10 9 8 7 6 5 2 2 2 2 2 2 1 1 
19 14 12 9 9 8 7 6 3 2 2 2 2 2 2 1 
18 13 10 9 9 8 7 6 3 2 2 2 2 1 1 
18 12 10 9 8 8 7 5 3 2 2 2 2 1 1 
18 11 10 9 8 8 6 4 3 2 2 2 2 1 
18 11 10 9 8 7 6 4 3 2 2 2 1 1 
16 11 10 8 7 7 6 3 2 2 1 1 1 1 
16 10 9 8 6 6 5 3 2 1 1 1 1 1 
16 10 9 8 6 6 5 3 2 1 1 1 1 
16 10 9 7 6 5 5 3 2 1 1 1 
16 10 9 7 6 4 4 3 2 1 
16 10 9 7 6 4 4 3 2 1 
13 10 9 6 5 4 3 3 1 
12 10 8 6 4 3 3 3 1 
12 10 7 6 4 3 3 3 1 
12 10 7 6 4 3 3 3 
12 9 7 6 4 3 3 3 
11 9 7 6 4 3 3 2 
11 9 7 5 4 3 2 2 
11 8 7 5 3 3 2 2 
11 8 7 5 3 3 2 1 
11 8 7 5 3 3 1 
11 7 6 5 3 3 1 
9 6 5 5 3 3 1 
9 5 5 4 3 3 
8 5 4 4 3 3 
8 4 4 4 3 3 
8 4 4 4 3 3 
7 4 4 3 3 2 
7 4 4 3 3 1 
7 4 4 3 3 1 
7 4 3 3 3 1 
7 4 3 3 3 1 
6 4 3 3 3 1 
6 4 3 3 2 1 
6 3 3 3 1 1 
6 3 3 3 1 1 
5 3 3 3 1 1 
5 3 3 2 1 1 
5 3 3 1 1 1 
5 3 3 1 1 1 
3 3 2 1 1 1 
3 2 1 1 1 1 
3 2 1 1 1 1 
3 2 1 1 1 1 
2 2 
2 2 
1 1 
1 1 
1 1 
1 1 
1 1 
1 1 
1 1 
1 1 
1 1 
1 1 
1 1 
1 1 
1 1 
1 1 
1 1 
1 1 
1 1 
1 1 
1 1 
1 1 
1 1 
1 1 
1 1 
1 1 
1 1 
1 1 
1 1 
1 
1 
