177 164 146 146 143 138 126 126 113 107 107 104 103 103 102 101 95 95 93 92 87 82 82 81 80 79 77 76 74 70 67 66 66 62 59 58 58 58 58 58 57 57 56 55 53 52 51 49 46 45 45 43 43 42 38 38 38 35 35 35 35 33 32 32 31 30 30 30 30 29 26 25 25 25 25 24 24 23 22 22 22 22 22 22 22 22 20 20 19 18 18 17 17 16 15 14 14 14 13 13 13 13 13 13 13 13 13 10 10 10 9 9 9 9 7 7 7 7 7 7 7 7 7 7 7 7 7 6 6 5 4 4 4 4 4 4 4 4 4 4 4 4 4 3 2 2 2 2 2 2 1 1 1 1 1 1 1 1 
155 141 139 125 117 109 104 97 95 93 93 91 91 90 90 84 83 81 80 80 79 76 75 73 67 67 67 65 61 60 60 58 57 57 57 57 56 52 52 50 49 44 44 42 42 42 42 41 41 38 34 34 33 31 31 31 31 31 31 30 30 30 29 29 27 27 27 27 26 25 25 24 23 23 23 23 22 20 20 17 17 16 15 14 14 14 11 11 11 11 11 11 11 11 11 10 10 9 8 8 8 8 8 8 8 8 8 7 7 7 7 7 7 7 7 4 4 4 4 4 4 4 4 4 4 3 3 3 3 3 3 3 3 3 3 3 3 3 2 2 2 2 2 2 1 1 1 1 1 1 1 1 1 1 1 
142 140 132 116 107 107 102 96 94 93 91 86 83 82 82 82 81 80 79 77 76 72 71 69 61 60 60 60 59 59 59 57 53 53 51 51 50 46 45 45 44 42 37 36 35 34 32 32 32 32 32 29 29 29 28 27 26 26 26 26 26 24 24 24 23 19 19 18 17 17 17 17 16 16 16 15 14 14 13 13 13 13 12 11 11 11 11 10 10 10 10 10 9 9 9 9 8 8 8 8 7 7 7 7 7 7 7 7 7 6 6 6 6 6 6 4 4 4 4 4 3 3 3 2 2 2 2 2 2 2 2 2 2 2 2 2 2 2 2 1 1 1 1 1 
142 135 126 112 96 96 92 88 88 86 81 81 79 77 77 76 75 69 67 67 67 67 67 65 59 54 53 53 51 51 51 51 48 47 44 44 44 41 39 39 39 39 34 34 33 31 31 31 31 28 28 28 26 26 25 25 25 24 22 22 22 21 21 20 19 19 19 18 17 17 17 15 15 15 15 13 13 13 13 13 13 12 10 10 10 10 10 9 9 9 9 9 8 8 7 7 7 7 7 7 7 7 7 7 7 7 6 6 6 6 6 6 6 5 4 4 4 4 4 2 2 2 2 2 2 2 2 2 2 2 2 2 1 1 1 1 1 1 1 1 1 
133 127 124 108 90 87 85 84 84 81 79 77 73 72 72 67 66 66 66 64 61 61 61 50 49 49 48 48 46 46 46 46 44 44 43 41 41 36 36 36 35 35 34 32 32 30 30 29 27 27 25 24 24 24 22 22 22 22 22 19 19 19 18 17 17 17 17 16 16 16 15 15 15 13 13 13 13 11 11 11 10 10 10 7 7 7 7 7 7 7 7 7 7 7 7 7 7 7 7 5 5 5 5 5 4 4 2 2 2 2 2 2 2 2 2 2 2 2 2 2 2 2 2 2 1 1 1 1 1 1 1 
131 122 118 101 90 87 83 83 78 78 76 74 72 71 68 66 66 63 63 61 60 57 56 50 49 47 46 46 46 45 44 44 44 44 43 41 40 35 35 35 33 32 28 27 27 27 26 25 25 25 23 21 20 19 18 18 18 18 18 18 18 16 16 16 16 16 16 16 16 16 15 15 15 12 11 10 10 10 10 10 10 10 10 7 7 7 7 7 7 7 7 7 7 7 6 5 5 5 5 5 4 4 4 4 3 3 2 2 2 2 2 2 2 2 2 2 2 2 2 2 2 2 2 2 1 1 1 1 1 
123 114 111 98 85 85 82 81 78 77 74 72 67 67 62 62 58 57 51 51 50 50 50 49 44 44 44 44 43 43 43 42 40 40 38 38 33 33 32 28 26 26 26 25 25 24 24 24 24 24 22 21 19 19 18 18 17 17 17 17 17 16 16 16 16 16 16 15 13 13 13 13 11 10 10 10 10 10 10 10 9 7 7 7 7 7 6 6 6 6 6 6 6 5 5 5 5 4 3 3 3 3 3 3 2 2 2 2 2 2 2 1 1 1 1 1 1 1 1 1 1 1 1 1 1 1 1 
123 113 105 95 85 83 81 78 75 71 68 66 64 64 61 59 58 55 50 50 50 50 50 48 44 44 43 43 43 40 40 37 34 31 30 30 30 28 27 27 26 25 24 24 24 24 24 24 23 23 22 20 19 19 18 18 17 17 17 15 15 15 15 15 15 14 14 14 13 12 12 12 11 10 10 10 10 9 9 7 7 7 7 7 7 6 6 6 6 6 5 5 4 3 3 2 2 2 2 2 2 2 2 2 2 2 2 1 1 1 1 1 1 1 1 1 1 1 1 
113 97 97 95 85 81 79 77 74 71 66 64 62 60 56 55 55 54 50 50 48 48 47 47 44 40 39 39 37 37 37 34 32 30 30 30 29 28 27 26 26 24 24 24 24 23 23 22 20 20 20 20 19 17 17 17 17 16 15 15 15 15 15 14 14 14 14 12 12 12 10 10 9 9 9 9 9 8 7 7 7 7 7 7 7 6 6 6 6 6 4 4 4 2 2 2 2 2 2 2 2 1 1 1 1 1 1 1 1 1 1 1 1 1 1 1 
109 92 89 89 84 80 79 76 71 71 64 60 60 57 55 53 53 52 50 49 47 46 45 45 44 38 37 37 37 36 36 32 31 30 29 28 27 27 27 25 24 24 23 23 23 23 21 20 20 20 18 18 18 17 17 16 16 15 15 15 15 15 15 12 12 12 10 9 9 8 8 7 7 7 7 7 7 7 7 7 7 7 6 6 6 5 3 3 3 3 3 3 3 2 2 1 1 1 1 1 1 1 1 1 1 1 1 1 1 1 1 1 1 
104 91 89 87 81 78 77 76 71 71 62 60 57 56 55 52 47 47 47 47 47 46 45 45 42 38 37 37 37 35 35 31 31 30 28 28 27 25 25 24 23 23 23 23 23 23 20 20 18 18 18 17 17 16 16 16 16 15 15 13 13 13 12 12 11 11 9 9 9 8 8 7 7 7 7 6 6 6 6 6 6 6 6 6 5 4 3 3 3 3 3 2 2 2 2 1 1 1 1 1 1 1 1 1 1 
104 91 89 87 80 78 76 74 69 66 62 59 57 55 52 51 47 47 47 44 43 43 43 43 42 37 37 37 36 35 32 31 30 28 28 28 26 25 25 24 23 23 23 23 23 21 20 20 18 17 17 17 17 16 16 16 16 15 14 13 13 13 12 10 8 7 6 6 6 6 6 6 6 6 6 6 6 6 6 6 5 5 4 4 4 3 3 2 2 2 2 2 2 2 1 1 1 1 1 1 1 1 1 1 1 
100 88 88 79 76 76 74 67 67 60 59 53 53 53 52 49 47 44 43 42 42 41 41 41 39 36 36 34 34 34 30 30 29 27 27 26 25 25 25 23 23 22 22 21 20 20 19 19 17 17 17 16 16 16 16 16 15 15 13 13 12 12 11 10 7 7 6 6 6 6 6 6 6 6 6 6 6 6 5 5 5 5 4 4 3 3 3 2 2 2 2 1 1 1 1 1 1 1 
95 88 85 78 75 72 71 66 63 58 57 53 53 51 51 48 42 42 41 41 40 38 38 38 35 35 33 33 30 30 30 29 29 27 26 25 25 25 22 22 21 21 20 20 19 18 18 18 17 17 17 16 15 15 15 15 14 13 13 12 12 12 10 9 7 6 6 6 6 6 6 6 5 5 5 5 5 5 4 4 4 3 3 3 3 3 3 2 2 2 1 1 1 1 1 1 
92 88 82 78 71 66 66 60 56 55 53 49 48 48 48 44 42 39 39 38 38 38 38 34 32 32 32 32 30 30 29 29 28 27 26 25 25 24 22 22 21 21 20 19 18 17 17 15 14 14 14 14 14 14 14 14 14 13 13 11 10 10 9 8 7 6 6 6 6 6 5 5 5 5 5 5 5 4 4 3 2 2 2 2 2 2 2 2 2 1 1 1 1 1 
92 88 81 78 70 66 66 60 56 51 49 48 48 48 48 44 42 38 38 38 38 37 37 32 32 32 30 29 29 28 28 27 27 26 26 22 22 22 20 20 20 19 19 18 17 15 13 13 13 13 13 13 13 13 13 12 12 11 11 10 10 9 8 7 6 6 6 5 5 5 5 5 5 5 4 4 4 3 3 2 2 2 2 2 2 2 2 2 2 1 1 1 1 1 
90 82 79 78 70 65 64 56 52 50 49 48 46 44 44 41 40 38 38 37 34 33 33 32 32 32 28 27 27 27 25 25 23 22 22 21 20 19 19 19 19 18 16 16 16 15 13 13 13 13 12 11 11 11 11 11 11 11 10 10 9 8 6 6 6 6 5 5 5 5 5 5 5 5 4 3 3 3 3 2 2 1 1 1 1 1 1 1 1 
86 82 77 75 68 65 64 55 50 49 44 44 44 43 43 41 40 38 38 37 34 33 33 32 32 30 27 27 26 25 24 23 22 21 20 20 18 17 17 15 15 15 15 15 14 14 13 11 11 11 11 11 11 11 11 10 10 9 9 7 7 7 6 6 6 5 5 5 5 5 4 3 3 3 3 2 1 1 1 1 1 1 1 1 1 1 1 
83 78 74 72 65 65 59 55 50 48 44 44 43 43 39 36 36 36 35 35 33 33 33 32 32 30 27 27 26 24 23 22 20 17 17 17 17 16 14 14 14 14 14 14 14 13 13 11 11 11 11 10 10 10 10 10 9 9 8 7 7 6 6 6 6 5 5 3 3 3 3 3 3 2 2 2 1 1 1 1 1 1 1 1 1 1 1 
82 76 74 72 64 58 58 55 50 48 43 43 41 41 38 36 35 35 35 34 33 33 33 32 31 28 26 24 23 22 20 19 17 15 15 15 15 15 14 14 14 14 14 14 13 13 11 11 11 10 10 10 10 10 10 10 9 7 7 6 6 6 6 4 4 4 3 3 3 2 2 2 2 2 2 1 1 1 1 1 1 1 
82 75 69 68 64 58 58 54 47 47 43 43 41 38 37 36 35 35 35 34 32 31 31 31 29 26 24 21 21 18 18 16 16 15 15 14 14 14 14 14 13 13 13 13 12 12 11 10 10 10 10 9 9 9 8 8 8 7 7 5 5 5 4 3 3 2 2 2 2 2 2 2 2 1 1 1 
82 75 69 65 62 58 56 53 47 46 43 38 37 37 37 35 35 34 34 33 32 31 31 31 28 26 20 20 19 18 16 16 15 15 15 14 14 14 14 14 13 13 13 13 11 11 11 10 10 10 9 9 7 7 7 7 6 6 5 5 4 4 4 3 3 2 2 1 1 1 1 1 1 1 1 
78 74 69 64 58 58 55 51 47 45 43 38 37 36 35 35 34 34 34 31 31 30 29 28 25 23 20 19 19 18 16 16 15 15 15 14 14 14 14 13 12 12 12 12 11 11 10 9 8 8 8 8 7 7 6 6 6 5 5 4 4 4 4 2 2 
75 74 65 63 58 55 51 50 47 45 43 38 37 35 34 34 34 33 31 29 28 28 27 27 22 22 20 19 18 18 16 15 15 15 15 14 13 13 13 13 12 12 12 10 10 10 9 8 8 8 8 7 6 6 6 6 5 5 4 4 4 4 3 2 1 
74 73 65 58 56 55 51 50 46 45 43 38 36 35 32 32 32 30 29 29 28 28 27 26 22 22 19 18 18 18 15 15 15 14 12 12 12 12 12 10 10 10 9 9 9 8 8 8 8 8 7 7 6 4 4 4 4 4 4 3 3 3 3 1 1 
74 70 64 56 54 54 46 45 45 44 41 38 36 33 32 32 32 29 27 27 27 27 24 24 22 20 19 18 18 17 15 15 15 13 12 12 12 12 11 10 9 9 8 7 7 7 7 7 7 6 6 5 4 4 4 3 3 3 3 3 3 3 2 1 1 
74 67 62 56 54 52 45 45 43 38 38 36 36 33 32 31 29 27 27 27 27 25 24 23 22 20 19 18 15 14 13 13 13 12 12 12 12 11 11 10 9 9 7 7 7 6 6 5 5 5 4 4 4 3 3 3 3 3 3 3 3 2 1 1 1 
72 67 60 53 53 46 44 38 37 37 37 36 35 33 31 29 29 27 27 27 24 24 22 21 21 19 19 17 13 13 13 13 12 12 11 10 10 10 10 9 9 7 7 7 5 5 5 4 4 4 4 3 3 3 3 3 3 3 3 3 3 1 1 1 1 
65 61 59 53 47 46 44 37 37 36 36 35 34 33 31 29 29 27 27 27 23 23 21 21 18 17 17 15 13 13 13 13 10 10 10 10 10 10 10 9 9 7 7 5 5 5 5 4 4 4 4 3 3 3 3 3 3 3 3 2 2 1 1 1 
64 60 59 49 47 44 42 37 36 35 35 35 34 31 28 28 28 26 26 24 22 22 21 20 18 17 17 15 13 13 12 11 10 10 10 10 9 9 9 9 7 7 5 4 4 4 4 4 4 4 3 3 3 3 3 3 3 2 2 2 2 1 1 1 
64 60 58 49 43 43 38 37 36 35 34 32 32 30 27 27 27 26 26 24 22 19 19 18 18 16 16 14 13 13 10 10 10 10 10 9 9 9 9 8 7 7 4 4 4 4 4 3 3 3 3 3 3 3 3 3 3 2 2 2 2 1 1 1 
62 60 58 48 43 40 38 37 36 35 33 32 31 28 27 27 26 26 25 23 21 19 19 17 16 14 14 14 13 13 10 10 10 10 9 9 9 9 7 7 7 6 4 4 4 3 3 3 3 3 3 3 3 3 3 3 3 2 2 2 2 
61 60 56 46 42 40 38 35 34 34 32 31 30 26 26 25 25 24 24 23 21 19 18 17 14 12 12 12 12 12 10 10 10 10 8 8 7 6 6 6 6 6 4 4 4 3 3 3 3 3 3 3 3 2 2 2 2 1 
61 56 54 46 40 39 38 35 33 32 32 29 29 26 26 25 25 24 22 21 21 19 18 17 14 12 12 12 12 12 10 10 10 7 6 6 6 6 6 6 6 5 4 4 4 3 3 3 3 3 3 2 2 1 1 1 1 
60 52 51 42 39 39 38 33 30 30 30 29 29 26 26 25 24 22 22 18 18 18 18 15 14 12 12 12 12 12 10 10 8 7 6 6 5 5 4 4 3 3 3 3 3 3 3 3 3 3 2 1 1 1 1 
60 52 50 40 38 38 37 31 30 29 29 29 29 26 26 21 21 21 21 18 18 17 17 15 14 12 12 12 12 11 10 8 7 7 6 4 4 4 4 3 3 3 3 3 3 3 3 1 1 1 1 1 1 
59 52 48 39 38 38 32 30 29 29 27 27 26 26 25 21 21 20 20 18 18 17 16 14 12 12 12 10 10 9 9 7 7 5 5 4 3 3 3 3 3 3 3 3 3 3 3 1 1 
58 52 48 36 36 35 32 27 27 27 26 25 24 24 22 21 21 20 19 18 16 16 16 14 12 12 11 10 10 9 8 7 6 5 4 3 3 3 3 3 3 3 3 3 3 2 2 1 
56 50 48 36 35 35 32 27 27 24 24 22 22 22 21 21 21 19 19 17 16 16 15 14 12 12 11 10 10 8 8 6 6 4 4 3 3 3 3 3 3 3 3 3 2 1 1 
54 50 45 36 35 33 32 27 27 24 22 22 22 22 21 21 20 17 17 15 15 15 15 14 10 10 10 10 10 8 7 6 5 4 3 3 3 3 3 3 3 3 3 2 2 1 1 
53 44 42 35 35 33 29 27 27 24 22 22 22 21 21 21 18 17 16 15 15 15 15 12 10 10 9 9 9 8 6 5 3 3 3 3 3 3 3 3 2 2 2 2 2 1 1 
49 43 42 35 33 31 29 26 24 24 22 22 22 21 21 18 17 17 16 15 14 14 11 11 10 8 8 7 7 7 5 4 3 3 3 3 2 2 2 2 2 2 2 1 1 1 1 
48 43 42 35 32 30 29 26 24 24 22 22 22 21 15 15 15 15 15 13 13 13 11 11 10 6 4 4 4 4 4 4 3 3 3 3 2 2 2 2 2 2 2 1 1 1 
47 43 41 35 32 30 29 26 24 23 22 22 22 21 15 15 14 14 14 13 13 13 11 9 7 5 4 4 4 4 4 4 3 3 3 2 2 2 2 2 2 2 1 1 1 
47 41 40 34 32 30 29 26 24 23 22 22 21 20 15 14 13 13 13 13 12 12 10 8 7 4 4 4 4 4 4 4 3 3 3 2 2 1 1 1 1 1 1 1 
47 41 39 34 32 30 28 23 23 23 22 22 21 18 15 13 13 13 12 11 10 10 10 7 4 4 4 4 4 3 3 3 3 3 3 1 1 1 1 1 1 1 1 1 
47 40 38 34 31 29 28 23 23 22 22 21 19 16 15 13 13 13 11 10 10 8 5 5 4 4 3 3 3 3 3 3 3 3 2 1 1 1 1 1 1 1 1 
47 40 38 32 31 29 28 23 23 22 21 20 19 15 14 13 13 12 11 10 6 6 5 4 3 3 3 3 3 3 3 3 3 3 2 1 1 1 1 1 1 
45 40 37 31 30 29 26 23 23 22 20 19 19 15 14 13 13 11 9 8 5 4 4 3 3 3 3 3 3 3 3 2 2 2 2 1 1 1 1 1 1 
45 40 36 31 30 28 26 23 23 22 19 19 18 15 13 13 12 11 9 6 4 3 3 3 3 3 3 3 3 3 2 2 2 2 2 1 1 1 1 
45 40 36 31 29 28 26 23 23 22 19 19 17 14 13 13 12 8 6 4 3 3 3 3 3 3 3 3 3 3 2 2 2 2 1 1 1 1 
45 40 36 31 28 28 25 23 22 21 19 19 17 14 13 13 12 7 5 3 3 3 3 3 3 3 2 2 2 2 2 1 1 1 1 1 1 1 
44 40 33 31 28 28 25 23 22 21 17 17 16 14 13 12 11 6 5 3 3 3 3 3 3 3 2 1 1 1 1 1 1 1 1 1 1 1 
43 40 33 30 28 27 24 23 20 19 17 16 14 13 12 12 10 6 5 3 3 3 3 3 3 3 2 1 1 1 1 1 1 1 
43 38 33 30 28 26 21 18 15 15 15 14 13 12 12 12 8 6 5 3 3 3 3 2 2 2 2 1 1 1 1 1 1 1 
42 37 33 30 27 26 20 18 12 12 11 11 11 11 10 10 8 5 4 3 3 3 3 2 2 2 2 1 1 1 1 1 1 
42 36 32 27 25 24 14 14 11 11 11 11 11 11 10 10 8 5 4 3 3 3 2 2 2 1 1 1 1 1 1 1 
39 35 32 26 25 23 14 12 11 11 11 11 11 11 10 8 8 4 4 3 3 3 2 2 2 1 1 1 1 1 1 1 
39 35 31 26 21 21 14 11 11 11 11 11 11 8 8 7 7 4 4 3 3 2 2 2 1 1 1 1 1 1 1 
37 34 31 25 21 21 12 11 11 11 11 10 9 8 7 7 6 4 4 3 3 2 2 2 1 1 1 1 1 1 1 
37 34 30 25 21 21 12 11 11 11 11 10 9 8 7 7 6 4 4 3 3 2 1 1 1 1 1 1 1 1 
36 33 30 25 21 19 12 11 11 11 11 10 9 8 7 7 5 4 4 3 3 2 1 1 1 1 1 1 1 1 
35 32 29 25 21 18 12 11 11 10 10 10 7 7 7 6 5 4 4 3 3 2 1 1 1 1 1 1 
34 31 29 25 21 18 12 11 11 10 10 8 7 7 6 6 5 4 4 3 3 2 1 1 1 1 1 1 
33 29 27 23 21 18 12 11 11 10 9 8 7 6 5 5 5 3 3 3 3 2 1 1 1 1 1 1 
30 29 25 23 20 18 12 11 11 10 9 7 6 5 5 4 4 3 3 3 2 2 1 1 1 
30 28 22 20 19 17 12 11 11 9 8 6 6 5 5 4 4 3 3 3 2 1 1 
29 26 22 18 17 15 12 11 10 9 7 6 6 5 5 4 4 3 3 3 2 1 1 
29 23 20 18 15 14 11 10 10 9 7 6 6 5 5 4 4 3 2 2 1 1 1 
29 23 19 18 14 13 11 10 10 8 7 6 6 5 4 4 4 2 2 2 1 1 
29 21 18 18 14 13 11 10 10 8 7 6 6 5 4 3 3 2 2 2 
28 19 18 18 14 13 11 9 9 8 7 6 6 5 4 3 3 2 1 1 
26 19 18 18 14 13 11 9 9 8 7 6 6 4 3 3 3 2 1 
26 19 18 16 14 13 10 9 9 8 7 5 5 4 3 3 2 1 1 
26 16 16 16 14 12 9 9 9 8 7 5 5 4 3 3 2 1 1 
26 16 16 14 14 12 9 9 9 8 7 5 5 4 3 2 2 1 1 
23 15 15 14 14 12 9 9 9 8 5 5 5 4 3 2 2 1 1 
23 15 14 14 14 12 9 9 9 8 5 4 4 3 3 2 1 1 1 
23 15 14 14 14 12 9 9 8 6 5 4 4 2 2 2 1 
23 15 14 14 14 11 9 8 7 5 5 4 3 2 2 1 1 
23 14 14 14 13 11 9 8 7 5 5 4 2 2 2 1 1 
23 14 14 13 12 11 9 8 6 5 4 4 2 2 1 1 1 
22 14 14 13 11 10 8 8 6 5 4 3 2 2 1 1 1 
22 14 14 12 11 10 8 8 6 5 4 2 2 2 1 1 1 
20 14 14 12 10 10 8 7 4 3 3 2 2 2 1 1 1 
19 14 14 11 10 9 8 7 4 3 3 2 2 2 1 
19 14 14 11 10 9 7 7 4 3 3 2 2 2 1 
19 14 12 10 10 9 7 6 4 3 3 2 2 2 
19 14 9 9 9 9 7 5 4 3 3 2 2 2 
19 14 9 9 9 8 7 5 3 3 3 2 2 1 
19 14 9 9 8 8 7 5 3 3 2 2 2 1 
16 14 9 9 8 8 6 5 3 3 2 2 2 
16 14 9 9 8 8 6 5 3 3 2 2 2 
12 12 9 9 8 8 6 3 3 3 2 2 2 
12 12 9 9 7 7 6 3 3 3 2 2 2 
12 12 8 7 7 7 5 3 3 3 2 2 1 
12 12 8 7 7 7 4 3 3 3 2 2 
12 11 8 7 7 5 4 3 3 3 2 2 
12 10 8 7 7 5 4 3 3 3 2 2 
12 10 7 7 7 5 4 3 3 3 2 
12 10 7 6 6 5 4 3 3 3 1 
10 10 7 6 5 5 4 3 3 2 
9 9 7 6 5 5 4 3 3 2 
9 9 7 6 5 5 4 3 3 2 
9 9 7 5 5 4 4 3 2 1 
9 9 7 5 5 4 4 3 2 1 
9 8 7 5 5 4 4 3 2 1 
9 8 7 5 5 4 3 3 1 1 
9 8 7 5 5 4 3 2 1 1 
9 8 7 5 4 4 2 2 1 
9 7 7 5 4 2 1 1 1 
8 7 7 5 4 2 1 1 1 
8 7 7 5 4 2 1 1 
8 7 7 5 4 2 1 1 
8 7 7 5 3 2 1 1 
8 7 5 4 3 1 1 1 
8 6 5 4 3 1 1 1 
8 5 5 4 3 1 1 1 
8 5 4 3 3 1 1 
8 5 4 3 3 1 1 
7 5 4 2 2 1 1 
7 5 4 2 2 1 1 
7 4 4 2 2 1 1 
7 4 4 2 2 1 1 
6 4 3 2 1 1 1 
5 3 3 1 1 1 1 
5 3 3 1 1 1 1 
5 3 1 1 1 1 1 
5 3 1 1 1 1 1 
5 3 1 1 1 1 1 
4 3 1 1 1 1 
4 3 1 1 1 1 
4 3 1 1 1 1 
4 3 1 1 1 1 
4 3 1 1 1 1 
4 2 1 1 1 
4 2 1 1 1 
4 2 1 1 1 
4 2 1 1 
4 2 1 1 
3 2 1 
3 2 1 
2 2 
2 2 
2 2 
2 2 
2 2 
2 1 
2 1 
2 
2 
2 
2 
2 
2 
2 
2 
2 
1 
1 
