158 151 151 139 131 122 119 118 115 114 114 112 107 106 106 101 100 99 95 90 87 86 84 83 81 81 73 71 70 69 67 65 65 65 63 60 56 54 53 53 53 53 52 51 51 51 49 48 47 47 44 41 41 38 38 38 38 38 34 34 34 33 33 32 30 30 30 28 28 28 28 28 23 22 22 22 22 22 20 18 18 17 17 16 16 16 16 16 16 16 16 14 14 11 11 11 11 11 10 9 9 9 9 9 9 9 9 9 9 9 8 8 8 8 8 8 8 8 8 7 7 7 6 6 6 6 4 4 4 4 4 2 2 2 2 2 2 2 2 2 2 2 2 2 2 2 2 2 1 1 1 1 1 1 1 1 1 1 1 1 1 1 1 
155 149 139 128 125 116 116 114 113 109 103 99 96 93 81 74 74 70 70 70 68 67 67 67 66 66 65 64 56 51 49 45 45 43 42 40 40 39 38 36 36 36 34 34 33 33 31 31 31 31 27 27 27 27 26 26 23 23 23 23 21 21 21 21 21 21 20 20 20 20 18 18 17 17 17 16 15 15 15 14 14 14 13 13 13 13 13 13 13 13 13 13 13 11 11 11 11 10 10 9 9 9 9 9 9 9 8 8 8 8 8 7 7 7 6 6 5 5 5 5 5 5 5 5 4 4 4 3 2 2 2 2 1 1 1 1 1 1 1 1 1 1 1 1 1 1 
148 131 118 116 116 111 108 107 99 97 97 92 84 80 79 70 69 68 65 65 65 65 65 64 63 63 62 61 52 49 49 42 41 41 40 37 37 37 35 35 35 35 34 33 31 31 31 31 27 26 22 21 20 20 20 20 20 20 20 20 20 20 20 19 17 17 17 16 16 15 15 15 13 12 11 11 11 11 10 10 10 10 10 10 10 10 10 10 10 10 10 9 9 8 8 8 8 8 8 8 8 8 8 8 8 8 8 7 7 7 6 5 5 5 4 4 4 4 4 4 4 4 4 4 4 3 2 2 2 2 1 1 1 1 1 1 1 1 1 1 1 1 1 1 
148 126 118 112 107 105 102 101 99 96 89 87 83 80 79 69 68 65 65 65 64 63 63 63 56 56 56 55 52 48 45 40 40 37 37 37 37 35 35 34 34 28 28 27 27 27 27 27 25 23 20 20 20 20 20 20 20 17 16 16 16 16 16 16 14 14 14 13 13 13 11 11 11 10 10 10 10 10 10 10 10 10 10 10 10 10 10 10 10 10 10 9 9 8 8 8 8 8 6 6 6 6 6 6 6 6 4 4 4 4 4 4 3 3 3 3 3 3 3 3 3 3 3 3 3 3 2 2 2 1 1 1 1 1 1 1 1 1 1 1 1 1 
145 119 115 112 107 99 97 93 91 88 87 86 75 75 73 68 68 65 65 65 62 61 58 56 56 52 50 48 48 45 42 40 39 35 35 35 35 35 32 32 31 28 27 27 25 25 25 25 24 23 20 20 20 19 19 19 19 17 16 16 16 16 16 15 13 13 13 11 10 10 10 10 10 10 10 10 10 10 10 10 10 10 10 10 10 10 10 10 10 10 9 9 8 8 8 7 7 7 6 6 6 6 6 5 5 4 4 4 4 3 3 3 3 3 2 2 2 2 2 2 2 2 2 2 2 1 1 1 1 1 1 1 1 1 1 1 1 1 
132 113 111 104 100 88 86 86 86 85 80 78 74 74 71 67 64 62 60 59 56 56 56 53 52 49 47 43 41 41 40 39 38 35 35 34 32 32 31 31 31 28 26 25 23 23 22 22 21 21 20 20 20 19 19 19 19 17 16 16 16 14 14 14 13 12 11 10 10 10 10 10 10 10 10 10 10 10 10 10 10 10 10 10 10 10 10 10 10 10 8 7 7 7 7 7 7 7 6 5 5 5 5 5 5 4 4 3 3 3 3 2 1 1 1 1 1 1 1 1 1 1 1 1 
115 111 107 97 95 87 86 86 85 83 78 76 74 64 64 60 60 60 58 58 55 55 54 48 46 43 42 42 39 39 39 38 35 35 35 32 31 31 30 28 27 26 25 22 22 22 22 21 19 19 18 18 18 18 18 18 16 16 16 16 15 14 14 11 11 11 11 10 10 10 10 10 10 10 10 10 10 10 10 10 10 10 10 10 9 9 9 8 8 8 8 7 6 6 5 5 5 5 5 5 4 4 4 3 3 3 3 3 3 2 2 1 1 1 1 1 1 1 1 1 1 1 
113 110 103 89 87 87 86 85 81 81 78 76 73 64 60 59 57 57 57 55 53 53 49 48 45 41 41 41 39 38 38 38 35 34 33 31 31 30 29 25 25 25 25 22 21 21 19 19 18 18 18 18 18 18 18 17 16 15 15 15 15 14 11 11 10 10 10 10 10 10 10 10 10 10 10 10 8 8 8 7 7 7 7 7 7 7 7 7 7 7 7 7 6 6 5 5 4 4 3 3 3 3 3 3 3 2 2 1 1 1 1 1 1 1 1 1 1 1 1 1 
113 102 95 87 87 86 86 83 78 77 74 72 70 61 60 57 56 56 56 54 53 50 48 47 44 41 41 40 38 36 36 35 33 31 29 29 26 26 25 25 24 23 22 21 19 18 18 18 18 18 18 17 17 17 15 15 15 15 14 14 13 13 10 10 10 10 10 10 10 10 10 10 10 10 7 7 7 7 7 7 7 7 7 7 6 6 6 6 6 5 5 5 4 4 2 2 2 2 2 2 2 2 2 2 2 1 1 1 1 1 1 1 1 1 1 1 1 
111 99 92 85 84 81 81 79 78 75 70 69 68 59 59 57 56 56 52 51 51 46 44 43 42 39 39 38 38 36 34 32 32 30 29 27 26 26 25 25 22 22 21 21 19 18 18 16 16 16 14 14 14 14 14 14 14 13 13 13 13 12 10 10 10 10 10 10 9 9 9 9 9 9 7 7 7 7 7 7 7 7 7 6 6 6 5 5 5 3 3 3 2 2 2 2 2 2 2 2 2 2 2 2 2 1 1 1 1 1 1 1 1 1 1 1 1 
109 99 91 83 83 79 73 73 72 70 70 65 65 59 58 57 54 54 50 50 49 45 43 43 39 38 38 38 36 35 34 28 28 28 27 26 26 26 23 23 22 21 21 21 18 18 18 16 16 16 14 14 14 13 13 13 13 13 13 12 12 12 10 9 9 9 9 9 9 9 9 9 9 8 7 7 7 7 6 6 5 5 4 4 4 4 4 3 3 2 2 2 2 2 2 2 2 2 2 2 2 2 2 2 1 1 1 1 1 1 
96 93 89 82 81 78 73 68 67 67 66 65 57 57 57 54 51 51 50 50 47 43 43 43 39 37 36 36 34 29 29 26 26 26 26 24 24 24 22 22 22 21 21 18 18 15 15 15 15 15 14 14 14 13 13 13 13 13 13 12 11 11 10 9 9 9 8 8 7 7 7 7 7 7 7 6 6 6 6 5 5 5 4 4 4 4 3 3 3 2 2 2 2 2 2 2 2 2 2 2 2 2 1 1 1 1 1 
94 92 88 78 76 73 71 67 67 67 65 63 57 56 56 54 51 51 50 46 44 43 41 39 37 36 35 31 29 29 29 26 23 23 23 22 22 22 20 19 19 19 17 17 16 14 13 13 13 13 13 13 13 13 13 13 12 12 12 12 11 10 10 9 9 9 7 7 7 7 6 6 6 6 6 6 6 4 4 4 4 4 4 4 4 3 2 2 2 2 2 2 2 2 2 2 2 2 2 2 1 1 1 1 1 1 1 
91 90 86 78 76 72 68 66 63 62 61 61 57 56 54 52 50 48 47 45 39 37 37 37 35 34 33 29 29 29 27 24 23 23 23 22 22 21 20 19 19 18 17 17 14 13 13 13 13 13 13 13 13 13 13 13 12 12 11 11 11 10 10 8 7 7 7 7 7 6 6 6 6 6 6 5 4 4 4 4 4 4 4 4 4 3 2 2 2 2 2 2 2 2 1 1 1 1 1 1 1 1 1 
91 88 82 78 75 72 68 64 62 62 61 59 53 53 52 47 47 47 45 44 39 37 35 34 34 34 33 29 27 26 25 24 23 23 22 22 22 21 20 19 17 17 17 15 14 13 13 13 13 13 13 13 13 12 12 12 11 11 10 10 10 9 9 7 7 7 6 6 6 6 6 6 6 4 4 4 4 4 4 4 4 4 4 4 3 3 2 2 2 2 2 2 2 2 1 1 1 1 1 
89 83 76 71 71 71 68 62 62 62 61 57 53 53 52 47 47 43 40 40 37 36 35 34 34 34 33 28 27 23 23 23 23 22 21 20 20 19 18 18 17 17 16 15 14 13 13 13 12 12 12 11 11 11 10 10 10 10 10 10 9 9 8 7 7 6 6 5 5 5 5 5 5 4 4 4 4 4 4 4 4 4 3 2 2 2 2 2 2 2 2 2 2 
87 80 74 71 71 70 67 62 60 60 59 57 53 53 50 47 47 43 39 39 36 35 35 34 32 32 31 27 25 23 22 22 22 22 19 19 19 17 16 15 15 15 15 14 13 13 12 12 12 12 12 11 11 11 10 10 10 10 10 8 8 7 7 7 5 5 5 5 5 5 5 4 4 4 4 4 4 4 4 4 2 2 
86 80 72 71 70 68 66 62 60 56 54 50 50 48 45 45 44 41 39 38 36 35 35 34 31 30 29 26 24 23 22 22 22 22 19 19 17 17 15 14 14 14 13 13 13 13 12 12 12 11 11 11 10 10 10 10 10 10 8 8 6 6 6 6 5 5 5 5 5 5 4 4 2 2 2 2 2 2 2 2 2 1 
81 73 71 66 66 66 65 57 56 54 54 50 46 43 42 42 40 39 38 37 35 35 33 29 28 27 27 26 24 23 22 22 22 21 17 17 16 16 15 14 14 14 13 13 13 12 11 11 11 11 11 11 10 10 10 9 7 7 7 6 6 6 6 5 5 5 5 5 4 4 4 2 2 2 2 2 2 2 2 2 1 
81 73 68 66 66 65 58 57 55 54 53 48 44 42 42 41 40 38 38 35 35 34 32 29 28 27 26 25 23 21 21 21 21 21 17 17 16 15 14 14 13 13 13 13 13 11 11 11 11 11 11 10 10 10 9 8 7 7 7 6 5 5 5 5 5 5 4 4 3 3 3 2 2 2 2 2 2 1 1 1 
79 67 67 66 65 63 58 56 50 50 48 48 44 42 41 40 39 38 36 35 34 34 30 28 26 26 24 23 23 21 21 20 19 19 17 16 14 14 14 14 13 13 12 12 12 11 11 11 11 11 10 10 9 9 9 7 6 6 6 5 5 5 4 4 3 3 3 3 3 3 2 2 2 2 2 1 1 
76 64 64 64 63 56 56 51 50 50 46 43 39 38 38 38 38 36 35 34 33 31 27 27 26 26 23 23 23 21 21 20 19 18 17 15 14 14 14 13 13 13 12 12 11 11 11 11 10 10 9 9 9 8 8 6 6 6 6 5 5 4 4 3 3 3 3 3 3 2 2 2 2 1 
75 64 62 62 60 56 51 47 46 46 45 41 38 38 38 36 34 33 31 31 31 29 27 26 25 25 22 22 21 20 20 20 18 16 15 14 14 14 14 13 13 13 12 11 11 10 10 10 10 10 9 9 9 7 6 6 5 5 5 5 5 4 4 3 3 3 2 2 2 2 2 2 2 1 
75 64 62 61 60 54 50 46 46 46 42 41 38 38 38 35 34 31 29 29 29 29 25 25 23 23 21 20 19 19 19 19 17 16 15 14 13 13 13 13 11 11 11 10 10 10 10 9 9 9 9 8 7 7 6 6 5 5 4 4 4 4 4 3 3 2 2 1 1 1 1 1 1 1 
73 64 60 60 59 53 49 46 43 42 41 39 38 38 38 34 31 31 29 29 29 28 25 24 22 21 20 19 16 15 15 15 15 15 15 14 13 12 12 12 11 11 10 9 9 9 9 9 8 8 6 5 5 5 5 3 3 3 3 3 3 3 3 3 3 2 2 1 1 1 1 1 1 
72 63 58 57 57 50 45 44 42 41 40 39 38 35 35 33 31 30 29 28 27 26 25 22 21 19 17 16 16 15 15 15 13 13 13 13 13 12 12 11 11 10 10 9 9 9 8 8 8 6 6 5 5 5 3 3 3 3 3 3 3 3 3 3 2 2 1 1 1 1 1 1 
62 62 58 56 54 50 44 44 42 41 40 38 35 35 34 31 31 28 28 28 26 25 24 22 21 18 16 16 16 15 14 13 13 13 13 13 13 12 12 11 10 10 9 9 9 9 8 7 7 6 6 5 5 5 3 3 3 3 3 3 3 3 3 3 2 2 1 1 1 1 1 
62 60 56 56 54 47 43 40 40 40 38 36 35 32 31 29 29 28 27 27 26 25 23 21 19 17 16 16 15 14 14 13 13 13 13 13 13 11 11 10 10 10 9 9 8 8 7 6 6 5 5 4 4 3 3 3 3 3 3 2 2 2 2 2 2 2 1 1 1 1 1 
62 60 55 54 52 45 40 40 40 40 38 36 35 31 31 29 29 27 27 27 26 25 23 19 18 17 16 15 15 14 13 13 13 13 13 13 11 11 10 10 10 9 9 8 8 6 6 6 5 5 3 3 3 3 3 3 3 3 2 2 2 2 2 2 1 1 1 1 1 
61 58 55 51 48 43 40 40 40 39 37 36 34 31 29 28 28 27 25 25 25 21 20 19 17 15 15 15 14 14 13 13 13 13 13 12 11 10 10 10 10 9 8 8 6 6 6 5 5 4 3 3 2 2 2 1 1 1 1 1 1 1 1 1 1 1 1 1 1 
60 52 50 48 48 43 40 40 39 36 36 35 32 29 28 28 28 26 24 24 24 20 20 17 17 15 15 14 14 14 13 13 13 12 11 11 10 10 10 10 9 7 7 7 6 6 6 3 3 3 3 2 2 2 1 1 1 1 1 1 1 1 1 1 1 
60 51 48 48 46 41 40 38 36 36 35 31 31 29 28 26 26 25 23 22 21 20 20 17 14 14 14 14 14 14 13 12 12 12 11 11 10 10 9 9 9 7 7 5 5 4 4 3 3 3 3 2 2 2 1 1 1 1 1 1 1 
60 47 47 46 46 41 40 38 36 35 34 31 31 29 26 25 24 21 21 21 20 19 18 16 14 14 14 13 13 13 13 12 12 11 11 10 10 10 9 9 7 5 5 5 4 4 3 3 3 3 3 2 1 1 1 1 1 1 1 1 1 
59 47 47 44 44 41 40 37 35 34 33 31 31 29 26 24 23 21 21 21 20 19 17 15 14 14 14 13 13 13 12 11 10 10 10 10 10 10 9 9 7 5 4 4 4 3 3 2 2 2 2 2 1 1 1 1 1 1 1 1 
59 47 46 44 43 41 39 37 34 33 31 30 30 27 26 23 22 21 20 18 17 17 16 15 14 13 13 13 13 13 12 11 10 10 10 10 10 9 9 8 7 5 4 4 4 3 2 2 1 1 1 1 1 1 1 1 
55 47 44 43 43 36 36 35 33 30 29 29 24 24 24 23 21 18 18 17 16 16 16 15 13 13 13 13 13 13 12 11 10 10 10 9 9 9 8 6 5 5 4 4 3 3 2 2 1 1 1 1 1 1 1 1 
54 45 44 42 41 36 34 33 30 30 26 26 24 23 23 22 20 18 17 16 16 16 15 14 13 13 13 12 12 12 10 10 10 10 9 9 8 8 6 5 5 4 3 3 3 3 2 1 1 1 1 1 1 1 1 
52 44 42 41 38 36 32 31 30 29 25 24 24 23 22 20 20 16 16 16 16 16 15 14 13 13 12 12 12 11 10 10 10 10 9 8 7 7 5 4 4 4 3 3 3 2 2 1 1 1 1 1 1 1 
51 44 42 39 37 36 26 25 25 25 24 23 22 20 20 20 20 16 16 15 15 15 15 13 13 12 12 11 10 10 10 9 9 9 8 8 7 6 5 4 4 3 3 3 3 2 2 1 1 
50 43 42 39 37 36 26 25 23 23 22 22 22 20 20 20 20 16 16 15 15 15 14 13 13 11 11 10 10 8 8 8 7 7 7 7 5 5 5 4 3 3 3 3 1 1 1 1 1 
48 43 41 39 37 36 25 24 22 22 22 21 21 20 19 19 19 16 16 15 15 14 13 13 12 11 10 10 10 7 7 5 5 5 5 5 5 5 5 4 3 3 3 3 1 
48 42 39 39 37 35 25 24 22 22 21 20 20 20 19 18 17 16 16 15 15 14 12 12 12 11 10 10 9 7 7 5 5 5 5 5 5 4 4 3 3 3 3 2 1 
48 42 39 39 37 35 24 24 22 21 20 20 20 19 19 17 17 16 15 15 15 14 12 12 11 11 10 10 9 7 7 5 5 5 5 4 3 3 3 3 3 1 1 1 1 
47 42 39 37 36 33 24 21 21 20 20 20 20 18 18 17 17 16 15 15 13 12 11 11 11 11 10 9 8 7 6 5 5 5 5 4 3 3 3 3 3 1 1 1 1 
47 39 39 36 34 33 24 20 20 20 19 19 19 18 18 17 15 15 15 15 13 11 11 11 11 10 10 8 8 6 5 5 5 5 5 4 3 3 3 3 1 1 1 1 1 
46 39 38 36 33 33 22 20 20 20 19 19 19 18 17 15 15 13 13 13 13 11 11 11 11 10 10 7 6 5 5 5 3 2 2 2 2 2 2 1 1 1 1 
44 39 36 36 33 29 22 20 20 20 19 19 18 17 17 15 15 13 13 12 12 11 10 10 10 10 9 6 6 5 5 4 3 2 2 2 2 2 2 1 1 1 
44 38 35 35 33 27 21 20 20 20 19 19 18 17 17 15 15 13 13 12 12 10 10 10 10 9 8 6 6 5 3 3 3 2 2 2 2 2 2 1 1 
44 36 35 34 33 27 21 20 20 19 19 18 18 17 16 15 15 13 12 11 11 10 10 9 9 9 6 5 4 3 3 3 2 2 2 2 2 2 1 1 1 
44 36 35 33 32 27 20 19 19 19 19 18 17 17 16 15 15 11 10 10 10 10 10 9 8 8 6 3 3 3 3 3 2 2 2 2 1 1 
42 36 35 33 31 27 19 19 19 19 17 17 15 15 14 14 14 10 10 10 10 9 8 8 7 7 5 3 3 3 3 2 2 2 2 1 1 1 
42 36 31 31 29 26 19 17 17 16 16 16 15 15 14 14 14 10 10 10 10 8 8 7 7 7 3 3 3 3 2 2 2 2 2 
41 35 30 29 27 26 19 16 16 16 16 16 14 14 14 14 14 10 10 9 8 8 8 7 7 6 3 3 3 2 2 2 2 2 
41 34 29 29 27 25 19 16 16 16 16 15 14 14 14 13 13 10 10 9 8 8 7 7 6 4 3 2 2 2 2 2 2 2 
40 32 29 27 26 24 19 16 16 16 15 15 14 14 14 13 13 10 9 9 8 8 7 6 5 2 2 2 2 2 2 2 2 2 
38 32 29 27 25 24 19 16 16 16 15 15 13 13 13 12 11 10 9 8 8 8 7 4 4 2 2 2 2 2 2 2 2 1 
38 32 29 25 25 23 19 16 16 16 15 14 13 13 13 12 11 10 9 8 8 7 6 4 3 2 2 2 2 2 2 2 2 
38 29 29 25 24 23 19 16 16 15 14 14 13 13 12 11 11 10 8 8 8 7 5 3 3 2 2 2 2 2 2 2 2 
37 29 27 25 24 23 19 16 15 15 14 13 13 11 11 10 10 9 8 8 8 5 5 3 3 2 2 2 2 2 1 1 1 
36 29 27 25 22 22 18 16 13 13 13 12 12 11 11 9 9 9 8 8 7 5 5 3 3 2 2 2 2 1 1 
36 29 27 24 22 21 18 16 13 12 12 11 11 10 10 8 8 8 8 7 7 5 5 3 3 2 1 1 1 1 
35 22 22 22 22 21 17 15 13 11 10 10 10 10 10 8 8 8 7 7 6 5 3 3 2 2 1 
34 22 22 22 21 18 16 13 13 10 10 10 10 10 10 8 8 7 7 7 6 5 3 3 2 2 1 
33 22 20 20 20 18 14 13 13 10 10 10 10 10 9 8 8 7 7 6 5 4 3 3 2 1 1 
33 21 20 20 20 18 14 13 12 10 10 10 10 10 9 8 8 7 6 6 4 3 3 3 1 
31 21 20 18 18 17 14 12 12 10 10 10 10 9 9 8 7 7 5 5 4 3 3 1 1 
31 21 19 17 16 16 14 12 11 10 10 10 9 9 8 7 7 5 5 5 4 2 2 1 
29 21 19 17 16 16 12 12 11 10 10 10 9 8 7 7 5 5 3 3 3 1 1 1 
29 20 18 17 16 16 12 12 11 10 9 6 5 5 5 5 5 5 3 3 3 1 1 1 
29 20 18 16 14 14 12 12 11 10 9 5 5 5 5 5 5 5 3 3 3 1 
29 20 18 15 14 12 12 12 10 10 7 5 5 5 5 5 5 5 3 3 3 1 
29 20 17 15 13 12 12 11 10 9 6 5 4 4 4 4 4 4 3 3 1 1 
28 20 17 14 13 12 12 11 9 8 5 5 4 4 4 4 4 3 3 2 1 
27 20 17 14 13 12 12 9 8 8 5 5 3 3 3 3 3 3 2 2 
27 20 17 14 13 12 11 9 8 7 5 5 3 3 3 3 3 3 2 
25 20 15 14 12 11 9 8 5 5 3 3 3 3 3 3 3 3 2 
25 19 15 14 12 11 9 8 5 5 3 3 3 3 3 3 3 3 2 
25 19 15 13 12 11 8 7 5 3 3 3 3 3 3 3 2 2 2 
25 18 15 13 10 10 8 7 4 3 3 3 3 2 2 2 2 2 2 
25 18 15 13 10 10 7 7 4 3 3 2 2 2 2 2 2 2 2 
22 18 15 13 10 10 7 7 4 3 3 2 2 2 2 2 2 2 1 
22 18 15 13 10 10 7 7 4 3 3 2 2 2 2 2 2 1 1 
22 18 13 12 10 10 7 6 4 3 3 2 2 2 2 2 1 1 1 
22 18 12 11 10 10 7 6 4 3 3 2 2 2 2 2 1 1 1 
20 17 12 11 10 10 7 6 3 3 3 2 2 2 2 2 1 1 
19 16 12 10 10 10 7 6 3 3 2 2 2 2 2 2 1 1 
19 15 11 10 10 10 7 5 3 3 2 2 2 2 2 
17 15 11 10 10 9 7 5 3 2 2 2 2 2 2 
17 15 10 10 10 9 7 5 3 2 2 2 2 2 1 
17 15 10 10 10 9 7 4 3 2 2 2 1 1 
17 14 10 10 10 9 7 4 3 2 2 2 1 1 
15 11 10 10 10 8 6 4 3 2 2 2 1 1 
14 10 10 10 10 8 6 4 3 2 2 2 1 1 
14 10 10 10 10 8 6 4 3 2 2 2 1 1 
14 10 10 9 9 8 6 4 3 2 2 1 1 
14 10 10 9 9 7 6 4 3 2 2 1 1 
12 10 10 9 8 7 6 4 3 2 2 1 1 
12 10 10 9 7 7 5 3 2 2 2 1 
11 10 9 9 7 7 3 3 2 2 2 1 
11 10 9 9 7 7 3 2 2 2 2 1 
11 10 8 8 7 6 3 2 2 2 
11 10 8 8 7 6 3 2 2 2 
11 10 7 7 7 6 3 2 2 2 
11 9 7 7 6 5 3 2 2 2 
10 9 7 7 6 5 3 2 2 2 
10 9 7 5 5 5 3 2 2 2 
10 8 7 5 5 5 3 2 2 2 
10 8 7 5 5 5 3 2 1 1 
10 8 7 5 5 5 3 2 1 1 
10 7 7 5 5 5 3 2 1 1 
10 7 7 5 5 4 3 2 1 1 
10 7 6 4 4 4 3 1 1 1 
10 7 6 4 4 3 3 1 1 
10 7 6 4 4 3 3 
10 7 5 4 4 3 3 
9 7 5 4 4 3 3 
9 7 5 4 4 2 2 
9 6 4 4 3 2 2 
8 6 4 4 2 2 2 
8 6 4 4 2 2 1 
7 6 4 4 2 2 1 
7 6 4 4 2 2 1 
7 6 4 4 2 2 1 
6 5 4 4 2 2 1 
6 5 4 4 2 1 1 
5 5 4 3 2 1 
5 5 4 3 2 1 
5 4 3 2 2 1 
5 4 3 2 1 
5 3 3 1 1 
4 3 1 1 1 
4 3 1 1 
4 2 1 
4 2 1 
4 2 1 
4 2 1 
4 2 1 
3 2 1 
3 2 1 
3 2 1 
3 2 
3 1 
3 1 
2 1 
2 1 
2 1 
2 1 
2 1 
2 1 
2 1 
1 1 
1 
1 
1 
1 
1 
1 
1 
1 
1 
1 
1 
1 
1 
1 
1 
1 
1 
1 
1 
1 
1 
1 
1 
1 
1 
