164 163 151 137 127 125 118 114 114 114 106 104 101 98 96 96 96 93 90 85 85 82 77 73 70 67 67 66 65 60 60 60 57 56 54 54 53 53 53 52 47 47 45 45 45 45 44 41 40 39 38 37 37 36 36 35 35 35 34 34 34 33 33 33 32 30 29 29 28 28 28 28 28 26 25 25 25 25 24 24 24 23 22 22 20 20 20 20 19 19 19 17 17 17 15 15 15 14 11 11 11 11 11 11 11 11 11 11 11 11 11 11 10 10 10 9 9 7 7 7 6 6 6 6 6 6 4 4 4 4 3 3 3 3 3 3 3 2 2 2 2 2 2 2 2 2 2 2 1 1 1 1 1 1 1 1 1 1 
152 138 129 128 125 125 116 114 106 103 102 100 96 95 88 85 82 79 71 67 67 65 65 65 64 61 59 59 58 58 57 56 50 50 49 49 48 48 48 47 44 39 38 38 37 36 35 35 35 34 33 33 33 32 32 31 31 31 31 30 29 29 29 29 27 26 26 26 25 25 22 20 20 20 20 20 20 19 18 18 18 16 15 15 15 15 15 15 14 11 11 11 10 10 9 9 9 5 5 5 5 3 2 2 2 2 2 2 2 2 2 2 2 2 2 2 2 2 2 2 2 2 2 2 2 2 2 2 2 1 1 1 1 1 1 1 1 1 1 
134 128 122 122 122 112 111 101 100 94 93 93 89 86 84 83 78 75 70 67 65 64 64 59 59 58 57 56 49 49 48 48 47 45 44 44 39 39 39 39 38 36 35 35 34 34 34 33 32 32 32 32 30 30 30 30 29 27 25 25 25 25 25 25 24 24 24 23 23 23 20 20 20 19 17 17 15 15 15 15 15 15 15 15 15 15 12 12 12 10 10 9 9 8 8 7 7 5 4 4 4 3 2 2 2 2 2 2 2 2 2 2 2 2 2 2 2 2 2 2 2 2 2 2 2 2 2 2 1 
126 125 119 117 113 108 103 99 99 94 91 87 86 85 81 76 75 67 66 65 65 63 56 55 54 53 53 53 49 48 48 46 45 45 44 42 39 38 38 38 37 35 35 34 34 32 31 30 30 30 30 29 29 29 29 29 28 26 25 25 25 25 25 25 24 23 23 23 22 21 20 20 19 15 15 15 15 15 15 15 14 13 13 13 13 11 11 11 9 9 7 7 6 5 5 5 5 5 4 4 3 2 2 2 2 2 2 2 2 2 2 2 2 2 2 2 2 2 1 1 1 1 1 1 1 1 1 1 
122 121 117 99 95 90 89 89 89 87 87 86 84 79 71 66 63 63 63 61 61 56 54 54 53 50 49 46 46 46 43 43 43 43 43 40 39 38 37 34 34 33 33 31 31 29 28 28 28 28 26 26 25 25 25 25 25 24 22 22 22 22 22 20 19 19 19 19 19 19 19 16 16 15 15 15 15 15 14 14 12 12 12 9 9 9 8 8 8 6 6 6 6 5 5 5 5 5 4 3 3 2 2 2 2 2 2 2 2 2 2 2 2 2 2 1 1 1 1 1 1 1 1 1 1 1 1 
122 104 103 95 93 89 89 89 88 87 83 79 78 77 71 66 62 60 59 58 54 53 53 53 50 49 48 46 46 44 42 41 41 41 40 38 38 34 33 33 33 33 32 30 29 28 28 28 25 25 25 25 25 25 25 25 24 23 22 22 22 21 21 19 19 18 18 17 17 17 17 16 16 13 12 12 12 11 11 11 11 11 8 5 5 5 5 4 4 4 4 4 4 4 4 4 4 4 4 3 3 2 2 2 2 2 2 2 2 2 2 2 2 2 2 1 1 1 1 
118 103 102 95 93 89 89 89 88 83 79 75 69 69 69 66 59 58 58 56 52 52 48 47 47 46 44 44 43 43 41 41 41 40 39 38 37 34 30 30 30 30 27 27 27 26 26 25 25 25 25 25 24 24 24 23 23 23 21 21 20 19 18 18 17 16 16 15 15 13 13 12 11 9 8 7 6 6 6 6 6 6 6 5 5 5 4 4 4 4 4 3 3 3 3 2 2 2 2 2 2 2 2 2 2 2 1 1 1 1 1 1 1 1 1 1 1 
117 99 98 91 91 86 85 84 84 82 78 75 69 68 62 62 58 58 52 52 50 49 48 47 47 46 43 42 42 37 37 37 34 34 34 33 33 30 30 27 27 27 25 24 24 24 24 24 24 24 24 23 23 23 23 22 21 19 19 17 17 17 17 17 15 14 14 14 14 10 10 10 10 9 7 7 6 6 6 6 5 5 5 5 5 5 2 2 2 2 2 2 2 2 2 2 2 2 2 2 2 2 2 2 2 1 1 1 1 1 1 1 1 
110 98 96 91 91 86 82 80 80 78 75 73 67 61 57 57 55 55 52 50 49 48 48 47 46 45 42 39 38 37 36 34 34 30 30 30 30 30 30 27 27 27 25 24 24 24 24 23 23 23 23 19 19 17 15 15 15 15 15 14 14 14 12 12 12 12 12 12 12 10 10 9 9 8 7 6 6 5 5 5 5 5 5 5 3 3 2 2 2 2 2 2 2 2 2 2 2 2 2 2 2 2 2 2 1 1 
107 95 93 91 82 80 79 72 72 71 70 62 59 58 55 55 54 52 52 49 48 48 47 44 43 41 38 38 37 35 33 31 31 30 30 27 27 27 27 26 26 25 25 24 24 24 24 23 23 23 21 19 16 15 15 14 13 13 13 13 13 13 12 12 12 12 12 11 11 10 9 9 7 6 6 6 5 5 5 4 4 4 4 4 3 3 2 2 2 2 2 2 2 2 2 2 2 2 2 2 2 2 1 1 1 1 
107 90 85 84 79 77 74 71 70 70 70 60 56 56 55 54 53 52 52 47 46 45 45 43 41 41 37 37 36 33 32 30 30 30 26 26 26 26 25 25 25 25 25 24 24 20 20 20 20 19 19 15 15 15 15 13 13 13 13 13 13 12 12 12 11 11 11 11 9 9 7 7 6 6 6 6 5 5 4 4 4 4 3 3 2 2 2 2 2 2 2 2 2 2 2 2 2 2 2 2 2 1 1 
107 82 79 79 77 76 72 70 70 70 64 60 56 56 55 54 52 49 49 47 45 45 45 43 41 39 36 36 36 32 32 30 28 27 26 26 26 26 25 25 25 25 24 24 20 20 18 18 18 18 18 15 15 14 14 13 13 13 13 12 12 12 12 12 11 10 9 9 8 7 7 7 6 6 5 5 5 5 4 4 4 4 2 2 2 2 2 2 2 2 2 2 2 1 1 1 1 1 1 1 
105 81 77 75 75 74 69 68 67 67 64 57 56 53 52 51 51 49 48 44 43 43 43 43 40 39 35 35 34 32 31 30 28 27 26 26 26 25 25 25 24 22 22 22 20 18 18 18 18 18 18 15 15 14 13 13 13 12 12 12 12 12 11 10 9 9 9 9 7 6 6 6 6 6 5 4 4 4 4 4 4 3 2 2 2 1 1 1 1 1 1 1 1 1 
102 76 76 72 72 72 69 68 67 67 61 56 56 51 51 50 45 45 45 44 43 43 39 38 37 37 35 35 34 32 31 30 27 26 26 26 25 25 25 22 22 22 22 20 19 18 18 18 18 18 16 15 11 9 9 9 9 9 9 9 9 9 9 9 9 9 9 7 7 6 4 4 4 4 4 4 4 4 3 3 3 2 2 2 2 1 1 1 
101 76 76 72 72 72 68 66 65 61 61 55 54 51 51 48 45 44 44 42 42 40 38 37 37 36 33 32 32 30 30 29 25 25 25 25 25 25 25 22 22 20 19 19 19 18 18 18 16 15 15 15 11 9 9 9 9 9 9 9 9 9 8 8 7 7 7 7 6 6 4 4 4 4 4 4 4 3 3 2 2 2 2 1 1 1 
97 75 75 72 72 68 67 66 64 61 57 55 52 46 46 45 43 38 37 37 37 37 37 37 35 34 33 32 32 30 30 29 25 25 25 25 25 24 23 20 19 17 16 15 14 14 14 14 14 13 13 12 11 9 9 9 9 9 9 9 9 9 8 7 7 7 6 6 6 4 4 4 4 4 4 4 4 2 2 2 2 2 1 
94 75 74 72 72 67 62 62 62 60 54 50 50 46 46 43 43 38 37 37 35 35 34 33 33 32 32 31 31 29 28 26 25 25 25 25 24 23 22 20 17 14 13 13 13 13 12 12 12 11 11 11 11 9 9 9 9 9 9 9 9 8 8 6 6 6 5 4 4 4 4 4 4 4 3 2 2 2 2 2 2 1 1 
93 75 69 68 68 67 62 58 55 54 54 48 47 46 45 41 39 38 37 35 35 35 34 33 33 32 31 31 31 29 27 26 25 25 25 23 23 22 17 17 16 13 13 13 13 12 12 12 12 9 9 9 9 9 9 9 9 9 9 9 7 7 7 6 6 5 4 4 4 3 3 3 2 2 2 2 2 2 2 1 1 1 
92 72 68 68 65 56 55 55 53 53 53 47 47 44 43 39 38 37 37 35 34 33 33 32 32 32 29 29 29 29 27 26 24 24 22 21 20 19 17 15 15 13 13 13 12 12 12 10 9 9 9 9 9 9 9 9 8 8 8 6 5 5 5 5 5 3 3 3 3 3 2 2 2 2 2 2 2 2 1 1 
86 70 67 62 62 55 55 54 51 51 49 47 47 44 41 38 38 37 35 33 33 32 32 32 32 31 26 26 26 25 25 25 24 24 21 21 17 17 17 15 14 13 12 12 11 11 11 9 9 9 9 9 9 9 9 8 8 7 7 5 5 4 4 4 3 3 2 2 2 2 2 2 2 2 2 2 2 2 
80 68 66 61 56 55 55 51 49 47 46 46 46 43 40 38 38 37 34 33 32 32 32 30 29 27 26 26 26 25 25 23 23 21 21 19 17 16 14 14 13 12 12 12 11 11 11 9 9 9 8 8 8 8 8 8 8 7 7 5 4 2 2 2 2 2 2 2 2 2 2 2 2 2 2 2 2 2 
76 67 63 59 55 51 51 50 49 46 46 46 45 42 39 38 37 32 32 32 32 32 32 29 28 26 25 25 25 25 24 22 21 21 20 19 17 16 14 14 13 12 12 11 11 10 10 9 9 9 8 8 8 7 7 7 5 5 4 4 4 2 2 2 2 2 2 2 2 2 1 1 1 1 1 
74 65 62 56 55 51 48 46 46 45 45 45 43 42 39 37 37 32 32 32 32 29 29 28 27 26 25 25 25 24 23 21 21 19 19 17 16 16 14 14 12 12 12 11 10 10 10 9 9 8 8 8 7 6 5 4 4 4 4 4 3 2 2 2 2 2 2 2 2 1 1 1 1 
74 64 61 56 55 47 46 46 46 45 44 44 43 36 36 35 32 32 30 28 28 28 27 25 25 25 22 22 22 19 18 18 18 18 18 16 15 14 13 13 12 12 12 10 10 9 9 9 9 8 8 8 7 5 5 4 4 4 4 3 3 2 2 2 2 2 2 1 1 1 1 1 
74 63 57 56 55 47 46 46 46 45 42 42 35 35 33 33 32 32 28 28 27 27 25 23 23 23 22 22 21 18 18 18 18 17 15 15 15 12 12 12 12 11 11 10 9 9 8 8 5 5 5 5 5 5 5 4 4 4 3 3 3 2 2 2 2 1 1 1 1 1 1 1 
73 61 57 56 53 47 46 46 45 44 41 40 35 34 33 33 30 28 27 26 25 25 23 23 23 23 22 21 18 17 17 16 16 16 15 15 12 12 11 11 11 8 8 8 8 7 7 6 5 5 5 4 4 4 4 4 4 4 3 3 3 2 2 1 1 1 1 1 1 1 1 
71 55 53 52 52 47 46 44 43 42 39 39 35 34 33 33 28 27 27 25 25 25 23 23 22 22 19 18 18 17 16 16 16 15 15 15 12 12 11 11 9 8 8 8 7 7 7 6 5 4 4 4 4 4 4 4 4 4 2 2 2 2 2 1 1 1 1 1 1 1 1 
70 53 52 50 49 45 45 44 41 41 39 38 34 34 33 32 27 26 25 25 25 24 23 21 21 21 17 17 17 16 16 16 15 15 14 13 12 12 11 8 8 8 8 8 5 5 5 5 4 4 4 4 3 3 3 2 2 2 2 2 1 1 1 1 1 1 1 
68 52 52 50 45 45 44 42 41 39 37 36 34 30 30 30 25 25 25 24 23 23 23 21 21 21 17 17 17 16 16 16 13 13 13 13 12 11 9 8 8 8 8 8 5 5 5 4 2 2 2 2 2 2 2 2 2 2 2 2 1 1 1 1 1 
62 51 51 50 45 41 41 41 40 39 36 34 32 30 30 30 25 25 25 24 23 22 22 21 21 19 16 15 15 15 15 14 13 12 10 10 10 10 9 8 8 7 7 5 4 4 4 4 2 2 2 2 2 2 2 2 2 2 2 1 1 1 1 
62 50 49 46 44 41 40 40 40 39 36 33 32 30 30 29 25 25 25 24 22 22 21 21 21 19 15 15 15 15 14 13 13 12 10 10 9 9 9 8 8 7 6 5 4 4 4 4 2 2 2 2 2 2 2 2 2 2 2 1 1 1 1 
62 47 47 46 43 41 40 40 38 37 35 31 31 30 30 29 25 25 22 22 22 22 21 20 20 17 15 15 14 14 13 13 12 10 10 10 9 9 8 7 7 6 5 4 4 4 4 4 2 2 2 2 2 2 2 2 2 1 1 1 1 
61 47 47 46 43 41 40 39 38 36 34 31 31 30 29 27 25 25 22 22 22 22 21 20 19 16 15 15 14 14 13 12 12 10 10 9 9 8 7 7 6 5 5 4 4 4 4 2 2 2 2 2 2 2 2 2 
58 47 47 46 42 40 40 36 36 36 32 31 30 28 28 25 24 24 22 22 22 18 17 17 17 16 15 15 13 13 13 12 11 10 9 8 8 8 7 6 6 5 4 4 4 3 2 2 2 2 2 1 1 1 1 
58 47 43 43 42 40 40 35 35 35 32 30 29 27 27 25 24 24 22 22 22 17 17 17 17 15 15 14 12 12 12 11 10 10 9 8 7 5 5 4 4 3 3 3 3 2 2 2 2 1 1 1 1 1 
58 46 43 43 40 40 39 35 31 30 29 29 27 26 25 25 23 23 22 22 21 17 17 17 15 14 13 13 12 10 10 10 10 8 8 7 7 5 4 4 3 3 2 2 2 2 2 1 
56 46 43 43 40 39 39 35 31 30 29 29 27 26 25 24 23 22 21 21 20 17 17 15 15 12 11 11 10 10 10 10 9 8 7 5 5 4 3 3 2 2 2 2 2 2 2 1 
51 46 43 41 37 36 36 35 31 30 28 28 26 25 24 23 22 21 21 21 18 15 15 14 14 12 11 11 10 10 10 9 6 6 6 4 3 2 2 2 2 2 2 2 2 2 2 1 
51 46 43 38 37 36 36 35 31 29 28 27 26 25 24 23 19 19 19 19 18 15 15 14 13 11 10 10 10 10 7 7 6 5 4 2 2 2 1 1 1 1 1 1 1 1 1 1 
47 46 43 38 36 35 32 31 30 29 28 27 25 23 22 22 18 18 18 18 17 15 13 13 11 10 10 10 9 7 7 7 6 4 1 1 1 1 1 1 1 1 1 1 1 1 1 
46 44 43 37 36 35 31 31 27 26 26 25 24 23 22 22 18 18 17 16 16 14 12 11 10 9 9 8 7 7 7 5 4 3 1 1 1 1 1 1 1 1 1 
46 44 41 37 35 34 31 31 27 25 24 24 24 23 22 19 18 18 17 16 15 14 11 9 8 8 7 7 6 5 5 5 3 1 1 1 1 1 1 1 
46 43 41 37 35 34 31 29 27 24 24 24 23 23 21 18 18 16 15 14 14 14 10 9 8 8 7 7 5 5 5 5 3 1 1 1 1 1 
44 42 41 37 34 31 29 28 27 24 24 24 22 22 21 18 18 15 15 14 14 11 9 9 8 6 6 6 5 4 3 3 2 1 1 1 1 1 
43 41 40 37 32 30 28 28 26 24 24 24 22 20 20 18 18 15 15 13 13 10 8 7 7 6 6 5 5 3 3 3 2 1 1 1 1 
41 40 40 35 32 29 28 28 25 24 24 23 22 20 19 18 16 15 15 13 13 9 7 6 6 6 5 5 3 3 3 2 
41 39 38 34 31 29 28 26 24 24 22 22 20 19 18 18 16 15 14 12 11 9 7 6 5 5 4 4 3 3 2 
40 38 34 33 29 29 27 26 24 24 22 21 20 19 18 16 16 14 14 12 11 7 5 5 5 5 4 3 2 2 1 
40 38 34 30 29 29 27 26 24 24 21 21 20 19 17 16 15 13 12 12 10 7 5 5 5 5 4 3 2 2 1 
39 38 34 30 29 28 26 26 24 24 21 20 19 16 16 15 15 13 11 11 7 7 5 5 5 5 4 3 2 2 1 
39 36 32 30 28 27 26 25 23 23 21 18 17 16 16 13 13 13 11 11 7 5 5 5 5 4 4 3 2 1 1 
39 36 27 27 27 27 26 25 23 21 21 18 17 16 16 13 13 12 11 10 6 5 5 5 4 4 4 3 2 1 1 
39 35 27 27 27 27 26 24 21 20 20 16 16 16 16 13 13 12 10 10 6 5 4 4 4 4 2 2 1 1 1 
39 35 27 27 27 27 25 23 21 20 19 16 16 16 14 13 12 11 10 8 6 5 3 2 2 2 2 1 
36 34 27 27 27 26 24 23 20 20 18 16 16 15 14 13 11 11 9 6 5 4 3 2 2 2 
36 34 27 27 25 25 24 21 19 19 18 16 16 14 12 11 11 9 8 6 5 4 2 2 2 1 
36 34 27 26 25 23 22 21 19 19 18 16 15 14 12 11 9 9 8 6 4 4 2 2 2 
35 33 27 24 23 22 21 19 19 18 18 16 15 11 11 10 9 9 8 6 4 4 2 1 1 
33 30 27 23 23 21 21 19 19 18 17 16 14 11 11 9 9 9 7 6 4 4 2 1 
33 30 27 23 23 21 21 19 19 17 17 15 14 11 11 9 8 8 6 6 4 4 2 
33 30 27 23 23 21 20 19 17 17 16 15 12 11 10 9 8 8 6 6 4 3 1 
33 30 27 23 23 20 20 19 17 16 16 14 12 11 10 9 8 7 6 6 4 1 1 
33 28 27 23 23 20 20 18 16 14 14 13 12 11 9 9 7 5 5 5 2 
33 28 25 23 23 20 19 16 16 13 13 12 12 9 6 6 6 4 4 4 2 
33 28 25 23 23 20 19 15 15 13 13 12 11 9 6 6 6 4 4 4 1 
33 28 25 23 22 20 19 13 13 13 13 10 9 7 6 5 5 4 4 4 1 
31 28 24 23 22 19 16 13 12 12 11 10 7 7 6 5 4 4 4 3 1 
30 27 23 23 21 18 16 13 12 11 10 8 6 6 5 4 4 4 4 2 1 
30 27 23 19 18 16 15 13 12 11 10 8 6 6 5 4 4 4 3 2 1 
30 25 23 18 18 15 15 13 12 11 9 8 6 6 5 3 3 2 2 2 1 
29 25 22 18 17 15 15 13 12 9 9 6 6 6 5 2 2 2 2 2 
28 25 20 18 14 14 13 13 11 9 7 6 6 6 4 2 2 2 2 2 
26 25 19 18 14 14 12 11 9 9 7 6 6 6 4 2 2 2 2 2 
26 25 19 15 14 14 11 11 9 9 7 5 4 4 3 2 2 2 2 2 
26 23 17 15 14 12 11 11 9 9 7 4 4 4 3 2 2 2 2 1 
23 23 17 15 14 12 11 11 9 7 7 4 4 4 3 2 2 1 1 1 
23 22 15 14 13 12 11 9 8 6 5 4 4 4 2 2 2 1 1 1 
23 22 14 14 13 12 9 8 8 5 5 4 4 3 2 2 2 1 1 1 
23 20 14 14 13 9 9 8 8 5 5 4 4 3 2 2 2 1 1 1 
23 20 14 13 13 9 8 8 8 5 5 3 3 2 2 1 1 1 1 1 
22 19 14 13 12 9 8 8 8 5 5 3 2 2 2 1 1 
22 19 13 12 10 9 8 8 5 5 3 3 2 2 1 1 1 
22 18 13 11 10 9 8 8 5 4 2 2 2 1 1 
22 17 11 10 10 9 7 7 5 4 2 2 2 1 1 
21 17 11 10 10 7 6 6 3 3 2 2 1 1 
21 16 11 10 8 7 6 6 3 2 2 1 1 
20 14 11 8 7 7 6 6 3 2 2 1 1 
19 13 8 7 7 6 6 5 3 2 1 1 1 
19 13 7 7 6 6 6 4 3 1 1 1 1 
19 13 7 7 6 6 5 4 2 1 1 1 
16 13 7 7 6 6 5 4 2 1 1 1 
15 13 7 6 6 6 5 2 1 1 1 
15 12 7 6 6 5 5 2 1 1 1 
15 12 7 6 6 5 5 2 1 1 1 
14 12 7 6 5 5 4 2 1 1 
14 12 7 6 5 5 4 2 1 1 
13 11 6 5 5 5 4 2 1 
13 11 6 5 5 4 3 2 1 
13 9 6 5 5 3 3 2 1 
13 8 6 5 5 3 3 2 1 
13 8 6 5 5 3 2 
13 7 6 5 5 3 1 
12 7 6 5 4 3 1 
12 7 6 5 4 3 1 
12 7 5 5 4 2 1 
12 7 5 4 4 2 1 
12 7 5 4 4 2 1 
12 6 5 4 4 2 1 
12 6 5 4 4 2 1 
11 5 5 4 4 2 1 
10 5 5 3 3 2 1 
10 5 5 3 3 1 1 
10 5 5 3 3 1 1 
10 5 4 3 3 1 1 
10 5 4 3 3 1 1 
10 4 4 3 3 1 
8 4 4 3 3 1 
8 4 4 3 3 
8 4 4 3 3 
7 4 3 3 3 
6 4 3 3 2 
6 4 3 3 2 
6 4 3 2 2 
6 4 3 2 2 
6 4 3 2 2 
6 4 3 2 1 
6 4 3 2 1 
5 4 3 2 1 
5 4 3 2 1 
5 3 2 1 1 
5 3 1 1 1 
5 3 1 
4 3 1 
4 2 1 
4 2 1 
4 2 1 
4 1 1 
4 1 1 
4 1 1 
4 1 1 
4 1 1 
2 1 1 
2 1 1 
2 1 1 
2 1 1 
2 1 1 
2 1 1 
2 1 1 
2 1 1 
2 1 1 
2 1 
2 1 
2 1 
2 1 
2 1 
2 1 
2 1 
2 1 
1 1 
1 1 
1 1 
1 1 
1 1 
1 1 
1 
1 
1 
1 
1 
1 
1 
1 
1 
1 
