155 141 137 135 126 124 122 122 122 110 109 108 107 102 102 100 96 96 90 88 84 84 82 80 78 77 77 76 72 69 68 68 65 63 63 60 60 59 59 59 57 56 56 54 53 53 52 51 48 47 43 43 42 38 38 38 38 37 37 36 36 36 36 34 34 32 32 31 30 30 30 28 27 27 27 26 26 26 26 23 22 20 18 18 18 18 18 18 18 16 14 14 14 14 12 12 11 11 11 11 11 11 11 11 11 11 11 11 11 11 11 11 11 11 10 10 10 10 10 9 9 9 9 9 9 9 9 8 8 7 7 7 7 7 7 6 6 6 6 6 5 5 5 5 5 5 4 4 3 2 2 2 2 2 2 2 2 2 1 1 1 1 1 1 1 1 1 1 1 1 1 1 1 1 1 1 1 1 1 1 1 1 1 1 
150 138 123 119 113 108 108 107 103 100 93 92 87 82 80 80 80 79 74 74 71 71 69 67 67 67 67 65 64 64 62 60 55 54 52 51 49 49 48 46 45 43 40 40 40 39 37 35 32 30 30 30 29 29 29 29 29 29 27 27 26 26 26 25 25 24 24 24 21 21 21 21 21 21 20 20 20 19 19 19 18 18 17 15 14 13 13 12 12 12 11 11 9 9 9 9 9 9 8 6 6 6 6 6 6 6 6 5 5 5 5 5 5 5 5 5 5 5 5 5 5 5 5 5 4 4 4 3 3 3 3 3 2 2 2 2 2 1 1 1 1 1 1 1 1 1 1 1 1 1 1 1 1 1 1 1 1 1 1 1 1 1 1 1 
142 136 120 114 111 103 96 96 94 87 83 81 81 74 74 73 72 72 72 70 68 68 68 67 67 64 61 61 60 60 59 55 51 51 49 49 49 46 45 45 41 39 38 38 38 37 37 35 30 30 29 29 29 28 28 28 28 26 25 24 24 24 24 24 24 24 23 22 21 21 21 21 20 19 18 18 18 17 17 16 16 14 14 13 12 12 12 12 11 10 7 7 6 6 6 6 6 6 6 6 5 5 5 5 5 5 5 5 5 5 5 5 4 4 4 4 4 4 4 4 3 3 3 3 3 2 2 2 1 1 1 1 1 1 1 1 1 1 1 1 1 1 1 1 1 1 1 1 1 1 1 1 1 1 1 1 
120 120 117 110 108 98 95 89 88 79 79 75 73 72 69 66 65 65 65 65 65 65 65 63 61 59 58 52 51 50 48 47 44 43 39 38 35 35 35 34 34 34 32 32 31 31 31 30 30 29 29 29 28 27 27 27 27 26 25 24 24 24 24 23 23 22 21 21 21 21 21 21 19 18 18 17 17 17 16 16 13 12 12 11 10 10 10 10 7 7 7 6 6 6 6 6 6 6 5 5 5 5 5 5 5 3 3 3 3 3 2 2 2 2 1 1 1 1 1 1 1 1 1 1 1 1 1 1 1 1 1 1 1 1 1 1 1 
119 119 110 105 104 98 93 87 87 74 71 70 68 68 68 65 65 65 65 64 64 62 61 60 59 57 57 52 50 50 47 46 44 41 39 34 33 33 33 33 33 30 30 30 30 30 30 30 27 27 26 26 25 24 24 24 24 24 24 24 24 24 23 21 21 21 19 19 18 18 18 18 18 18 17 16 16 15 12 10 10 10 10 10 9 9 9 8 7 6 6 6 6 6 6 6 5 5 5 5 5 5 5 5 4 3 3 2 1 1 1 1 1 1 1 1 1 1 1 1 1 1 1 1 1 1 1 1 1 1 1 1 
114 113 110 103 101 96 93 87 86 72 69 68 68 66 65 65 59 59 58 58 56 55 55 55 54 54 54 50 46 46 41 38 38 38 34 34 33 33 32 32 32 30 30 30 29 29 27 27 27 26 25 24 24 24 24 23 23 23 23 22 22 22 22 21 21 21 19 19 18 18 18 17 16 15 15 15 15 14 12 10 10 10 9 9 6 6 6 6 6 6 6 6 5 5 5 5 5 3 3 3 3 3 3 3 3 2 1 1 1 1 1 1 1 1 1 1 1 1 1 1 1 1 1 1 1 1 1 1 1 1 1 
112 111 108 101 98 96 91 87 84 70 68 67 67 63 63 61 58 57 56 54 54 54 53 53 52 47 41 39 38 38 36 35 35 35 34 34 32 31 30 30 30 30 29 29 28 28 27 27 27 26 25 24 24 23 22 22 22 18 17 17 17 17 17 16 16 16 16 16 15 14 14 14 14 13 13 12 12 11 11 10 9 9 9 8 6 6 6 6 6 6 6 5 5 5 5 5 4 3 3 3 3 3 3 2 2 2 1 1 1 1 1 1 1 1 1 1 1 1 1 1 
112 109 100 99 96 92 82 82 70 69 66 66 66 63 63 59 58 54 54 53 53 53 52 52 46 46 38 37 36 36 36 35 35 34 34 33 31 31 30 29 28 27 27 26 25 25 25 25 25 24 24 23 21 20 20 20 19 17 17 17 17 17 16 16 15 15 14 14 13 13 13 13 13 13 13 12 12 11 10 9 7 6 6 6 6 6 6 6 6 5 5 5 5 5 5 4 3 3 3 2 2 2 2 2 2 2 1 1 1 1 1 1 1 1 1 1 1 1 
112 105 100 94 94 89 77 77 70 68 66 66 66 63 62 57 57 53 53 53 53 52 52 52 46 45 38 37 36 35 35 34 34 33 33 31 31 30 29 29 28 26 26 25 24 24 24 24 24 24 21 21 20 20 20 17 17 17 17 17 15 15 15 15 15 15 13 12 12 11 11 11 11 11 10 10 9 9 9 7 6 6 6 6 6 6 5 4 4 4 4 4 4 4 4 3 3 3 2 2 2 2 2 2 2 1 1 1 1 1 1 1 
111 105 98 90 90 88 73 72 70 67 66 66 64 61 60 57 57 53 52 49 49 47 47 47 44 42 38 35 34 34 34 34 32 31 31 30 30 30 28 26 26 26 26 24 24 24 24 24 23 22 21 21 20 20 18 16 15 15 15 15 15 15 15 14 13 13 12 12 12 11 10 10 10 9 9 9 9 7 7 7 6 5 5 5 5 4 4 4 4 4 4 4 4 3 3 3 3 3 2 2 2 2 2 1 1 1 1 1 1 1 1 
101 101 92 88 87 83 72 70 68 67 66 65 62 56 56 56 53 53 49 48 46 46 43 40 39 37 35 35 34 33 33 33 32 31 31 29 28 27 26 25 24 24 24 24 24 24 22 22 21 20 20 20 19 17 17 15 15 14 14 14 13 13 13 12 11 11 11 10 10 10 10 10 9 8 8 8 8 7 7 6 6 5 5 5 4 4 4 3 3 3 3 2 2 2 2 2 2 2 2 2 2 1 1 1 1 1 
100 96 92 86 85 81 72 69 67 65 61 58 57 56 55 53 52 51 49 46 45 45 43 39 37 37 34 34 34 33 32 32 31 26 26 26 24 24 24 24 24 24 24 23 23 23 20 20 20 20 18 17 16 14 13 13 13 13 13 13 13 11 11 11 11 10 10 9 8 8 8 8 8 8 7 6 6 5 4 4 4 4 4 4 4 3 3 3 3 3 2 2 2 2 2 2 2 2 2 2 1 1 1 
97 96 92 86 82 80 71 69 62 62 61 58 57 55 54 52 47 47 47 44 44 40 38 36 33 33 33 32 31 30 29 29 26 26 24 24 24 23 23 23 22 22 22 22 22 19 18 18 17 17 17 16 16 13 13 13 13 13 13 13 11 11 10 9 9 9 9 8 8 8 7 6 6 6 5 5 5 4 4 3 3 3 3 3 3 3 3 3 3 3 2 2 2 2 2 1 1 1 1 1 1 1 
96 91 88 83 82 80 71 67 62 61 60 58 56 54 54 52 47 47 45 44 42 39 38 35 33 33 33 30 30 29 27 25 25 22 22 22 22 22 22 22 22 19 19 17 17 17 16 16 16 16 15 15 13 13 13 12 12 12 12 12 11 10 9 8 8 8 8 8 8 8 7 6 6 5 5 5 5 4 4 3 3 3 3 2 2 2 2 2 2 2 2 2 2 2 2 
94 86 86 83 76 76 69 63 62 60 58 54 54 53 52 52 47 47 40 40 40 39 36 35 33 31 30 29 28 28 26 23 22 22 22 22 21 20 19 19 19 17 17 17 17 16 16 16 16 14 14 14 13 13 12 12 12 11 10 9 9 8 8 8 8 8 8 7 7 6 5 5 5 5 4 4 4 4 3 3 3 3 3 2 2 2 2 2 2 2 2 1 1 
93 86 83 77 74 70 68 62 61 60 54 52 52 52 50 49 47 45 40 38 36 34 34 34 33 31 26 26 23 23 22 21 20 20 19 18 18 17 17 17 17 17 17 16 16 16 16 15 15 13 13 11 11 11 11 11 11 9 8 8 8 8 8 7 7 7 7 6 6 5 5 5 5 5 4 4 4 4 3 3 3 3 3 2 2 2 2 2 2 2 2 1 1 
91 86 82 73 69 69 68 61 60 58 54 52 52 51 50 48 46 41 40 29 29 29 29 29 29 26 26 24 23 23 21 20 19 19 17 17 17 17 17 17 17 16 15 15 15 15 15 14 14 13 13 11 11 11 10 10 10 8 8 8 7 7 7 7 7 6 6 6 6 5 5 5 4 4 3 3 3 3 3 3 3 3 3 2 2 2 2 2 2 1 1 1 
90 85 80 71 68 67 66 58 58 57 53 52 52 45 45 44 42 37 37 29 29 29 27 26 25 24 24 23 23 21 20 19 19 19 17 17 17 17 17 16 15 15 14 14 14 14 13 12 12 12 12 11 11 11 10 8 8 8 8 8 7 7 7 7 6 6 5 5 5 5 4 4 4 4 3 3 3 3 3 3 1 1 1 1 1 1 
89 83 77 67 65 65 63 58 57 57 52 52 44 44 42 42 42 36 36 29 29 28 25 24 24 24 24 23 21 20 18 18 18 18 17 17 16 16 16 15 14 14 14 14 14 13 12 12 10 10 10 10 10 10 10 8 8 8 7 7 7 7 7 7 6 6 5 5 5 4 4 4 4 3 3 3 2 2 2 2 1 
83 81 77 67 65 61 60 58 57 55 50 48 44 44 40 40 37 36 34 29 27 26 25 24 24 23 22 22 20 20 18 17 17 17 17 17 15 15 15 15 14 14 14 14 14 11 11 11 10 10 10 10 9 9 9 8 8 7 7 7 6 6 6 6 6 6 5 5 5 4 4 4 4 3 3 2 2 2 2 2 1 
83 78 75 67 65 60 60 56 56 53 50 46 44 44 40 37 36 34 31 29 27 26 24 24 22 21 20 20 20 19 18 17 17 17 16 16 15 15 14 14 14 13 13 12 12 11 10 10 10 10 10 9 9 9 9 8 7 6 6 6 6 6 6 4 4 4 3 3 3 3 3 3 3 3 2 2 2 2 2 2 1 
83 77 72 63 62 60 60 53 53 53 46 44 44 41 37 37 36 34 31 26 25 25 24 22 21 21 20 19 19 18 18 17 17 17 16 16 15 15 14 14 14 13 13 11 11 11 10 10 9 7 7 7 7 7 7 7 7 6 6 6 6 4 3 3 3 3 3 3 3 3 3 3 3 3 2 2 2 2 2 1 
81 71 68 63 61 60 58 53 53 50 46 44 42 41 36 36 34 33 27 25 25 24 23 22 19 18 18 18 18 18 17 17 17 16 16 16 15 13 9 9 9 9 9 9 9 9 9 8 8 7 7 7 7 7 7 6 6 6 5 5 5 4 3 3 3 3 3 3 3 3 3 3 3 2 2 2 2 2 2 1 
76 70 65 59 59 59 55 53 51 49 44 44 39 38 36 35 33 31 25 25 25 22 18 18 18 18 18 18 18 18 17 17 16 16 16 13 13 9 9 9 9 9 9 9 9 8 8 8 8 7 7 7 7 7 7 6 5 5 5 4 4 4 3 3 3 3 3 3 3 3 3 3 3 2 2 2 2 1 1 1 
76 70 60 59 59 58 55 49 47 47 44 42 38 37 36 33 32 30 25 25 24 20 18 18 18 18 18 18 18 18 16 16 16 14 12 12 11 9 9 9 9 9 9 8 8 8 8 8 7 7 7 7 7 7 6 5 5 5 5 4 4 3 3 3 3 3 3 3 3 3 3 2 2 1 1 1 1 1 
75 63 60 59 56 54 50 48 47 40 40 39 37 36 32 31 30 28 25 24 24 20 18 18 18 18 18 18 17 17 16 16 16 13 11 9 9 9 9 9 9 9 8 8 8 8 8 8 7 7 7 7 7 6 6 4 4 4 3 3 3 3 3 3 3 2 1 1 
73 62 60 59 55 49 49 47 46 40 38 37 35 35 32 30 30 28 25 24 24 20 18 18 18 18 18 18 17 17 16 16 14 13 10 9 9 9 9 9 9 8 8 8 8 8 8 8 7 7 6 5 5 5 5 4 4 4 3 3 3 2 2 2 2 1 1 
73 60 59 59 54 49 49 47 42 38 37 34 34 34 30 30 29 28 24 24 22 20 18 18 18 18 18 16 16 16 15 14 13 12 9 9 9 9 9 9 9 8 8 8 8 8 8 8 6 6 6 5 5 5 5 4 4 4 3 3 2 2 1 1 1 
73 60 59 58 52 49 47 46 35 35 35 34 33 31 30 30 26 26 23 23 21 20 18 18 18 16 16 15 15 15 14 14 13 10 9 9 7 7 7 7 7 7 7 7 7 7 6 6 6 5 5 5 5 4 4 4 4 3 3 2 2 1 1 
71 60 58 57 51 49 47 45 35 34 34 33 33 31 30 30 26 25 23 23 20 20 17 17 17 15 15 15 14 14 13 13 12 10 9 8 7 7 7 7 7 7 7 7 7 6 6 6 6 5 5 5 4 3 3 3 3 3 2 2 2 1 
71 60 58 53 50 47 45 44 34 34 34 33 31 31 30 28 25 24 23 23 19 18 17 16 16 15 15 15 13 12 12 12 12 9 9 8 7 7 7 7 7 7 7 7 7 6 5 5 5 5 5 4 2 2 2 2 2 2 2 2 1 
68 60 57 53 49 43 41 41 34 34 34 33 31 30 27 26 24 23 22 20 18 18 17 16 16 15 15 14 13 11 11 11 11 9 9 7 7 7 7 7 7 7 7 7 6 5 5 5 5 5 4 2 2 2 2 2 2 2 2 2 1 
63 59 53 48 48 43 41 41 34 34 32 32 30 29 27 25 24 23 21 19 18 18 17 16 16 15 14 12 12 11 11 11 7 7 7 7 7 7 7 6 6 6 5 5 5 5 5 5 4 3 2 2 2 2 2 2 1 
62 58 52 46 44 37 37 36 34 32 32 32 30 27 27 23 23 21 21 19 18 17 17 16 16 15 14 12 12 10 8 8 7 7 7 7 7 7 7 6 6 5 5 5 5 5 5 4 3 2 2 2 2 2 2 
60 57 52 43 41 36 36 36 34 32 32 30 29 26 25 23 21 21 21 18 17 17 17 15 15 14 14 12 12 9 8 7 7 7 7 7 7 7 6 6 6 5 5 5 5 5 5 4 3 2 2 2 2 
59 54 48 43 41 36 36 33 32 31 31 30 28 26 23 21 21 18 18 18 15 15 15 15 15 14 14 12 11 8 8 7 7 7 6 6 6 6 6 6 5 5 5 5 5 4 4 2 2 2 2 1 1 
59 51 48 43 41 36 36 32 32 29 27 27 25 25 23 21 20 18 17 17 15 15 11 10 8 6 6 6 6 6 6 6 6 6 6 6 6 6 6 6 5 5 5 4 4 3 3 2 2 2 
57 50 48 43 40 36 34 31 27 27 24 24 24 24 23 21 19 17 17 16 15 15 11 8 6 6 6 6 6 6 6 6 6 6 6 6 6 6 6 4 4 4 4 4 3 3 2 1 1 
56 43 42 37 37 35 33 31 27 27 24 24 24 23 20 19 19 17 17 16 15 14 8 6 6 6 6 6 6 6 6 6 6 6 6 6 6 6 4 4 3 3 3 3 3 3 1 
54 41 40 37 37 35 33 31 27 27 24 23 22 22 19 19 18 17 16 13 13 13 8 6 6 6 6 6 6 6 6 6 6 6 6 6 4 4 4 4 3 3 2 2 2 1 
54 41 39 37 37 34 33 29 27 25 23 22 22 20 19 19 15 15 11 10 10 10 8 6 6 6 6 6 6 6 6 6 6 6 5 5 4 4 3 3 3 2 2 2 2 1 
51 37 37 37 35 33 33 29 27 25 22 22 20 20 19 16 14 14 11 10 10 9 8 6 6 6 6 6 6 6 6 6 6 6 5 5 4 4 3 3 2 2 2 2 2 1 
50 37 37 36 35 33 33 27 27 24 22 21 20 20 19 16 14 13 10 10 10 9 7 6 6 6 6 6 6 6 6 6 6 5 5 5 4 4 3 3 2 2 1 1 
50 37 37 36 35 32 31 26 24 24 22 21 19 16 16 15 13 13 10 10 9 8 7 6 6 6 6 6 6 6 6 6 5 5 5 5 4 3 2 2 2 2 
49 37 36 36 35 32 31 26 23 23 22 19 18 15 15 15 12 11 10 8 8 8 7 6 6 6 6 6 6 6 6 6 5 5 3 2 2 2 2 2 2 2 
49 37 36 36 30 29 29 26 23 23 21 19 17 15 14 12 10 10 9 8 8 7 6 6 6 6 6 6 6 6 6 5 4 2 2 2 2 2 2 2 2 1 
41 37 36 34 29 28 28 23 22 21 21 19 16 14 14 12 10 10 9 8 8 7 6 6 6 6 6 6 6 6 5 4 4 2 2 2 2 2 2 2 2 1 
40 37 36 32 29 28 27 22 22 21 21 16 15 14 12 12 10 9 9 8 8 7 6 6 6 6 6 6 6 5 3 3 3 2 2 1 1 1 1 1 1 1 
40 36 33 32 26 26 25 22 22 21 20 16 15 14 12 11 10 9 9 8 8 6 6 6 6 6 6 6 6 4 3 3 3 2 2 1 1 1 1 1 1 
40 36 33 31 25 25 25 22 21 20 19 16 14 12 12 11 10 9 9 8 6 6 6 6 6 6 6 6 5 4 2 2 2 2 2 1 1 1 1 1 1 
38 36 29 29 24 24 21 21 21 19 19 16 14 12 12 10 10 9 9 8 6 6 6 6 6 6 6 5 3 3 2 2 2 2 2 1 1 1 1 1 1 
38 36 29 29 24 21 21 21 21 19 19 14 14 12 12 10 9 8 8 8 6 6 6 6 6 5 5 3 2 2 2 2 2 2 1 1 1 1 1 1 1 
37 33 29 26 24 21 21 21 20 19 19 14 14 12 12 9 8 8 8 8 6 6 6 6 5 5 5 3 2 2 2 2 2 2 1 1 1 1 1 1 1 
37 33 29 26 24 21 20 19 19 19 16 14 14 12 11 8 8 8 7 6 6 6 6 6 5 5 3 2 2 2 2 2 2 2 1 1 1 1 1 1 1 
37 33 28 25 24 21 20 19 18 17 16 14 13 11 10 8 8 7 7 6 6 6 6 6 5 5 2 2 2 2 2 2 2 2 1 1 1 1 1 1 
36 32 26 24 24 21 20 19 18 17 16 14 13 10 9 8 8 7 6 6 6 6 6 5 5 4 2 2 2 2 2 2 2 2 1 1 1 1 
36 29 26 24 24 20 20 18 18 16 15 14 12 10 9 8 7 7 6 6 6 6 6 5 5 4 2 2 2 2 2 2 2 2 1 
36 28 23 23 21 20 20 18 16 16 14 13 11 9 9 7 7 6 6 6 6 6 5 5 5 4 2 2 2 2 2 2 2 2 
36 27 23 22 21 20 18 17 16 13 12 11 9 8 8 6 6 6 6 6 6 6 5 4 3 3 2 2 1 1 1 
34 27 23 20 20 20 18 17 16 13 12 11 8 7 7 6 6 6 6 6 6 5 5 4 3 2 2 2 1 1 1 
33 27 22 20 20 20 18 16 15 13 12 11 8 7 6 6 6 6 6 5 5 5 4 4 3 2 2 1 1 
30 27 21 20 20 20 17 16 15 12 12 11 8 7 6 6 6 6 6 5 4 4 4 4 2 2 2 1 1 
30 27 21 20 19 19 17 16 14 12 11 11 8 6 6 6 6 6 5 5 4 4 4 3 2 2 2 1 1 
30 26 20 19 18 18 17 16 14 12 11 11 7 6 6 6 6 6 5 5 4 4 3 2 2 1 
27 26 19 18 18 17 17 14 14 12 11 11 6 6 6 6 5 5 4 4 4 4 2 2 2 
27 26 19 18 18 17 16 14 14 12 11 11 6 6 6 6 5 4 4 4 4 4 2 2 
27 25 19 18 18 17 16 14 14 12 11 10 6 6 6 4 4 4 4 4 4 3 2 2 
27 25 18 18 18 16 16 14 13 12 11 8 6 6 6 4 4 4 4 3 3 3 1 
26 25 18 18 18 15 14 14 12 12 11 8 6 6 5 4 4 4 4 2 2 1 1 
26 24 18 17 17 14 14 14 12 11 9 8 6 6 5 4 4 4 4 2 2 1 
26 23 18 17 17 14 12 12 11 11 8 7 6 6 4 4 4 4 4 2 2 1 
25 23 18 17 16 13 12 12 9 8 8 7 6 6 4 4 4 4 3 2 2 1 
25 22 18 17 14 12 10 9 9 8 7 6 6 6 4 4 4 4 2 2 2 1 
25 22 18 17 14 12 9 6 6 6 6 6 6 5 4 4 4 4 2 2 2 
25 22 17 17 14 10 6 6 6 6 6 6 6 5 4 2 2 2 2 
25 22 17 16 12 8 6 6 6 6 6 6 5 4 4 2 2 2 2 
25 22 17 16 11 8 6 6 6 6 6 5 5 4 4 2 2 2 1 
22 20 16 15 11 7 6 5 5 5 5 5 5 4 4 2 2 2 1 
22 20 16 15 11 7 6 5 5 5 5 5 5 4 2 2 2 2 
22 19 15 14 11 7 6 5 5 5 5 5 4 3 2 2 2 1 
22 19 15 14 11 7 6 5 5 5 5 5 4 3 2 2 1 1 
22 19 15 13 8 5 5 5 5 5 5 5 3 2 2 2 1 1 
21 19 15 12 8 5 5 5 5 4 4 3 3 2 2 2 1 1 
21 19 15 12 7 5 5 5 5 4 4 3 2 2 2 2 
21 18 14 12 6 5 5 5 5 4 4 2 2 2 2 1 
20 15 14 12 6 5 5 5 5 4 4 2 2 2 2 
20 15 14 12 6 5 5 5 5 4 2 2 2 2 2 
19 15 14 11 6 5 5 5 5 4 2 2 2 2 2 
17 15 14 11 6 5 5 5 3 3 2 2 2 2 2 
16 14 11 11 6 5 5 4 3 3 2 2 2 1 1 
15 14 11 11 5 5 5 4 3 2 2 2 2 1 1 
14 13 10 10 5 5 4 3 3 2 2 2 2 1 1 
13 13 10 10 5 5 3 3 3 2 2 2 1 1 
13 12 10 8 5 5 3 3 2 2 2 1 1 1 
13 12 10 8 5 5 3 3 2 2 1 1 1 1 
12 12 10 8 5 5 3 3 2 2 1 1 1 1 
12 12 9 8 5 5 3 3 2 1 1 1 1 1 
12 12 9 8 5 5 3 3 2 1 1 1 1 1 
12 12 9 8 5 4 3 3 2 1 1 1 1 1 
12 12 9 8 5 4 3 3 2 1 1 1 1 1 
12 12 9 8 5 3 2 2 2 1 1 1 
12 11 8 8 3 3 2 2 2 1 1 1 
12 11 8 7 3 3 2 2 2 1 1 1 
12 11 8 7 3 3 2 2 2 1 1 
12 10 8 5 3 2 2 2 1 1 1 
11 10 8 4 3 2 2 2 1 1 1 
10 8 8 4 3 2 2 2 1 1 1 
10 8 8 4 3 2 2 2 1 1 1 
9 8 6 4 3 2 2 2 1 1 
9 8 6 4 3 2 2 1 1 1 
8 8 6 4 2 1 1 1 1 1 
7 7 5 4 2 1 1 1 1 
7 7 5 4 2 1 1 1 1 
7 6 5 4 2 1 1 1 1 
7 6 5 4 2 1 1 1 
7 6 4 4 2 1 1 
7 6 4 4 2 1 1 
7 6 4 3 2 1 1 
7 6 4 3 2 1 
7 5 4 3 2 
7 5 4 2 2 
7 5 4 2 1 
7 5 3 1 1 
7 5 3 1 1 
6 5 3 1 1 
5 3 3 1 
5 3 3 1 
5 3 3 1 
5 3 3 1 
5 3 2 1 
5 3 2 1 
5 3 2 1 
5 3 2 1 
5 3 2 1 
5 3 2 
4 3 2 
4 2 2 
3 2 2 
3 2 2 
3 1 1 
2 1 1 
2 1 
2 1 
2 1 
2 1 
2 1 
2 1 
2 1 
1 1 
1 1 
1 1 
1 1 
1 1 
1 1 
1 
