169 156 136 125 118 118 107 101 101 100 100 93 93 93 92 92 92 90 87 84 79 78 76 75 74 73 73 72 70 70 65 65 63 62 60 60 58 57 55 49 48 48 48 47 47 47 42 42 42 42 42 42 41 40 40 40 39 38 38 38 36 35 34 34 33 33 32 32 31 31 30 30 29 29 28 28 28 28 28 27 27 26 24 24 23 22 22 21 20 20 19 19 19 19 19 18 18 18 18 15 13 13 13 13 13 13 13 12 11 10 10 10 10 9 9 8 8 8 8 8 8 8 8 8 7 7 7 6 6 6 6 6 6 6 6 6 5 5 4 3 2 2 2 2 2 2 2 2 2 2 2 2 1 1 1 1 1 
168 128 127 116 114 110 98 95 91 87 87 87 87 85 85 85 85 80 77 75 72 72 70 69 69 68 64 62 62 61 61 61 60 57 55 55 55 55 52 49 48 48 45 45 44 43 42 42 41 40 39 39 38 35 35 33 32 32 31 30 29 29 28 27 26 26 26 25 25 22 22 21 20 20 20 19 19 18 18 17 17 17 15 14 14 14 14 14 14 14 14 14 14 14 14 13 13 13 12 12 12 10 10 9 9 9 9 9 9 9 8 8 8 7 7 7 7 7 6 6 6 5 5 5 5 5 5 5 5 5 5 5 5 4 4 4 2 2 2 2 2 2 2 2 2 2 2 2 2 2 2 2 1 
145 127 125 116 111 105 97 91 90 87 85 85 84 82 79 74 74 74 74 70 66 64 64 60 60 60 60 60 59 56 55 55 52 48 46 45 44 44 44 44 44 44 43 42 41 41 40 38 36 36 36 35 32 32 30 29 28 28 28 27 27 26 26 24 24 24 23 20 20 20 19 17 17 17 17 16 16 16 16 16 15 15 14 14 14 14 14 14 14 14 13 12 12 12 12 11 11 11 11 10 9 9 8 8 8 8 8 8 7 7 7 7 3 3 3 3 3 3 3 3 2 2 2 2 2 2 2 2 2 2 2 2 2 2 2 2 2 2 2 2 2 2 2 2 1 1 1 
140 127 121 113 105 97 95 91 90 87 85 84 82 80 77 74 74 73 71 67 65 64 64 60 60 60 58 58 56 52 52 50 50 45 44 44 44 44 41 41 41 41 41 41 40 35 35 35 35 35 35 30 30 28 28 28 28 28 26 25 25 25 24 23 20 20 19 19 19 19 18 16 16 16 16 16 16 15 15 15 15 14 14 13 13 13 13 13 13 13 10 10 10 10 10 10 10 10 9 8 8 6 6 6 6 6 6 6 6 6 6 5 3 3 3 3 3 2 2 2 2 2 2 2 2 2 2 2 2 2 2 2 2 2 2 1 1 1 1 1 1 1 1 
137 122 121 111 101 96 91 89 87 87 85 82 78 77 74 74 73 70 66 64 61 60 60 59 58 56 55 51 50 48 48 48 47 45 44 42 41 38 35 34 34 33 32 32 32 32 31 29 29 28 28 26 26 26 26 24 24 24 24 22 22 22 22 21 18 18 18 18 18 16 16 16 16 16 15 15 15 15 14 13 13 12 12 12 11 10 10 10 10 10 10 10 9 9 9 7 7 7 7 7 6 6 6 6 6 5 5 4 4 4 4 3 2 2 2 2 2 2 2 2 2 2 2 2 2 2 2 2 2 2 2 1 1 1 1 1 1 
136 121 119 110 100 92 89 86 86 83 83 80 78 77 73 70 69 67 65 62 61 55 55 53 53 52 49 49 49 48 48 46 45 42 40 40 33 32 32 32 30 30 30 30 30 29 29 28 28 27 27 24 24 23 23 23 22 21 20 20 20 20 18 18 18 17 17 17 17 16 16 13 13 13 11 11 11 11 9 8 6 6 6 6 6 6 6 6 6 6 6 6 6 6 6 6 6 5 5 4 4 4 4 4 4 4 4 3 3 3 3 2 2 2 2 2 2 2 2 2 2 2 2 2 1 1 1 1 1 1 1 1 1 1 1 1 
133 120 116 109 98 89 87 85 84 83 79 77 74 62 61 61 60 59 59 54 53 53 53 51 51 51 49 48 48 47 47 45 44 42 36 36 33 32 32 31 29 28 28 28 28 28 27 27 27 25 24 24 23 22 21 21 20 18 18 18 18 18 17 16 16 16 16 14 13 13 12 12 12 9 9 9 9 7 7 6 6 6 6 6 6 6 6 6 6 6 6 6 6 5 5 5 5 4 4 3 3 3 3 3 3 3 2 1 1 1 1 1 1 1 1 1 1 1 1 1 1 1 1 1 1 1 
128 112 109 103 98 88 85 84 80 78 73 72 64 62 56 56 53 53 53 52 52 52 52 50 50 49 48 47 46 45 44 44 41 40 35 35 32 32 32 31 27 27 27 27 27 27 25 24 24 24 23 21 21 21 21 18 18 18 18 18 14 14 12 12 12 11 11 11 11 11 11 11 10 9 8 8 8 7 7 6 6 6 6 6 6 5 5 5 5 5 5 4 4 4 4 4 4 4 4 3 3 3 3 3 2 2 2 1 1 1 1 1 1 1 1 1 1 1 1 1 1 1 1 1 
125 109 96 96 95 87 85 83 78 71 70 69 64 60 56 56 53 53 53 51 50 49 49 49 49 47 47 45 45 43 42 40 40 37 35 34 32 31 28 26 26 26 25 25 25 23 23 23 22 21 18 18 18 18 18 18 18 17 16 15 14 12 12 12 12 11 11 10 10 8 8 8 8 7 7 7 7 7 7 6 6 6 6 6 6 5 4 4 4 4 4 4 4 4 4 3 3 3 3 3 3 2 2 2 2 1 1 1 1 1 1 1 1 1 1 1 1 1 1 1 
122 108 96 96 90 86 85 83 77 71 69 68 63 59 56 56 53 53 50 50 49 49 48 47 47 46 43 43 39 35 33 33 33 33 31 31 27 27 26 26 22 22 21 20 20 20 20 20 20 19 18 18 18 18 17 16 16 15 15 13 12 12 12 11 11 11 10 9 9 8 8 8 8 7 7 7 6 6 6 6 5 4 4 4 4 4 4 4 4 4 4 4 3 3 3 3 3 2 2 2 2 2 2 1 1 1 1 1 1 1 1 1 1 1 1 1 1 1 1 1 
117 105 96 92 87 85 79 76 73 71 68 63 60 53 53 53 52 50 49 49 47 47 47 45 43 43 41 38 38 34 33 32 31 30 30 28 27 27 26 23 22 22 21 20 20 20 20 18 18 18 18 18 16 15 15 15 15 14 14 13 12 12 11 11 11 9 9 7 7 7 7 7 7 7 6 6 6 4 4 4 4 3 3 3 2 2 2 2 2 2 2 2 2 2 2 2 1 1 1 1 1 1 1 1 1 1 1 1 1 1 1 1 1 1 1 
114 102 96 92 85 80 77 74 73 70 68 61 60 53 53 53 50 49 46 46 46 46 42 42 40 40 39 38 36 32 32 32 31 30 30 28 27 27 25 23 21 21 21 19 19 19 19 18 17 16 16 15 15 14 12 12 12 12 12 12 12 10 10 10 8 7 7 7 6 6 6 6 6 5 5 5 4 4 4 3 3 3 3 3 2 2 2 2 2 2 2 2 2 2 1 1 1 1 1 1 1 1 1 1 1 1 1 1 
111 94 93 87 81 78 70 69 65 64 59 59 53 51 51 48 47 46 46 44 44 42 42 40 40 36 36 34 34 32 30 30 29 28 28 28 27 25 24 23 21 21 19 19 18 17 17 15 15 15 15 15 15 14 11 11 11 11 11 10 10 10 9 8 8 7 6 6 6 6 6 6 4 4 4 4 3 3 3 3 3 3 2 2 2 2 2 2 2 2 2 2 1 1 
110 93 87 83 76 75 69 63 63 59 58 58 52 51 48 47 46 45 43 42 41 41 41 39 36 36 32 32 32 32 27 27 27 27 25 25 23 23 23 20 20 17 16 15 15 15 15 15 15 14 13 13 12 12 11 10 10 10 10 10 10 9 9 8 7 7 5 5 5 5 5 5 4 3 3 3 3 3 3 3 2 2 2 2 2 2 2 2 2 2 
104 92 86 81 76 73 67 62 61 58 56 54 52 49 47 46 45 43 42 42 41 40 39 39 35 35 32 32 30 30 27 27 27 25 24 23 23 23 23 20 16 16 16 15 15 15 15 14 14 14 13 11 11 11 10 10 10 10 10 8 7 6 6 6 5 5 5 5 5 5 5 3 3 3 3 3 3 3 2 2 2 2 2 1 1 1 1 
103 91 86 78 75 71 66 60 59 57 55 52 49 48 46 46 43 42 42 41 39 38 35 34 34 34 32 30 30 28 27 24 24 24 23 23 21 21 21 17 16 16 16 15 15 14 14 13 12 12 11 10 10 10 10 10 10 9 9 7 7 6 6 6 5 5 5 5 5 5 5 3 3 3 2 2 2 2 1 1 1 1 1 1 1 
100 90 77 77 73 70 64 59 59 56 55 51 48 48 46 46 42 41 41 35 35 33 33 33 32 32 31 30 28 27 27 24 24 24 23 22 20 20 20 17 16 16 16 14 12 12 12 11 11 10 10 10 10 10 10 9 9 9 9 7 6 6 6 6 5 5 5 4 4 4 3 3 3 3 2 2 2 2 1 1 1 1 1 1 1 
97 89 76 76 67 63 59 58 53 52 52 44 44 44 44 43 41 41 39 35 32 30 30 30 30 29 28 27 26 26 24 24 23 23 23 22 20 17 16 14 14 14 14 13 11 11 11 11 10 10 10 10 10 10 9 8 8 8 8 6 6 5 5 5 5 5 5 4 4 4 3 3 3 2 1 1 1 1 1 1 1 1 1 
94 85 74 70 63 63 58 58 53 52 48 44 44 44 44 42 40 37 35 35 31 29 29 28 26 26 26 26 26 24 24 24 23 22 21 19 18 17 16 14 14 14 14 11 11 10 10 10 10 10 10 10 10 9 8 8 8 8 6 5 5 5 5 5 5 5 5 4 4 4 2 2 2 1 1 1 1 1 1 1 1 
93 84 70 66 63 60 58 52 52 52 47 44 44 42 41 41 40 37 33 30 28 27 27 26 26 24 23 23 22 22 22 20 20 20 20 18 18 17 16 14 14 12 11 11 11 10 10 10 10 10 8 8 8 8 8 8 8 7 6 5 5 5 4 4 4 4 4 4 3 3 2 2 1 1 1 1 1 1 1 
90 83 68 65 62 60 56 52 52 49 45 44 40 40 39 37 36 32 29 27 27 26 26 26 24 24 23 23 22 22 21 20 19 19 18 15 15 13 13 13 13 12 11 11 10 10 10 10 10 9 8 8 8 8 8 8 8 5 5 5 5 5 4 4 4 4 4 3 3 3 2 1 1 1 1 1 
88 81 64 63 62 58 56 52 50 48 44 43 40 39 38 36 36 29 28 26 26 26 25 25 24 24 23 23 21 20 18 18 18 17 16 15 13 13 13 13 13 12 11 11 10 9 9 9 8 8 8 8 8 8 7 7 7 5 5 5 5 4 4 4 4 3 3 3 2 1 1 1 1 1 1 
84 79 64 63 58 58 56 52 47 44 44 43 39 37 37 35 34 29 27 26 25 25 24 23 23 23 22 21 19 19 18 18 18 16 16 15 13 13 13 13 13 12 10 8 8 8 8 8 8 8 8 8 8 7 7 7 7 5 5 5 5 4 4 4 3 3 2 2 1 1 
81 74 64 62 58 57 56 48 46 43 43 38 38 36 36 35 32 27 26 26 25 24 24 23 21 21 21 19 19 19 18 15 15 15 15 14 13 12 12 12 11 11 9 8 8 8 8 8 8 8 8 7 6 6 6 2 2 2 2 2 2 2 1 1 
81 73 63 59 57 55 50 48 43 42 42 36 36 36 35 34 31 27 26 25 24 24 22 22 20 20 19 19 17 17 17 15 15 15 13 13 13 12 12 12 10 10 9 8 8 8 8 8 8 8 8 7 5 5 5 2 2 2 2 2 1 
80 71 63 57 57 46 46 44 43 41 41 36 36 36 34 33 30 26 25 25 23 23 22 20 20 20 19 19 17 17 17 15 14 13 12 12 12 12 12 11 10 9 9 8 8 8 8 8 8 8 7 5 5 4 4 2 2 2 
76 68 62 57 53 45 44 44 42 39 38 36 35 34 32 29 27 25 25 23 23 22 22 20 20 20 18 18 17 17 17 14 13 12 12 12 12 11 11 10 9 9 8 8 8 8 8 7 7 4 4 4 3 3 3 2 2 1 
73 68 58 51 51 44 44 44 42 39 37 34 31 31 31 29 27 25 24 23 23 22 20 20 20 19 18 18 15 15 14 14 13 12 12 12 11 11 11 9 9 8 8 8 8 8 7 7 7 4 4 4 3 3 2 2 
70 64 56 51 47 44 44 40 40 36 34 33 31 31 30 29 27 25 24 23 22 21 20 18 18 18 18 16 15 14 12 12 12 12 12 11 11 11 10 9 8 8 8 8 7 7 7 6 5 4 3 3 3 2 1 1 
69 63 54 51 47 44 44 39 39 34 34 33 30 29 28 28 25 25 21 21 21 20 20 18 17 17 17 16 15 13 12 12 12 12 12 11 11 10 10 9 8 8 8 8 6 4 4 4 4 3 3 2 2 2 1 1 
68 62 53 51 46 43 41 39 36 32 32 31 29 27 26 26 24 24 21 21 21 20 20 18 17 17 17 16 14 12 12 12 12 11 11 10 10 10 10 9 8 8 8 8 6 4 4 4 3 3 3 2 2 1 1 
63 62 51 49 46 42 41 39 36 32 31 31 28 26 26 25 24 24 21 21 21 20 19 14 14 13 10 10 10 10 10 9 9 9 8 8 8 8 8 8 8 8 7 7 6 4 4 4 3 3 2 2 
62 59 51 48 46 42 38 38 33 31 31 30 28 26 24 23 23 23 21 21 19 18 13 13 13 12 10 10 10 9 9 9 9 9 8 8 8 8 8 8 8 7 7 6 5 4 4 2 2 2 2 1 
62 58 50 47 44 41 38 36 32 31 31 28 27 26 23 23 23 22 21 19 19 18 13 13 11 11 10 9 9 9 9 9 9 8 8 8 8 8 8 8 8 7 7 6 5 4 2 2 2 2 1 1 
61 57 46 45 44 40 38 35 32 31 31 28 27 26 23 21 21 21 21 19 18 18 13 13 11 10 9 9 9 9 8 8 8 8 8 8 8 8 8 8 7 6 6 6 5 3 2 2 2 2 1 
59 54 44 43 41 40 36 35 31 30 30 28 27 26 22 21 21 21 21 16 15 15 12 10 10 9 9 8 8 8 8 8 8 8 8 8 7 7 6 6 6 6 5 4 4 3 2 2 2 1 1 
59 53 43 42 41 39 36 34 31 29 27 27 27 26 21 21 21 21 20 12 12 10 10 10 9 9 9 8 8 8 8 8 8 8 8 8 7 6 6 6 6 5 4 4 3 3 2 2 2 
59 52 43 42 40 37 34 33 31 27 27 27 27 26 21 21 21 21 19 11 10 10 9 9 8 8 8 8 8 8 8 8 8 7 7 7 6 6 6 5 5 4 4 3 3 3 2 2 1 
58 52 43 41 39 37 34 31 29 27 27 27 27 24 21 21 21 19 18 11 9 9 9 9 8 8 8 8 8 8 7 7 7 7 7 7 6 6 6 5 5 3 3 3 3 2 2 2 
57 52 42 41 39 37 34 30 29 27 26 25 25 21 18 18 16 15 14 10 9 9 9 9 8 8 8 7 7 7 7 7 7 6 5 5 5 5 5 4 3 3 2 2 2 1 1 
56 48 41 40 39 37 33 30 28 27 26 24 24 21 18 16 16 15 14 9 9 9 9 9 8 8 7 7 7 7 7 7 6 6 5 5 5 5 5 3 3 2 2 2 2 1 1 
55 48 40 40 39 34 32 30 28 25 25 24 21 20 17 15 15 15 14 9 9 9 9 8 7 7 7 7 7 7 7 6 6 6 5 5 4 4 3 3 3 2 2 1 1 1 1 
53 44 40 40 34 33 32 30 28 25 25 23 21 20 17 14 14 13 13 9 9 8 8 8 7 7 7 6 6 6 6 6 6 5 5 4 3 3 2 2 2 2 1 1 1 1 
51 41 39 38 33 31 31 29 27 25 22 20 20 19 15 14 13 12 11 9 9 8 8 7 7 6 6 6 6 6 5 5 5 5 4 3 3 2 2 2 2 2 1 1 1 
51 38 38 37 33 30 28 25 25 25 22 18 17 17 14 13 12 12 11 9 9 8 6 6 6 6 6 6 6 6 5 4 4 4 3 3 2 2 2 2 2 1 1 1 
49 38 37 37 33 30 28 23 23 23 22 18 17 16 13 13 12 11 11 9 9 8 6 6 6 6 6 6 5 5 5 4 3 3 3 3 2 2 2 2 2 1 
49 37 36 34 31 29 28 23 23 22 22 17 17 14 13 12 12 11 9 9 8 8 6 6 6 6 6 6 4 4 4 3 3 3 3 3 2 1 1 1 1 1 
47 35 34 33 31 27 25 23 23 21 19 17 17 13 12 11 11 11 9 8 7 6 6 6 6 6 6 6 4 4 4 3 3 3 3 3 2 1 1 1 1 1 
47 34 32 31 27 27 25 23 23 21 18 16 16 13 12 11 11 11 8 8 7 6 6 6 6 6 6 6 4 4 4 3 3 3 3 2 2 1 
46 34 32 29 26 25 24 23 23 20 18 16 16 13 12 11 9 9 8 8 7 6 6 6 6 6 6 5 4 4 2 2 2 2 1 1 1 1 
45 33 31 28 26 25 23 22 22 18 18 15 15 13 12 11 9 9 7 7 6 6 6 6 6 4 4 4 4 4 2 2 2 2 1 
44 33 31 28 25 23 23 22 22 18 15 14 14 13 11 11 9 9 7 7 6 6 6 6 6 4 4 4 4 3 2 2 1 1 
43 32 30 26 25 22 22 21 21 16 15 14 14 13 11 11 9 8 7 7 6 6 5 5 5 4 4 4 4 3 2 2 1 
43 32 29 24 24 20 19 18 18 16 15 14 12 11 11 10 9 8 6 6 6 6 5 5 4 3 3 3 3 2 1 1 
40 32 28 24 23 20 19 18 17 16 15 14 12 11 9 9 8 8 6 6 6 6 5 5 4 3 3 3 3 2 1 
40 31 28 24 22 20 18 18 17 15 15 14 11 10 9 8 8 8 6 6 6 6 5 5 3 3 3 2 1 1 
40 31 27 24 21 20 18 17 15 15 14 14 11 9 9 8 8 7 6 6 6 5 4 4 3 3 3 1 1 
39 29 26 24 20 20 17 17 15 15 13 13 11 9 8 8 8 7 5 5 5 4 4 4 3 1 1 1 1 
38 28 25 22 20 18 17 16 15 15 13 12 11 9 8 8 5 5 5 5 5 4 4 4 3 1 1 1 
38 27 24 22 18 18 17 16 15 15 12 12 8 8 8 8 5 5 5 5 5 4 3 3 2 1 
37 26 23 22 18 18 16 15 13 13 12 11 8 8 8 8 5 5 5 5 5 4 2 2 2 
36 25 23 22 18 18 16 14 13 13 12 11 8 8 7 7 5 5 5 5 5 4 2 2 2 
35 25 21 21 18 16 16 14 13 13 12 11 8 7 7 6 5 5 5 5 5 4 2 2 2 
35 25 21 21 17 16 16 13 13 12 11 11 8 7 5 5 5 5 5 5 4 3 2 2 2 
35 25 21 19 17 15 15 13 13 12 11 8 8 7 5 5 5 5 5 5 3 3 2 2 1 
34 25 21 17 17 15 15 13 13 12 11 8 6 6 5 5 5 5 5 5 3 3 2 2 1 
34 25 21 17 16 15 15 13 11 11 11 7 6 6 5 5 5 5 5 5 3 3 2 2 1 
33 23 21 17 16 15 15 13 11 11 11 6 6 6 5 5 5 5 4 3 3 3 2 1 1 
33 23 21 16 14 14 14 13 11 11 9 5 5 5 5 5 5 4 4 3 2 2 1 1 1 
30 23 21 15 14 14 14 12 10 9 8 5 5 5 5 5 5 4 3 3 2 2 1 1 
30 23 21 15 14 14 13 10 10 8 8 5 5 5 5 5 5 4 3 3 2 2 1 1 
30 21 18 15 14 14 11 10 8 8 7 5 5 5 5 5 5 3 3 2 2 1 1 1 
29 21 17 15 13 13 11 10 8 8 7 5 5 5 5 5 4 3 3 2 2 1 1 
29 20 17 15 13 12 11 8 8 8 7 5 5 5 5 5 4 3 2 2 1 1 1 
27 19 17 14 12 12 10 8 8 7 7 5 5 4 4 4 4 3 2 2 1 1 
27 18 16 14 12 10 10 8 8 7 7 5 4 4 4 3 3 3 2 2 1 
27 18 16 14 12 10 9 8 8 6 6 4 3 3 3 3 2 2 2 1 1 
25 18 16 14 12 10 9 8 8 4 3 3 3 3 3 3 2 2 1 1 1 
25 18 16 14 11 10 8 8 7 4 3 3 3 3 3 3 2 2 1 1 
24 18 16 14 11 10 7 6 3 3 3 3 3 3 3 3 2 2 1 
22 18 15 13 11 9 7 6 3 3 3 3 3 3 2 2 2 1 
22 17 13 13 10 9 7 5 3 3 3 3 2 2 2 2 2 1 
21 16 12 12 9 9 5 5 3 3 3 2 2 2 2 2 2 1 
20 16 12 12 9 8 5 5 3 2 2 2 2 2 2 2 2 1 
20 16 12 12 9 8 5 5 3 2 2 2 2 2 1 1 1 
19 15 12 12 8 8 5 4 3 2 2 2 2 2 1 1 1 
19 15 12 11 8 8 5 4 3 2 2 2 2 2 1 1 1 
14 14 12 10 8 7 5 4 3 2 2 2 2 1 1 1 
14 12 12 10 8 7 5 4 2 2 2 2 2 1 1 
12 12 12 10 8 7 4 2 2 2 2 2 2 1 
12 12 12 8 8 7 4 2 2 2 2 2 1 1 
12 12 12 8 8 7 4 2 2 2 2 2 1 
12 11 11 8 7 7 3 2 2 2 2 2 1 
12 11 9 8 7 7 3 2 2 2 2 2 1 
11 11 9 8 7 6 3 2 2 2 2 2 1 
11 11 8 8 6 6 3 2 2 2 2 2 1 
11 11 8 8 5 5 3 2 2 2 2 2 
10 10 7 7 5 4 3 2 2 2 1 1 
10 10 7 7 5 4 2 2 2 2 1 1 
10 9 7 7 4 4 2 2 2 2 1 
10 9 6 6 4 4 2 2 2 2 1 
10 9 6 6 4 3 2 2 2 2 1 
9 8 6 6 3 3 2 2 2 2 1 
9 8 5 5 3 3 2 2 2 2 1 
9 8 5 5 3 3 2 2 2 2 1 
9 6 5 5 3 3 2 2 2 1 
9 5 5 5 3 3 2 2 2 1 
8 5 5 5 3 2 2 2 2 
8 5 5 4 3 2 2 2 2 
8 5 5 4 3 2 2 1 1 
6 5 5 4 3 2 2 1 
6 5 5 4 3 2 2 1 
6 5 5 3 3 2 2 1 
5 5 4 3 3 2 1 1 
5 4 4 3 2 1 1 1 
4 4 4 3 2 1 1 1 
4 4 3 3 2 1 1 1 
4 4 3 3 2 1 1 
4 4 3 3 2 1 1 
4 3 3 3 1 1 1 
4 3 3 2 1 1 
4 3 3 2 1 1 
4 3 3 2 1 1 
3 3 3 
3 3 2 
3 3 2 
3 2 2 
3 2 2 
3 2 2 
3 2 2 
3 2 2 
3 1 1 
3 1 1 
3 1 1 
3 1 1 
3 1 1 
2 1 1 
2 1 1 
2 1 1 
2 1 1 
2 1 
2 1 
2 1 
2 1 
1 1 
1 
1 
1 
