165 155 146 121 117 117 114 111 110 107 107 102 96 96 94 92 92 92 92 84 76 73 69 69 69 69 69 68 67 67 62 62 62 62 59 59 57 56 55 55 54 54 54 52 52 48 46 44 40 40 40 39 39 35 34 32 32 31 31 29 29 29 29 28 28 28 28 27 27 27 27 27 27 27 27 27 27 26 26 26 24 24 24 22 22 22 22 20 20 19 19 19 16 16 15 15 15 15 13 12 11 11 11 11 11 11 11 11 11 11 11 11 11 9 8 8 8 7 7 7 7 6 6 6 6 6 6 6 6 6 4 4 4 4 4 4 2 2 2 2 2 2 2 2 2 2 2 2 2 1 1 1 1 1 1 1 1 1 1 1 1 1 1 1 1 1 1 1 1 1 1 1 1 1 1 1 1 1 1 1 1 
147 132 129 117 115 107 107 106 100 99 91 91 89 86 84 81 80 80 79 78 74 73 69 69 69 69 69 67 60 60 59 58 57 55 55 50 49 47 47 45 45 45 44 42 42 41 41 39 39 38 38 37 33 33 32 32 32 31 31 29 27 27 27 27 27 27 26 24 24 22 21 21 21 21 21 21 20 19 18 18 18 16 16 15 15 15 15 15 14 14 13 13 12 12 12 12 12 12 11 10 10 10 10 10 10 10 10 10 10 8 8 8 8 8 8 8 8 7 7 7 6 6 5 5 4 4 3 3 3 3 3 3 2 2 2 2 2 2 2 2 2 2 2 2 2 1 1 1 1 1 1 1 1 1 1 1 1 1 1 1 1 1 1 1 1 1 1 1 1 1 1 1 1 
145 128 127 116 103 100 99 97 96 94 91 83 83 81 81 80 78 78 76 73 73 64 60 58 58 56 56 56 55 55 55 53 53 49 48 48 47 46 44 43 43 43 42 41 41 41 41 39 37 37 31 30 30 30 29 28 28 28 28 27 27 27 26 25 24 24 24 22 22 22 21 21 21 21 20 19 19 19 18 18 17 16 16 15 15 14 14 14 14 13 13 12 11 11 11 10 9 9 9 9 9 9 9 9 8 8 8 8 6 6 6 6 6 6 6 6 5 5 4 4 4 4 4 4 4 3 3 3 3 2 2 2 2 2 2 2 2 2 1 1 1 1 1 1 1 1 1 1 1 1 1 1 1 1 
130 128 115 113 92 92 91 90 85 83 83 83 80 80 78 78 76 75 66 62 60 60 58 56 56 55 55 55 53 53 50 50 50 49 48 44 42 42 41 39 39 39 39 38 37 37 37 37 36 34 30 30 30 29 28 28 26 26 23 22 22 22 22 22 22 19 19 19 19 19 19 19 19 18 18 17 14 14 14 14 14 13 13 13 13 11 11 11 11 11 11 11 11 11 9 9 9 9 9 9 8 7 6 6 6 5 5 5 5 5 5 5 5 5 5 5 5 4 4 4 3 3 3 3 3 3 3 3 2 2 2 2 2 2 2 1 1 1 1 1 1 1 1 1 1 1 1 1 1 1 
127 108 107 98 92 92 87 86 85 83 83 77 77 76 73 73 68 68 61 59 58 58 58 55 54 54 52 50 50 50 46 45 45 43 42 41 41 41 37 37 35 33 33 32 32 32 31 31 31 31 29 28 26 26 25 24 20 20 20 20 19 19 19 17 17 17 17 17 17 17 17 17 16 16 16 16 14 14 14 13 13 13 13 12 12 11 11 11 11 10 9 9 9 9 9 9 7 6 6 6 6 6 3 3 3 3 3 3 3 3 3 3 3 3 3 3 3 3 3 3 3 3 3 3 3 3 2 2 2 1 1 1 1 1 
123 99 96 94 90 88 87 86 84 83 78 77 76 74 73 69 68 66 61 59 58 58 58 54 52 52 52 50 48 46 46 45 44 43 39 37 36 34 34 34 32 31 31 31 31 31 30 30 30 29 27 27 25 24 22 21 20 20 19 17 17 17 17 17 17 17 17 16 16 15 15 15 15 15 15 14 14 14 13 13 13 11 11 11 11 10 10 9 8 7 7 7 7 7 7 5 5 5 5 5 5 4 3 3 3 3 3 3 3 3 3 3 3 3 3 3 3 3 3 3 3 2 2 2 1 1 1 1 1 1 
117 97 96 90 89 88 85 85 83 82 77 73 73 72 72 67 64 63 61 59 58 57 55 53 51 51 51 48 48 46 45 44 39 39 37 35 34 34 32 32 32 31 31 31 30 29 28 27 26 26 26 23 23 23 20 20 19 19 18 17 17 17 17 17 16 15 15 15 15 13 13 13 13 13 13 11 11 11 10 9 9 9 9 9 9 8 6 6 6 6 6 6 6 6 6 5 5 5 5 5 5 4 3 3 3 3 3 3 3 3 3 3 3 3 3 3 2 2 2 1 1 
112 96 96 90 89 82 81 81 80 77 76 72 72 71 70 67 64 62 60 59 57 56 52 51 46 46 46 46 46 43 42 42 37 36 35 35 34 32 32 31 31 31 31 31 30 29 25 25 25 23 23 22 21 21 19 19 19 16 15 15 15 15 14 14 14 14 13 11 11 10 10 10 10 10 10 9 8 8 8 8 8 8 8 7 7 7 6 6 6 6 6 5 5 5 5 5 4 4 4 3 3 3 3 3 3 3 3 3 2 2 1 1 1 1 1 1 1 1 1 1 1 
107 96 92 86 86 82 81 80 77 75 72 70 68 64 62 61 61 60 54 54 54 53 51 47 46 46 46 46 45 43 41 37 36 34 34 32 27 27 27 27 27 27 27 27 27 24 24 24 24 22 20 19 19 18 17 17 16 15 15 15 15 15 14 12 11 11 11 11 10 10 10 9 8 8 7 7 7 7 7 7 7 7 6 6 6 6 5 5 5 5 5 5 4 4 4 4 4 4 3 3 3 2 2 2 2 2 2 2 1 1 1 1 1 1 1 1 
106 93 89 84 82 82 81 78 77 72 69 69 66 63 61 61 60 59 54 54 54 50 47 47 46 44 44 43 43 41 39 36 33 33 32 30 27 27 27 27 27 26 26 24 24 24 24 24 24 21 18 18 18 18 15 15 15 15 15 15 15 15 14 11 11 11 10 10 10 10 9 8 8 7 7 7 7 6 6 6 6 6 6 5 5 5 5 5 5 5 5 5 4 4 4 4 4 4 3 2 2 2 2 2 2 2 2 1 1 1 1 
98 90 87 83 82 80 77 75 71 70 64 63 63 61 61 59 57 57 54 49 49 48 46 45 45 44 41 41 40 38 38 33 33 32 29 29 27 27 23 23 23 23 22 22 22 21 20 20 20 19 18 18 18 16 15 15 14 14 14 14 13 13 13 10 10 10 10 9 8 8 8 8 7 6 6 6 6 6 6 6 5 5 5 5 5 5 5 4 4 3 3 3 3 3 3 3 3 3 3 2 2 2 2 2 1 1 1 
97 86 80 80 76 76 75 73 71 70 64 63 61 59 59 57 56 54 51 49 47 47 46 44 44 41 41 39 39 34 33 32 31 31 29 28 27 27 23 23 23 22 22 21 18 18 18 17 17 15 15 15 14 14 14 14 14 13 12 12 12 12 11 10 10 8 8 8 7 7 7 7 7 6 6 5 4 4 4 4 4 4 4 4 4 4 4 3 3 3 3 3 3 2 2 1 1 1 1 1 1 1 1 
91 84 80 79 76 76 74 72 70 64 62 55 55 55 55 55 53 52 50 49 46 44 41 39 38 36 34 34 32 32 32 30 29 29 28 26 25 24 23 23 23 22 22 21 18 18 18 17 17 15 15 14 13 13 13 13 13 12 12 12 12 11 11 10 10 8 8 8 7 7 7 7 7 6 6 4 4 4 3 3 3 3 3 3 2 2 2 2 2 2 2 2 1 1 1 1 1 1 1 1 1 1 1 
91 83 80 79 76 73 72 69 67 60 60 55 55 55 54 53 50 48 46 43 43 38 38 35 35 33 32 31 31 30 30 28 28 28 26 25 24 23 21 21 21 21 21 21 18 18 17 15 14 14 14 13 13 13 13 12 12 12 11 11 11 11 10 8 8 8 7 7 7 7 7 7 6 5 4 4 4 3 3 3 3 3 2 2 2 2 2 2 2 2 2 2 1 1 1 1 1 1 1 1 1 1 
91 81 80 78 73 72 71 67 66 60 60 55 55 53 52 52 46 45 43 43 41 36 36 35 33 32 30 30 29 29 27 27 26 26 25 24 23 22 21 21 21 21 19 18 18 16 16 14 14 13 13 13 13 12 12 12 11 11 11 11 11 10 9 8 7 7 7 7 7 6 6 6 3 3 3 3 3 3 3 2 2 2 2 2 2 2 2 2 2 2 2 1 1 1 1 1 1 1 1 1 
88 79 78 78 63 63 63 63 62 56 56 55 55 53 49 49 43 43 40 40 36 36 35 33 31 31 30 29 28 28 27 26 25 25 25 24 22 22 21 21 20 20 18 18 18 16 13 13 13 13 13 13 12 9 9 9 9 9 9 9 9 9 9 8 5 4 4 4 4 4 4 4 3 3 3 3 3 3 3 2 2 2 2 2 2 2 2 2 2 2 1 1 1 1 1 1 1 1 1 1 
87 76 76 75 63 63 62 60 58 55 51 46 46 46 46 46 43 39 39 36 34 31 31 31 31 30 29 28 26 26 26 26 25 24 24 23 22 20 20 20 19 19 17 17 16 15 13 13 12 12 12 12 11 9 9 9 9 9 9 8 7 7 7 6 5 4 4 4 4 3 3 3 3 2 2 2 2 2 2 2 2 2 2 2 2 2 2 2 1 1 1 1 
86 76 75 68 63 62 60 59 54 50 48 46 46 46 44 40 40 38 38 33 32 31 30 30 30 29 29 27 26 24 24 24 23 21 21 21 20 19 19 19 19 17 17 16 16 15 13 13 12 12 12 12 10 9 9 9 9 7 7 7 7 4 3 3 3 3 3 3 3 3 2 2 2 2 2 2 2 2 2 2 2 2 2 1 1 1 1 1 1 1 
83 76 75 68 63 60 53 53 51 49 48 46 46 42 42 39 38 37 36 33 31 29 29 29 28 27 26 26 25 24 24 22 22 20 20 20 19 19 18 18 16 16 15 14 14 13 13 12 12 11 8 8 8 8 8 7 7 6 6 6 4 4 3 3 3 3 3 3 3 3 2 2 2 2 2 2 2 2 2 2 2 1 1 1 1 1 1 1 1 
81 75 72 68 63 59 53 53 48 47 47 46 46 41 41 37 37 36 36 31 28 28 28 28 27 27 26 25 23 22 21 21 21 20 20 20 18 18 18 14 14 14 14 13 13 13 12 11 11 11 8 8 6 6 6 6 6 6 4 4 4 3 3 3 3 3 3 3 3 2 2 2 2 2 2 2 2 2 1 1 1 1 1 1 1 1 1 
77 74 68 66 60 59 53 53 48 47 46 46 45 41 41 36 36 35 35 31 28 28 27 27 27 26 26 24 23 21 21 21 20 20 19 18 18 18 18 14 14 14 13 13 13 11 11 11 10 10 8 8 6 6 5 5 5 4 4 4 4 3 3 3 3 3 3 3 2 2 2 2 2 2 2 2 2 1 1 1 1 1 1 1 1 
77 71 65 65 59 55 50 46 46 46 44 44 44 41 39 36 35 35 33 30 28 28 27 27 25 25 25 23 22 21 20 20 19 18 18 16 14 14 14 14 13 12 12 12 10 10 10 10 9 9 8 7 6 4 4 4 4 4 4 4 4 3 3 3 3 3 3 3 2 2 2 2 2 2 2 2 2 1 1 1 1 1 
75 68 65 63 58 53 50 44 44 44 44 44 41 37 37 36 32 32 32 30 28 28 27 26 25 24 20 19 19 19 19 18 18 17 17 14 14 14 14 13 13 12 12 11 10 8 7 7 7 7 7 6 5 4 4 4 4 4 4 4 4 2 2 2 2 2 2 2 2 2 2 2 2 2 2 2 2 1 
75 67 60 57 56 51 50 44 44 44 43 37 36 36 35 32 30 30 29 28 27 27 27 24 23 21 20 19 18 18 17 17 17 17 17 14 14 14 12 12 12 12 11 9 8 8 7 7 7 7 6 6 4 4 4 4 4 4 3 3 2 2 2 2 2 2 2 2 2 2 1 1 1 1 1 1 1 1 
73 67 58 57 52 51 49 44 44 42 37 37 35 35 34 32 29 27 26 26 26 25 23 23 23 21 19 18 18 18 17 17 17 17 17 14 14 13 12 12 9 9 9 8 7 7 7 7 6 6 5 4 4 4 4 4 4 4 3 3 2 2 2 2 2 2 2 2 2 2 1 1 1 1 1 1 1 
73 60 57 57 52 51 46 42 42 41 37 35 35 34 33 32 28 27 26 26 24 24 23 23 21 21 19 17 17 17 17 16 16 16 16 14 11 11 11 10 9 9 8 7 7 7 6 6 5 5 4 4 4 4 4 4 3 3 3 2 2 2 2 2 2 2 2 2 1 1 1 1 1 1 
73 57 55 55 51 48 43 42 42 41 36 35 31 30 29 29 28 27 26 26 24 24 23 23 21 21 19 17 17 17 16 16 15 14 14 13 11 11 10 10 9 9 8 7 7 7 5 5 5 4 4 4 4 4 3 3 3 3 3 2 2 2 2 2 2 2 1 1 1 1 1 1 1 1 
73 57 55 55 50 45 43 41 41 41 35 34 30 30 29 29 28 27 26 26 24 23 22 20 20 20 19 17 17 16 16 15 15 13 13 12 11 9 9 8 8 7 7 7 7 7 5 5 5 4 4 4 4 3 2 2 2 2 2 2 2 2 2 2 1 1 1 1 1 1 1 1 1 1 
72 54 53 53 50 45 42 41 41 41 33 33 29 29 29 29 27 27 26 25 23 22 20 20 20 17 17 17 16 15 15 15 13 13 13 12 9 9 7 7 7 7 7 7 7 6 5 4 4 3 3 3 2 2 2 2 2 2 2 2 2 2 2 2 1 1 1 1 1 1 
62 54 52 49 49 41 41 40 39 37 31 31 29 29 29 28 27 26 25 24 22 21 20 20 20 17 17 17 15 15 15 15 13 11 10 10 9 8 6 6 6 6 6 6 5 5 5 4 4 3 2 2 2 2 2 2 2 2 2 1 1 1 1 1 1 1 1 1 1 1 
62 52 52 48 44 41 39 38 38 33 31 31 29 29 29 26 25 24 24 23 22 20 20 19 19 17 17 16 15 14 14 13 13 9 9 9 7 7 6 6 6 6 6 6 5 5 3 3 3 2 2 2 2 2 2 2 2 2 2 1 1 1 1 1 1 1 1 1 1 1 
61 50 49 46 44 41 38 36 36 33 30 29 29 29 25 25 22 22 22 22 19 19 19 18 18 16 16 15 14 14 14 13 11 9 9 8 7 6 6 6 6 6 5 5 4 4 3 3 3 2 2 2 2 2 2 2 2 2 1 1 1 1 1 1 1 1 1 1 
53 50 46 44 41 41 38 35 35 32 30 29 29 28 25 25 22 22 22 22 19 19 19 18 16 16 15 15 14 13 12 10 9 8 8 6 6 6 6 6 6 5 5 5 4 3 3 2 2 2 2 2 2 2 2 2 2 2 1 1 1 1 1 1 1 1 1 
52 49 46 42 40 38 37 35 33 30 30 28 28 26 24 24 22 22 21 19 19 19 18 16 15 15 15 13 12 12 12 10 9 7 7 6 6 6 6 5 5 5 5 5 4 3 3 2 2 2 2 2 2 2 2 2 2 2 1 1 1 1 1 1 1 1 
52 48 45 41 39 37 37 34 33 30 27 27 27 26 24 21 21 21 19 19 19 19 18 16 14 13 13 12 12 11 10 9 7 7 7 6 6 6 6 5 5 3 3 3 3 2 2 2 2 2 2 2 2 2 2 1 1 1 1 1 1 1 
52 45 43 41 39 37 37 33 33 30 27 27 26 26 23 20 20 19 18 18 17 17 16 16 14 13 12 11 11 11 9 9 7 7 7 6 6 6 6 5 4 3 2 2 2 2 2 2 2 2 2 2 2 2 2 1 1 1 
50 44 43 41 37 37 33 32 31 30 26 26 25 25 20 20 19 19 18 18 17 16 16 13 12 12 10 10 10 8 8 7 7 6 6 6 6 6 4 4 2 2 2 2 2 2 2 2 2 2 1 1 1 1 1 1 1 
50 43 43 41 37 36 33 32 31 28 25 24 24 23 20 19 17 17 17 17 16 16 16 12 12 11 10 10 9 8 8 7 7 6 6 6 6 5 4 3 2 2 2 2 2 2 2 2 2 2 1 
50 43 40 39 36 35 31 31 31 26 25 23 23 21 20 19 17 17 17 16 15 15 14 12 11 10 10 10 9 8 7 6 6 6 6 6 5 5 3 2 2 2 2 2 2 2 2 2 2 
50 42 38 37 35 34 31 29 27 26 22 22 21 20 19 18 17 17 17 16 15 15 13 12 10 10 10 10 9 8 7 6 6 6 5 5 5 4 3 2 2 2 2 2 2 1 1 1 
48 42 37 36 34 33 26 26 26 25 22 22 18 18 18 18 17 16 16 16 15 14 12 12 10 10 8 8 8 5 5 5 4 4 4 4 4 4 3 2 2 2 2 2 1 1 1 
45 42 37 34 33 32 26 26 26 23 22 22 18 18 16 16 16 16 13 13 13 13 12 11 10 10 8 8 8 5 5 4 4 4 4 4 4 4 2 2 2 2 2 1 1 
43 42 37 33 33 32 26 25 25 23 21 20 17 16 16 16 16 16 13 13 13 11 11 11 8 8 8 8 6 5 5 4 4 4 4 4 4 4 2 2 2 2 2 1 1 
42 42 37 32 32 31 26 24 24 23 21 20 17 16 16 16 16 13 13 13 13 10 10 9 8 8 8 7 6 5 5 4 4 4 4 3 2 2 2 2 2 2 2 1 
42 38 37 32 32 31 26 22 21 21 20 20 17 16 16 14 14 13 13 13 11 10 10 8 8 8 8 7 6 4 4 4 4 3 3 3 2 2 2 2 2 1 1 1 
41 38 35 32 32 30 25 21 21 20 20 20 17 16 16 14 14 13 13 11 10 8 8 8 8 8 7 7 5 4 4 4 4 3 3 2 2 2 2 2 2 1 1 
40 38 35 32 31 29 23 21 21 20 20 20 17 16 15 14 14 13 13 10 8 8 8 8 8 6 6 5 5 4 3 3 3 3 3 2 2 2 2 1 1 1 1 
40 37 34 32 31 29 23 21 21 20 20 20 17 15 15 14 14 13 13 9 8 8 8 7 6 5 5 5 5 4 3 3 3 3 3 2 2 2 2 1 1 1 1 
38 37 34 32 30 28 23 21 21 20 20 20 17 15 14 14 13 13 12 8 8 8 6 6 5 5 5 5 5 3 3 3 3 3 2 2 2 1 1 1 
37 35 32 31 30 28 22 21 21 20 20 19 17 15 13 13 13 13 12 8 8 8 6 5 5 5 5 5 3 3 3 3 2 1 1 1 1 1 1 
35 35 31 31 30 28 22 21 21 20 18 16 16 14 13 13 13 13 12 8 7 7 6 5 5 5 5 5 3 2 2 2 2 1 1 1 
33 33 29 29 29 26 21 21 21 20 18 16 15 14 13 12 12 11 9 7 6 6 6 5 5 4 3 3 2 2 2 2 1 1 1 
33 33 29 29 29 26 21 21 21 18 16 14 13 13 13 12 12 11 9 6 6 6 6 5 4 3 3 3 2 2 2 2 1 1 1 
33 32 29 29 26 25 21 21 21 18 16 13 13 12 12 11 11 11 9 6 6 6 5 5 4 3 3 2 2 2 2 1 1 1 1 
33 32 27 26 26 25 21 20 18 18 16 13 13 12 12 11 10 10 9 6 6 6 5 5 3 3 3 2 2 2 2 1 1 1 1 
32 29 27 26 23 20 20 19 17 17 13 12 12 12 12 10 10 10 9 6 6 6 5 4 3 3 2 2 2 2 2 1 1 1 1 
30 28 27 26 23 20 20 19 17 17 13 12 12 12 12 10 10 9 9 6 6 6 4 3 3 3 2 2 2 2 2 1 1 1 1 
29 28 27 22 20 20 20 17 17 17 13 12 12 12 11 10 10 9 8 6 6 6 3 3 3 3 2 2 2 2 2 1 1 1 1 
29 25 22 21 20 20 19 17 17 16 13 12 12 12 11 10 9 7 6 6 5 5 3 3 3 3 2 2 2 1 1 1 1 1 1 
29 21 21 21 20 19 19 17 16 16 13 12 11 11 11 10 8 7 6 5 5 4 3 3 2 2 2 2 1 1 1 1 1 1 1 
29 20 20 20 20 19 19 17 15 14 13 12 11 11 11 7 7 7 6 5 5 3 3 3 2 2 2 2 1 1 1 1 1 
29 20 20 20 19 18 18 17 15 14 13 12 11 10 10 7 7 7 6 5 5 3 3 2 2 2 1 1 1 1 1 1 
29 20 20 19 19 18 17 16 14 14 13 12 11 10 10 7 7 6 6 5 4 3 3 2 2 2 1 1 1 1 1 1 
28 20 20 18 18 18 17 16 14 14 12 12 10 10 9 7 7 6 5 5 4 3 3 1 1 1 1 1 1 1 
28 20 18 18 18 17 17 16 14 13 12 10 10 9 8 6 6 6 5 4 3 3 2 1 1 1 1 1 1 
27 20 18 17 16 16 16 15 14 12 11 10 10 9 8 6 6 6 4 4 3 3 2 1 1 1 1 1 
26 19 18 17 16 16 13 12 12 11 11 10 9 9 7 6 6 4 4 4 3 3 1 1 1 1 1 
26 19 17 17 14 14 13 12 12 10 10 10 9 8 7 6 6 4 4 4 3 3 1 1 1 1 1 
25 19 17 15 14 14 13 11 11 10 10 9 9 8 7 5 5 4 4 3 3 2 1 1 1 1 1 
25 19 17 15 14 14 10 10 9 9 9 9 8 8 6 5 5 3 3 3 3 2 1 1 1 1 
23 19 17 15 14 13 9 9 9 9 9 8 8 8 5 4 4 3 3 3 3 2 1 1 1 
22 19 16 15 13 11 9 9 9 8 8 8 8 7 5 4 4 3 3 3 2 2 1 1 1 
22 18 16 15 13 11 9 8 8 8 8 8 8 7 4 4 4 3 3 3 2 2 1 1 1 
22 17 16 14 9 9 8 8 8 8 8 7 7 5 4 4 4 3 3 2 2 2 1 1 1 
22 16 14 13 9 9 8 8 8 7 7 7 7 5 4 3 3 2 2 2 2 2 1 1 1 
22 14 13 12 9 8 8 8 7 7 7 7 7 5 4 3 2 2 2 2 2 2 1 
20 14 13 11 9 8 8 8 7 7 7 7 7 5 3 3 2 2 2 2 1 1 
19 14 13 11 8 8 8 7 7 7 7 7 6 5 3 2 2 2 2 2 1 
19 13 13 11 8 8 7 7 7 7 7 7 5 4 3 2 2 2 2 2 1 
19 12 10 10 8 8 7 7 7 7 7 6 4 4 3 2 2 2 2 1 
18 12 10 10 8 8 7 7 7 6 5 4 4 4 3 2 1 1 1 1 
18 9 9 9 8 8 7 7 7 6 5 4 4 3 2 2 1 1 1 1 
17 9 9 9 8 8 7 7 7 6 5 4 3 3 2 1 1 1 1 1 
16 9 8 8 8 8 7 7 6 6 5 4 3 3 1 1 1 1 1 1 
16 9 8 8 8 8 7 6 5 5 4 4 3 3 1 1 1 1 
16 9 8 8 8 8 7 5 5 5 4 4 2 2 1 1 1 1 
16 8 8 7 7 7 6 5 5 4 4 3 2 2 1 1 1 1 
15 8 8 7 7 7 6 5 5 4 4 3 2 2 1 1 1 1 
15 8 7 7 7 7 6 5 4 4 4 3 2 1 1 1 1 
14 8 7 7 7 7 6 5 4 4 3 3 2 1 1 1 
14 8 7 7 7 7 6 5 4 4 3 2 1 1 1 1 
14 8 7 7 7 6 6 5 4 4 3 2 1 1 1 1 
14 8 7 7 6 6 5 4 4 4 3 2 1 1 
12 8 7 6 6 5 5 4 4 4 3 1 1 1 
12 8 7 6 5 5 5 4 3 3 1 1 1 
12 8 7 5 5 5 5 4 3 3 1 1 1 
11 8 7 5 5 5 4 3 3 3 1 1 1 
11 8 7 5 5 5 4 3 3 3 1 1 
10 8 7 5 5 5 2 2 2 2 1 1 
10 8 7 5 5 4 2 2 2 2 
10 8 7 5 4 4 2 2 2 2 
10 8 7 5 4 4 2 2 2 2 
10 8 7 5 4 3 2 2 2 2 
9 8 7 5 4 3 2 2 2 2 
9 7 7 5 4 2 2 2 2 1 
9 7 7 5 3 2 2 2 1 1 
9 7 7 5 3 2 2 2 1 
9 7 7 5 2 2 2 2 1 
9 7 7 5 2 2 2 2 1 
9 6 6 5 2 2 2 2 
9 6 6 5 2 2 2 2 
9 6 5 4 2 2 2 2 
9 5 5 4 2 2 2 
8 5 5 4 2 2 1 
8 5 5 4 2 2 
8 4 4 3 2 1 
8 4 4 3 2 1 
8 4 4 3 2 
6 4 4 3 2 
6 4 4 3 2 
6 4 4 2 2 
5 4 3 2 2 
5 4 2 2 2 
5 4 2 2 2 
5 4 2 2 2 
5 4 2 2 2 
5 4 2 2 1 
5 4 2 2 1 
4 4 2 2 1 
4 4 2 2 1 
4 4 2 2 1 
4 4 2 1 
4 4 1 
4 4 1 
4 4 1 
4 2 1 
4 2 1 
4 2 1 
4 2 1 
3 2 1 
3 1 1 
3 1 1 
3 1 1 
3 1 1 
1 1 1 
1 1 1 
1 
1 
1 
1 
1 
1 
