152 150 147 133 125 116 112 107 107 107 107 107 107 105 102 97 97 91 81 81 81 80 78 76 73 73 70 70 69 66 64 63 63 56 56 56 56 55 54 52 51 51 50 48 45 45 45 43 41 40 38 36 36 36 36 36 34 34 34 33 31 31 31 31 30 30 28 28 28 28 27 26 24 24 22 18 18 16 16 16 16 16 16 15 15 15 15 15 15 15 14 14 13 12 12 12 12 12 12 11 11 8 8 8 8 8 8 8 8 8 8 8 7 7 7 7 7 7 7 7 6 6 6 6 6 6 6 6 6 5 5 5 4 4 4 4 4 4 4 4 3 3 3 2 2 2 2 2 2 2 2 2 2 2 2 2 2 2 2 2 2 2 2 2 2 2 2 2 2 2 2 2 2 2 2 2 1 1 1 1 1 1 1 1 1 1 1 1 1 1 1 1 1 1 1 1 
149 143 130 126 125 116 108 107 106 106 103 91 89 89 86 83 83 83 78 78 77 75 70 70 66 65 58 57 57 56 56 56 56 54 50 45 45 43 43 43 43 43 43 43 42 42 42 40 39 39 36 36 35 34 32 32 30 30 30 30 28 28 26 26 25 24 24 24 22 21 21 21 20 16 16 16 15 15 15 15 15 15 15 15 15 15 15 14 13 13 13 13 12 12 12 12 11 10 10 9 9 8 8 8 8 8 8 8 8 7 7 7 7 7 6 6 6 6 6 5 5 5 5 5 4 4 4 4 4 4 4 4 3 3 3 3 3 3 3 3 2 2 2 2 2 2 2 1 
142 132 128 126 121 114 108 107 103 102 94 91 89 88 85 83 83 82 78 76 73 73 70 64 64 60 57 57 57 55 53 52 52 51 50 44 43 43 43 43 43 42 42 42 42 37 37 35 34 34 32 31 31 30 26 26 26 26 25 25 24 24 23 23 23 23 23 21 21 20 20 19 19 16 16 16 15 15 15 15 15 15 15 15 15 14 13 13 13 12 12 12 12 11 11 11 10 10 10 9 9 8 8 7 7 7 7 7 6 6 6 6 6 6 5 4 4 3 3 3 3 3 3 3 3 3 3 3 3 3 3 3 3 3 3 3 1 1 1 1 1 1 1 1 
135 126 124 118 110 106 106 98 96 94 91 90 86 84 83 79 79 77 75 72 68 62 61 61 60 56 56 56 51 51 51 47 47 44 44 43 43 41 41 41 40 39 38 34 34 31 30 29 29 28 27 27 25 25 25 23 23 23 23 21 21 21 21 18 18 16 15 13 13 13 13 11 10 10 10 10 10 10 10 10 9 9 9 8 8 8 7 7 7 7 7 7 7 7 7 7 7 7 7 7 7 6 6 5 5 5 4 4 4 4 4 4 4 4 4 3 3 3 3 3 3 3 3 3 3 2 2 2 2 2 1 1 1 1 1 1 1 1 1 1 1 
130 120 118 115 109 106 102 96 94 92 87 87 81 79 76 76 74 70 68 68 65 62 60 60 57 55 53 52 51 50 48 47 46 44 43 41 38 38 37 37 36 36 36 26 26 26 26 26 26 26 23 23 23 23 23 23 21 21 21 21 21 18 17 16 15 14 12 12 12 11 11 10 10 10 10 10 9 9 9 8 7 7 7 7 7 7 6 6 6 6 6 6 6 5 5 5 5 5 5 4 4 4 4 3 3 3 3 3 3 3 3 3 3 3 3 2 2 2 2 2 2 2 2 2 1 1 1 1 1 1 1 1 
119 119 118 113 103 101 98 92 92 85 83 81 78 75 75 70 68 67 66 66 64 60 57 57 56 53 52 51 51 46 46 44 44 44 41 40 38 38 33 33 33 33 32 26 26 26 26 24 24 23 23 23 22 22 22 21 21 21 18 17 17 17 16 13 13 13 11 11 11 11 11 10 10 9 9 8 8 8 8 8 7 7 7 7 7 6 6 5 5 5 5 5 5 5 5 5 5 4 4 4 4 4 4 3 2 2 2 2 2 2 2 2 2 2 2 2 2 2 2 1 1 1 1 1 
115 112 110 106 101 101 96 90 85 82 80 78 74 73 71 68 68 64 63 61 59 58 56 56 51 50 50 48 44 44 44 41 41 40 40 36 35 34 33 33 33 28 28 26 26 26 24 24 23 23 19 19 19 19 19 19 19 19 18 17 17 16 15 13 13 13 11 11 10 10 9 8 8 8 7 7 7 7 6 6 6 6 6 5 5 5 5 5 5 5 5 5 5 5 5 5 4 4 4 3 3 3 3 2 2 2 2 2 1 1 1 1 1 1 1 1 1 1 
110 108 103 103 101 92 90 88 80 76 72 70 69 69 66 66 64 64 60 59 56 51 51 50 50 50 48 47 44 43 43 41 37 36 36 35 33 33 33 32 28 27 27 26 25 25 22 22 22 22 19 19 19 19 19 19 19 18 17 16 13 13 13 13 12 11 11 10 9 9 8 8 8 7 7 7 7 6 6 6 5 4 4 4 4 4 4 4 4 4 4 4 4 4 4 4 4 4 4 3 3 2 2 2 2 2 2 2 
109 107 103 95 94 92 86 81 77 69 69 69 67 65 65 63 62 59 56 49 49 48 48 47 46 46 46 44 42 41 41 40 36 34 34 34 33 32 31 28 28 26 26 25 24 23 22 21 20 20 19 19 19 19 16 15 15 15 15 15 13 13 12 12 12 11 11 7 7 7 6 6 6 6 6 6 6 6 6 4 4 4 4 4 4 4 4 4 4 4 4 4 4 4 4 3 3 3 3 1 1 1 1 1 1 1 1 1 
102 102 102 92 88 86 84 75 73 67 64 63 63 63 63 60 60 58 48 46 46 46 45 45 45 42 41 41 41 40 39 37 35 34 33 32 29 29 27 27 27 25 25 24 24 23 22 21 20 20 19 19 19 19 16 15 15 15 14 14 13 12 11 10 10 10 8 7 7 6 6 6 6 6 6 6 6 5 5 4 4 4 4 4 4 4 4 3 3 3 3 3 3 3 3 3 2 2 1 1 1 1 1 1 1 1 1 
100 96 96 92 83 80 79 74 73 67 64 59 57 56 56 55 54 53 47 46 45 45 45 45 45 41 40 40 39 38 38 37 34 32 31 31 29 28 27 25 25 25 23 23 23 21 20 20 20 20 19 18 17 14 14 14 14 14 14 12 11 10 10 10 10 10 8 7 6 6 6 6 5 5 5 5 5 5 5 4 4 4 4 4 4 4 4 3 3 2 2 2 2 2 1 1 1 1 1 1 1 1 1 1 1 1 1 
100 86 85 85 79 78 76 74 72 67 62 58 57 55 54 54 53 50 47 45 45 45 45 45 40 39 38 38 36 36 35 30 29 28 28 28 27 26 26 25 25 23 23 22 22 20 20 18 18 18 18 15 15 14 14 13 12 11 11 10 10 10 9 7 7 7 7 6 6 5 5 5 5 4 4 4 4 4 4 4 4 4 4 4 4 4 4 2 2 2 2 2 2 2 1 1 1 1 1 1 1 1 1 1 1 
97 86 85 81 77 75 71 71 71 64 59 56 54 54 54 52 49 49 46 45 45 43 42 42 40 39 38 35 35 34 32 29 29 28 28 26 26 25 23 23 23 23 23 21 20 19 19 18 18 16 16 15 14 14 13 12 11 10 10 9 9 8 8 7 6 6 6 6 6 5 4 4 4 4 4 4 4 4 4 4 3 3 3 3 3 3 3 2 1 1 1 1 1 1 1 1 1 1 1 1 1 1 1 
89 83 83 76 76 71 69 69 65 63 59 56 54 54 51 51 49 48 45 40 40 39 39 39 37 37 37 33 33 30 30 28 28 27 27 25 24 23 23 23 23 22 21 21 20 18 18 18 16 16 16 14 13 13 13 11 10 10 9 8 7 7 5 5 5 5 5 5 4 4 4 4 4 4 4 4 4 4 4 4 3 3 3 3 1 1 1 1 1 1 1 1 1 1 1 1 1 1 1 
85 83 83 76 73 71 68 67 64 61 56 54 54 53 50 47 46 46 43 40 39 39 38 38 35 35 35 33 32 30 28 27 27 26 25 24 23 23 22 22 20 20 20 20 19 18 15 15 13 13 12 12 12 12 12 8 8 8 7 7 6 6 5 4 4 4 4 4 4 4 4 4 4 4 4 4 4 4 3 3 3 2 1 1 1 1 1 1 1 1 1 1 1 1 1 1 1 
85 82 75 73 68 65 63 63 62 60 55 54 50 48 46 46 46 45 42 39 39 38 36 35 35 34 33 31 31 29 27 25 25 24 24 22 22 22 21 20 20 20 20 19 18 16 15 15 12 12 12 12 11 11 10 8 7 7 7 6 6 5 4 4 4 4 4 4 4 4 4 4 4 4 4 4 4 4 2 2 2 2 1 1 1 1 1 1 1 1 1 1 1 1 1 1 
82 80 72 72 63 62 62 62 60 59 55 49 49 48 44 44 44 44 41 37 35 35 34 34 34 34 31 31 29 28 26 25 25 24 23 20 20 20 19 19 19 19 19 19 16 15 15 13 12 12 12 11 11 11 10 8 7 7 7 6 6 5 4 4 4 4 4 4 4 4 4 3 2 2 2 2 2 2 2 2 2 2 1 1 1 1 1 1 1 1 1 1 1 
82 80 71 70 63 61 61 61 59 56 49 49 49 46 43 43 43 42 39 37 35 35 33 32 32 29 29 28 27 26 25 24 24 24 21 20 20 19 19 17 15 15 15 15 15 14 14 13 12 11 11 11 11 11 9 6 6 6 6 6 6 5 4 4 4 4 4 3 3 3 2 2 2 2 2 2 2 2 2 2 1 1 1 1 1 1 1 1 1 1 1 1 
82 79 69 66 62 61 57 56 52 52 47 46 46 44 43 43 43 42 38 37 34 32 32 31 29 26 25 25 25 24 24 23 22 22 19 15 15 15 15 15 15 15 15 13 13 13 12 12 12 11 11 10 10 9 9 6 6 6 6 6 6 5 4 4 3 3 3 2 2 2 2 1 1 1 1 1 1 1 1 1 1 1 1 1 1 1 1 1 1 1 1 1 
74 74 65 63 62 57 55 55 52 52 47 46 45 44 42 42 40 40 36 36 33 32 32 31 26 25 25 24 24 22 22 21 21 20 17 15 15 15 15 15 15 15 13 12 12 12 12 11 11 10 10 9 9 7 6 6 6 6 5 5 4 4 4 3 3 3 2 1 1 1 1 1 1 1 1 1 1 1 1 1 1 1 1 1 1 1 1 
74 74 64 62 61 57 55 54 52 52 47 46 45 42 40 39 37 37 35 33 33 31 31 29 26 25 23 23 23 22 22 21 20 19 17 15 15 15 14 13 13 11 11 11 11 11 11 11 9 9 8 6 6 6 6 4 4 4 4 4 4 4 4 3 3 2 2 1 1 1 1 1 1 1 1 1 1 1 1 1 1 1 1 1 1 1 1 
74 72 63 62 61 54 54 53 52 51 47 45 45 41 40 39 37 37 34 33 30 29 27 26 26 24 21 21 19 18 18 17 17 17 16 15 15 15 14 13 13 11 11 11 11 11 11 10 9 9 8 6 6 6 5 4 4 4 4 4 4 3 3 3 1 1 1 1 1 1 1 1 1 1 1 1 1 1 1 1 1 1 1 1 1 
74 71 62 62 60 54 53 52 51 48 47 45 42 41 40 39 34 34 33 33 30 29 27 23 22 22 20 20 18 18 17 17 17 17 16 15 15 14 14 13 13 11 11 9 8 7 7 7 6 6 6 6 6 6 5 4 4 4 2 2 2 2 2 2 1 1 1 1 1 1 1 1 1 1 1 1 1 1 
72 70 62 61 59 54 53 47 44 44 42 42 41 39 36 36 30 29 29 29 25 24 24 21 21 21 18 17 17 17 17 17 15 14 14 14 14 14 13 13 12 10 8 8 8 7 7 6 6 6 5 5 5 4 4 4 4 4 2 2 2 2 2 2 1 1 1 1 1 1 1 1 1 1 1 1 1 1 
71 68 62 58 58 53 53 47 44 43 42 42 39 37 36 36 30 29 29 29 24 23 22 20 19 19 17 17 16 16 16 16 15 14 13 13 13 11 11 11 10 8 7 7 7 6 6 6 5 5 5 5 5 4 4 3 2 2 2 2 2 2 2 2 1 1 1 1 1 1 1 1 1 1 1 
70 66 62 58 56 52 52 45 43 43 42 41 38 37 36 36 30 29 26 25 24 23 21 19 19 17 17 17 16 16 14 14 14 14 13 11 11 11 10 8 8 8 7 6 6 6 5 5 5 5 4 3 2 2 2 2 2 2 2 2 2 2 2 1 1 1 1 1 1 1 1 1 1 1 1 
67 66 57 57 54 50 47 45 43 43 41 39 37 37 36 36 29 29 25 22 21 21 19 19 18 17 17 16 16 16 14 14 13 12 12 11 10 10 10 8 8 7 6 6 6 4 2 2 2 2 2 2 2 2 2 2 2 2 2 2 2 2 1 1 1 1 1 1 1 1 1 1 1 1 1 
67 65 57 57 51 50 47 44 42 41 40 37 37 36 35 35 29 28 25 21 20 19 18 18 16 16 16 16 16 16 14 13 11 10 10 10 10 9 8 8 8 7 6 6 6 3 2 2 2 2 2 2 2 2 2 2 2 2 2 2 2 1 1 1 1 1 1 1 1 1 1 1 1 1 1 
67 62 56 55 51 47 47 43 42 41 40 37 37 36 35 33 29 28 24 19 19 19 18 18 16 16 16 15 14 14 14 11 11 10 10 10 10 8 8 7 7 7 6 6 4 2 2 2 2 2 2 2 2 2 2 2 2 2 2 1 1 1 1 1 1 1 1 1 1 1 1 1 1 
67 62 56 49 49 47 47 41 37 33 32 32 32 32 30 30 29 25 24 19 18 18 17 17 16 16 15 15 14 12 12 11 10 10 10 10 10 7 7 7 7 7 5 5 4 2 2 2 2 2 2 2 2 2 2 2 2 2 1 1 1 1 1 1 1 1 1 1 1 1 1 1 
63 61 54 49 48 46 41 37 36 32 32 30 30 30 30 30 27 24 23 18 17 16 16 16 16 16 15 14 14 12 11 11 10 10 10 10 8 7 7 7 7 7 5 5 3 2 2 2 2 2 2 2 2 2 1 1 1 1 1 1 1 1 1 1 1 1 1 1 1 1 1 1 
63 59 54 49 47 44 41 37 32 30 29 29 29 29 29 28 27 24 23 17 17 16 16 16 16 15 15 14 11 11 10 10 10 10 9 9 8 7 7 6 6 6 5 4 3 2 2 2 2 2 2 2 2 2 1 1 1 1 1 1 1 1 1 1 1 1 1 1 1 1 1 1 
63 58 50 49 45 42 41 32 31 29 29 29 29 28 26 26 25 22 20 17 16 16 16 15 13 13 12 12 10 10 10 10 10 10 9 9 8 7 7 6 6 6 4 4 2 2 2 2 2 2 2 2 2 1 1 1 1 1 1 1 1 1 1 1 1 1 1 1 1 1 
61 58 48 45 42 41 41 32 29 29 29 29 29 27 26 25 25 22 20 16 16 16 15 15 12 12 12 10 10 10 10 10 10 10 9 9 7 7 7 6 3 3 3 2 2 2 2 2 2 2 2 2 2 1 1 1 1 1 1 1 1 1 1 1 1 1 1 1 1 1 
59 58 45 42 42 39 39 31 29 29 29 29 29 26 25 23 22 22 20 16 16 16 15 15 12 12 12 10 10 10 10 10 10 10 9 9 7 7 7 6 3 3 3 2 2 2 2 2 2 1 1 1 1 1 1 1 1 1 1 1 1 1 1 1 1 1 1 
57 56 45 41 41 39 35 31 29 29 29 28 28 26 25 23 22 22 19 16 15 15 14 13 12 12 12 10 10 10 10 10 10 10 9 7 6 6 6 6 3 2 1 1 1 1 1 1 1 1 1 1 1 1 1 1 1 1 1 1 1 1 1 1 1 1 1 
57 55 41 41 40 39 32 31 28 28 27 27 27 26 23 22 22 22 18 16 15 15 14 13 12 12 12 10 10 10 10 10 10 8 8 6 6 6 6 5 3 1 1 1 1 1 1 1 1 1 1 1 1 1 1 1 1 1 1 1 1 1 1 
56 53 41 41 40 36 31 28 28 28 27 26 25 24 23 22 22 20 17 16 15 15 14 13 12 12 12 10 10 9 9 9 8 6 6 6 5 5 5 4 3 1 1 1 1 1 1 1 1 1 1 1 1 1 1 1 1 1 1 1 1 
55 50 41 40 36 35 30 28 28 28 27 26 25 23 23 21 19 18 17 16 15 15 14 12 10 10 9 9 8 8 7 7 6 6 6 6 5 5 4 3 3 1 1 1 1 1 1 1 1 1 1 1 1 1 1 1 1 1 1 1 
54 49 41 39 35 34 30 28 28 28 27 24 23 23 23 21 19 18 17 16 15 14 13 12 10 10 9 6 6 6 6 6 6 6 6 6 5 5 3 3 2 1 1 1 1 1 1 1 1 1 1 1 1 1 1 1 1 1 
54 48 41 39 34 33 30 28 28 26 26 24 22 22 22 21 19 18 17 16 15 14 12 12 10 9 8 6 6 6 6 6 6 6 6 6 5 5 3 3 2 1 1 1 1 1 1 1 1 1 1 1 1 1 1 1 1 
51 46 41 38 34 33 30 28 27 26 25 23 22 19 18 18 18 17 16 16 15 14 12 12 10 9 6 6 6 6 6 6 6 6 6 6 5 5 3 3 2 1 1 1 1 1 1 1 1 1 1 1 1 1 1 1 
48 41 39 38 32 31 28 27 27 26 25 17 17 16 16 16 16 15 15 15 14 14 12 12 9 9 6 6 6 6 6 6 6 6 6 5 4 3 3 3 2 1 1 1 1 1 1 1 1 1 1 1 1 1 1 1 
48 40 39 37 32 31 28 25 23 23 21 17 17 16 16 16 16 15 15 15 14 14 12 12 9 9 6 6 6 6 6 6 6 6 5 4 4 3 3 2 1 1 1 1 1 1 1 1 1 1 1 1 1 1 1 
47 39 38 35 31 30 28 25 23 23 21 17 16 16 16 16 16 15 15 14 13 12 11 11 9 8 6 6 6 6 6 6 6 6 5 3 3 2 2 2 1 1 1 1 1 1 1 1 1 1 1 1 1 1 
47 39 35 35 30 28 27 25 23 23 20 16 16 16 16 16 15 15 13 13 13 11 11 11 9 8 6 6 6 6 6 6 5 5 4 2 2 1 1 1 1 1 1 1 1 1 1 1 1 1 
46 37 35 34 30 28 27 25 23 22 20 16 16 16 16 16 15 14 13 13 13 11 11 10 8 8 6 6 6 6 6 6 5 5 4 2 1 1 1 1 1 1 1 1 1 1 1 1 1 
45 36 34 31 30 28 26 24 22 22 19 16 16 15 15 14 12 12 11 11 11 10 8 8 7 7 6 6 6 6 6 5 5 4 4 2 1 1 1 1 1 1 1 1 1 1 1 1 1 
45 35 33 31 30 28 26 23 22 20 18 16 16 15 15 11 11 11 11 11 11 8 8 7 7 7 6 6 6 6 5 4 4 4 3 2 1 1 1 1 1 1 1 1 1 1 1 1 
45 35 32 31 29 28 26 22 22 20 16 16 15 15 15 11 11 11 11 11 9 8 7 7 7 7 6 6 6 6 4 4 4 3 3 2 1 1 1 1 1 1 1 1 1 1 1 
45 35 31 30 28 26 22 22 16 16 16 16 15 14 14 11 11 10 10 10 8 8 7 7 6 6 6 6 5 5 4 4 4 3 3 2 1 1 1 1 1 1 1 1 1 1 1 
43 35 31 30 27 23 18 18 16 16 16 15 15 14 13 11 10 10 10 10 7 7 7 6 6 6 6 5 5 5 3 3 3 3 3 2 1 1 1 1 1 1 1 1 1 1 
42 33 31 29 27 23 18 16 16 15 15 15 13 12 11 10 10 10 10 9 7 7 7 6 6 5 5 5 5 5 3 3 3 2 1 1 1 1 1 1 1 1 1 
42 33 30 28 23 18 17 16 16 15 15 14 12 12 11 10 10 10 10 9 7 7 6 5 5 5 5 5 5 3 3 3 1 1 1 1 1 1 1 1 1 
42 33 30 26 23 18 16 16 16 15 14 13 12 11 9 9 9 9 9 7 7 6 5 5 5 5 5 5 4 3 3 3 1 1 1 1 1 1 1 1 1 
41 29 27 25 19 18 16 16 16 15 13 13 11 10 9 9 8 8 8 7 7 6 5 5 5 5 3 3 3 3 3 2 1 1 1 1 1 1 1 1 
38 29 26 25 18 17 16 16 15 12 12 11 9 9 9 9 8 8 7 5 5 5 4 4 4 3 3 2 2 2 2 2 1 1 1 1 1 1 1 1 
38 27 25 24 18 16 15 14 14 12 12 9 9 9 9 9 8 8 7 5 5 4 4 4 4 3 3 2 2 2 2 2 1 1 1 1 1 1 1 
38 27 25 24 16 16 15 14 14 11 10 9 9 9 9 9 8 8 7 5 5 4 4 4 4 3 3 2 2 2 2 2 1 1 1 1 1 1 1 
38 27 24 22 16 15 15 14 10 10 9 9 9 9 9 9 7 7 7 5 5 4 4 4 3 3 2 2 2 2 1 1 1 1 1 1 1 1 
32 26 24 20 15 15 14 13 10 10 9 9 9 9 9 8 7 6 6 5 5 4 4 3 2 2 2 2 2 2 1 1 1 1 1 1 1 1 
32 24 24 20 15 15 14 13 10 10 9 9 9 8 7 7 7 6 6 5 4 4 4 3 2 2 1 1 1 1 1 1 1 1 1 1 1 1 
32 24 24 19 15 15 12 12 10 10 9 9 9 8 7 6 5 5 5 5 4 4 3 2 2 2 1 1 1 1 1 1 1 1 
32 24 24 19 15 13 12 12 10 10 9 9 8 7 7 6 5 5 5 4 4 4 3 2 2 1 1 1 1 1 1 
32 23 23 19 15 13 12 12 10 10 9 9 6 6 5 5 5 5 5 4 4 4 3 2 2 1 1 1 1 1 
31 23 21 19 15 13 12 12 10 10 9 6 5 5 5 5 5 5 4 4 4 4 3 2 2 1 1 1 
31 23 21 19 13 12 12 12 10 10 9 6 5 5 5 5 5 3 3 3 3 2 2 2 2 1 1 1 
30 22 21 19 12 12 12 11 10 10 9 6 5 5 5 5 5 3 3 3 3 2 2 1 1 1 1 1 
28 22 21 19 12 12 12 10 9 9 9 6 5 5 5 5 4 3 3 3 3 2 2 1 1 1 1 1 
28 21 20 19 12 12 12 10 9 9 8 6 5 5 4 4 4 3 3 3 3 2 1 1 1 1 1 1 
28 21 19 18 12 12 11 10 9 9 8 5 5 5 4 4 4 3 3 3 3 1 1 1 1 1 1 1 
26 21 19 17 12 11 11 10 9 9 8 5 5 4 4 4 4 3 3 3 3 1 1 1 1 1 1 1 
24 21 19 14 12 11 11 10 9 9 8 5 5 4 4 4 3 3 3 3 3 1 1 1 1 1 1 
24 21 19 14 12 11 10 10 9 8 8 5 4 4 4 4 3 3 3 3 2 1 1 1 1 1 
24 21 19 13 11 11 10 10 9 7 7 5 4 4 4 3 3 3 3 3 2 1 
23 21 19 13 10 10 10 9 9 7 6 5 4 4 4 3 3 3 3 3 2 1 
21 21 19 13 10 10 10 9 8 5 5 5 3 3 3 3 2 2 2 2 2 1 
21 20 19 13 10 10 10 8 7 5 5 5 3 3 3 3 2 2 2 2 2 1 
21 20 19 13 10 9 9 7 5 5 4 4 3 3 3 3 2 2 2 2 2 
21 19 16 13 7 7 7 7 5 4 4 3 3 3 3 3 2 2 1 1 1 
20 19 16 13 7 7 7 6 5 4 4 3 3 3 2 2 2 1 1 1 1 
20 19 15 12 6 6 6 6 5 4 4 3 3 3 2 2 1 1 1 1 
20 19 15 11 6 6 5 5 5 4 4 3 3 3 2 2 1 1 
19 18 15 11 6 6 5 5 4 4 3 3 3 3 2 2 1 1 
19 18 13 11 6 6 4 4 4 4 3 3 3 3 2 1 1 1 
19 18 13 11 5 5 4 4 4 4 3 3 3 1 1 1 1 1 
19 18 13 11 5 4 4 4 4 4 3 3 3 1 1 1 1 
19 16 13 11 5 4 4 4 4 3 3 3 3 1 1 1 1 
19 16 13 11 5 4 4 4 4 3 3 3 2 1 1 1 1 
19 15 13 10 5 4 4 4 3 3 3 3 2 1 1 1 1 
19 13 12 10 5 4 4 4 3 3 3 2 1 1 1 1 
18 12 12 10 5 4 4 4 3 3 3 2 1 1 1 
17 12 12 8 5 4 4 4 3 3 3 2 1 1 1 
17 12 12 8 5 4 4 4 3 3 3 2 1 1 1 
17 12 12 8 5 4 4 4 3 3 2 2 1 
16 12 12 8 5 4 4 4 3 3 2 2 
16 12 11 8 5 4 4 4 3 2 2 2 
16 12 10 8 4 4 4 3 3 2 2 1 
16 12 10 7 4 4 4 3 3 2 2 1 
16 12 10 4 4 4 4 3 3 2 2 
16 12 9 4 4 4 4 3 3 2 2 
15 11 9 4 4 4 3 2 2 2 2 
14 9 9 4 4 4 2 2 2 2 1 
14 8 8 4 4 4 2 2 2 1 1 
14 8 7 4 4 4 2 2 2 1 1 
11 7 7 4 4 2 2 2 2 1 1 
10 7 7 4 4 2 2 2 2 1 1 
10 7 6 4 4 2 2 2 2 1 1 
10 6 6 4 4 2 2 2 2 1 1 
10 6 5 4 4 2 2 1 1 1 
10 4 4 4 4 2 2 1 1 
10 4 4 4 3 2 2 1 1 
10 4 4 4 2 2 2 1 1 
10 4 4 4 2 2 2 1 
10 3 3 3 2 2 1 1 
10 3 3 3 2 2 1 1 
10 3 3 3 2 2 1 1 
9 3 3 2 2 2 1 1 
9 3 3 2 2 2 1 1 
9 3 3 2 2 2 1 1 
9 3 3 2 2 2 1 1 
8 3 3 2 2 2 1 1 
8 3 2 2 2 2 1 1 
7 3 2 2 2 2 1 1 
7 3 2 2 2 2 1 
7 3 2 2 2 2 1 
6 3 2 1 1 1 1 
4 3 1 1 1 1 
4 3 1 1 1 1 
4 3 1 1 1 1 
4 3 1 1 1 1 
4 3 1 1 1 1 
4 3 1 1 1 1 
4 3 1 1 1 1 
4 2 1 1 1 
4 2 1 1 1 
3 2 1 1 1 
3 1 1 1 1 
3 1 1 1 1 
3 1 1 
3 1 1 
3 1 1 
3 1 1 
3 1 1 
3 1 1 
3 1 1 
3 1 1 
3 1 1 
3 1 1 
3 1 1 
3 1 
3 1 
3 
3 
2 
2 
2 
2 
2 
1 
1 
1 
1 
1 
1 
1 
1 
1 
