177 161 136 127 126 124 122 119 98 98 97 96 86 86 86 85 85 84 83 83 81 75 73 71 70 66 65 65 64 62 59 59 57 57 56 56 56 56 55 55 55 55 55 54 53 52 49 45 44 44 44 44 44 42 39 35 35 35 35 35 35 33 33 33 33 33 33 32 31 31 30 28 26 26 26 26 26 25 24 24 24 22 21 21 21 21 21 21 21 21 20 19 18 18 17 15 14 14 14 14 14 14 14 14 14 13 13 13 13 13 13 12 10 10 9 7 6 6 6 6 6 6 6 6 6 6 6 5 5 5 5 4 4 4 3 3 3 3 3 3 2 2 2 2 1 1 1 1 1 1 1 1 1 1 1 1 1 1 1 1 1 
164 141 130 123 122 111 108 107 98 94 94 93 86 83 83 81 81 79 79 79 73 73 71 68 67 66 62 61 61 61 59 56 56 56 55 55 55 54 52 49 46 46 46 46 46 44 44 43 41 41 41 39 38 37 37 35 35 34 34 33 31 31 30 29 29 29 29 28 28 26 25 25 24 24 21 21 20 20 20 20 20 19 17 16 14 14 14 14 14 14 12 12 11 11 11 11 11 10 9 9 8 8 8 8 8 7 7 7 6 6 6 6 6 6 6 6 6 6 5 5 5 5 5 5 5 4 4 4 4 4 4 4 4 3 3 2 2 2 2 2 2 1 1 1 1 1 1 1 1 
148 136 124 122 116 98 95 95 93 90 87 87 86 82 82 81 80 79 79 73 71 67 67 65 64 64 61 59 58 56 54 54 54 54 51 51 51 49 48 48 46 46 43 43 42 42 41 38 38 37 37 37 35 35 33 32 31 31 30 30 28 28 28 28 27 26 26 26 25 25 25 24 23 18 18 16 15 14 14 13 13 13 13 13 13 13 11 11 11 11 9 8 8 8 8 8 8 8 8 8 8 8 8 7 7 6 6 6 5 5 5 5 3 3 3 3 3 3 3 2 2 1 1 1 
145 133 118 114 111 97 95 95 93 88 85 84 81 80 79 73 70 68 63 62 62 62 62 62 60 60 59 59 56 55 54 53 52 52 50 49 49 47 45 44 43 43 39 39 39 39 37 37 37 35 34 33 32 32 31 31 30 28 28 28 27 24 22 22 21 21 21 20 19 19 19 19 19 17 16 14 14 14 13 13 13 13 12 12 12 12 11 10 10 10 8 8 8 8 8 7 6 6 6 6 5 4 4 4 4 4 4 4 4 4 4 4 3 2 1 1 1 1 1 1 1 
130 125 107 105 103 97 91 89 89 87 85 83 81 74 72 69 69 66 63 62 62 62 62 62 60 58 57 52 51 50 50 47 47 47 46 46 46 44 44 42 41 40 39 39 38 38 37 34 33 33 31 31 30 29 28 28 28 28 26 26 24 24 22 22 21 21 18 18 17 17 16 16 16 15 15 14 13 13 11 11 10 10 10 10 10 10 10 9 9 7 7 7 6 6 6 6 5 5 5 4 4 4 4 4 4 4 4 4 4 3 3 3 3 1 1 1 
128 117 104 102 102 87 87 87 87 84 82 78 75 72 69 68 66 63 61 61 60 60 60 58 57 55 53 51 50 49 46 46 45 43 43 43 42 42 42 40 35 34 33 33 33 32 30 30 29 28 28 27 26 26 26 25 25 25 24 24 22 22 22 19 19 19 18 17 17 16 15 14 14 14 14 12 12 12 9 9 9 9 9 9 9 9 8 8 8 7 6 4 4 4 4 4 4 4 4 4 4 4 3 3 3 3 3 2 2 2 2 2 2 1 1 
124 105 100 98 98 87 87 86 85 78 78 77 73 72 67 66 63 60 59 58 58 57 55 54 54 49 49 49 48 46 46 46 41 41 41 41 41 40 38 33 33 32 32 31 31 31 30 28 27 27 26 26 26 26 24 23 23 23 22 22 22 22 20 17 17 17 17 16 15 14 14 14 14 14 13 12 9 9 9 9 9 9 9 8 8 8 7 7 7 7 5 4 4 4 4 4 4 4 4 4 4 3 3 3 3 3 3 2 2 2 2 1 1 1 1 
105 104 97 94 92 87 87 84 82 77 75 73 72 69 67 66 61 60 54 53 51 51 50 49 49 49 48 43 43 42 41 34 34 34 34 34 34 34 34 33 32 32 30 30 29 29 28 28 24 24 24 23 23 23 23 21 21 21 20 18 18 18 15 15 14 14 10 10 10 10 9 9 8 8 8 8 8 8 8 8 7 7 7 7 7 7 7 6 6 6 5 4 4 4 4 4 2 2 2 2 2 1 1 1 1 1 1 
104 99 92 91 91 86 86 81 80 77 72 70 62 61 61 59 56 55 53 53 51 50 49 49 44 44 44 41 39 39 39 34 34 34 34 34 34 33 33 33 31 31 30 29 28 28 27 25 24 23 22 22 22 22 21 19 19 18 17 17 17 15 13 13 13 9 9 9 9 9 9 8 8 8 8 8 8 8 8 6 6 6 6 5 5 5 5 5 5 5 4 4 4 4 3 3 2 2 1 1 1 1 1 1 1 1 1 
100 99 91 91 90 86 79 69 66 66 66 62 62 55 55 54 54 51 51 50 50 50 49 43 41 41 39 38 37 37 35 34 34 34 34 33 32 32 30 30 30 30 28 27 27 23 23 23 22 21 21 21 20 19 18 16 16 15 15 14 12 12 11 9 9 9 8 8 8 8 8 7 7 7 7 7 6 6 6 6 6 6 5 5 5 5 4 3 3 3 3 3 3 2 2 1 1 1 1 1 1 1 1 1 1 1 
100 92 91 89 88 85 76 67 66 66 64 61 60 55 55 54 53 50 48 47 45 45 44 42 40 40 39 37 37 34 34 33 33 33 30 30 30 30 28 28 25 24 23 23 23 23 23 23 21 20 17 17 17 17 15 15 14 14 11 10 10 10 10 9 8 8 8 8 7 7 7 7 7 7 6 6 6 6 6 6 5 5 4 3 3 3 3 3 3 3 3 1 1 
98 92 89 87 84 81 71 67 66 59 59 59 59 52 52 51 51 49 46 45 44 44 41 37 37 37 36 36 35 34 33 33 30 30 30 29 27 27 27 24 22 22 21 21 21 21 21 21 20 18 16 16 15 15 14 13 12 12 11 10 10 10 9 8 8 8 8 8 7 7 7 7 7 6 6 6 5 5 5 5 4 3 3 3 3 3 3 3 3 1 1 1 
94 88 85 78 78 76 70 67 64 59 59 58 58 51 50 49 47 46 44 43 43 37 36 36 36 36 34 33 33 33 33 30 30 30 30 27 27 27 26 24 22 21 21 20 20 20 18 16 15 15 15 13 13 13 13 12 11 11 10 9 9 9 8 8 8 8 7 6 6 6 6 6 6 6 6 5 5 5 5 4 3 3 3 3 3 3 3 2 2 1 1 
91 87 85 76 76 71 70 67 64 59 59 57 49 48 48 48 44 44 43 43 43 37 36 35 34 34 33 33 32 31 30 30 30 30 30 27 26 26 24 22 22 21 20 20 20 20 18 15 15 15 15 13 13 13 12 12 11 11 9 9 8 8 8 8 7 7 6 6 6 6 6 6 6 6 4 4 4 4 4 4 3 3 2 2 2 2 2 2 1 1 1 
83 82 77 76 74 71 69 61 60 57 56 53 48 48 47 45 44 43 42 42 42 37 35 34 34 33 32 31 31 31 28 28 28 28 28 27 26 23 22 22 21 21 20 20 18 18 17 15 15 14 13 13 13 13 12 12 11 11 9 9 8 8 7 6 6 6 6 6 6 6 6 5 4 3 3 3 3 3 3 3 3 2 1 1 1 1 1 1 1 1 
82 82 72 71 70 69 64 59 59 56 55 53 48 48 46 45 43 42 42 42 41 35 35 34 34 33 30 30 29 29 28 28 28 26 25 25 24 22 22 21 21 20 18 17 17 16 16 15 15 14 13 13 13 12 11 10 10 7 7 7 7 7 6 6 6 6 6 6 6 5 5 5 4 3 3 3 3 3 2 2 1 1 1 1 1 1 1 1 1 1 
82 80 72 71 69 66 60 58 58 56 54 49 46 46 46 44 43 42 41 40 39 35 35 33 33 33 30 30 29 28 27 26 25 23 22 21 20 20 20 17 17 16 16 16 16 15 15 14 13 12 11 11 11 11 11 10 9 7 7 7 7 6 6 6 6 6 6 5 5 5 5 4 3 3 3 1 1 1 1 1 1 1 1 1 1 1 1 1 1 1 
81 79 72 69 65 63 60 56 56 52 52 49 46 45 45 42 42 42 40 40 39 35 34 33 32 32 30 28 28 26 25 24 22 22 22 20 20 17 16 16 16 16 15 15 15 13 11 11 11 11 11 11 11 10 9 8 8 7 6 6 6 6 6 6 5 5 5 5 4 4 4 3 3 3 1 1 1 1 1 1 1 1 1 1 1 1 1 1 
81 79 71 61 61 60 60 56 56 51 51 49 45 45 43 42 42 39 39 38 36 35 34 32 32 27 26 26 25 25 21 21 20 19 19 19 18 15 15 14 14 14 13 13 13 13 11 11 11 11 11 11 9 8 7 7 7 7 6 6 6 6 5 5 5 3 2 2 2 2 2 2 2 2 1 1 1 1 1 1 1 1 1 1 1 1 1 
81 73 71 61 60 60 56 55 53 51 46 45 44 43 40 40 40 39 37 37 36 34 32 32 32 26 26 23 23 22 21 21 20 19 19 17 17 15 14 13 13 13 13 13 13 13 11 11 11 11 11 11 9 7 7 7 7 6 6 6 6 6 5 5 4 2 2 2 2 2 2 2 2 2 1 1 1 1 1 1 1 
81 73 71 61 60 60 55 55 51 51 43 41 41 41 40 40 39 37 34 32 32 31 31 31 30 21 21 20 19 19 19 19 19 19 15 15 14 13 13 13 13 13 13 13 13 12 11 11 10 10 8 8 7 7 7 7 7 6 6 4 4 4 4 4 3 2 2 2 2 2 1 1 1 1 1 1 1 
78 72 66 60 59 59 54 54 51 49 43 41 41 41 40 39 37 33 32 32 32 31 30 30 29 21 21 20 19 19 18 17 16 15 14 13 13 13 13 13 13 13 13 12 12 12 11 11 10 9 8 8 7 7 7 7 6 6 5 4 4 4 4 4 2 2 2 2 1 1 1 1 1 1 
76 72 66 59 58 58 53 50 50 46 42 41 41 41 40 39 35 33 32 31 31 31 30 28 27 21 19 19 18 18 18 17 16 13 13 13 13 13 12 12 12 12 12 12 12 10 10 10 10 8 8 8 7 7 7 7 6 5 5 4 4 4 4 2 2 2 2 1 1 1 1 1 1 1 
74 70 66 57 56 54 52 50 49 44 42 41 40 38 37 37 35 33 31 30 29 29 29 26 26 21 19 18 18 16 16 16 14 13 13 13 13 12 12 12 12 12 12 12 10 10 10 10 10 7 7 7 7 7 6 5 5 5 4 4 2 2 1 1 1 1 1 1 1 1 1 1 1 1 
73 69 62 55 55 52 50 47 46 43 39 39 38 37 34 34 31 31 30 30 29 29 27 25 25 19 19 18 18 16 16 14 12 12 12 12 12 12 12 12 12 12 12 11 10 10 9 9 8 7 7 7 6 6 5 5 4 4 4 2 2 2 1 1 1 1 1 1 1 1 1 1 1 1 
71 64 62 54 54 52 50 47 45 42 39 39 37 36 33 32 30 30 29 29 27 25 25 25 24 19 19 18 17 16 16 12 12 12 12 12 12 12 12 12 11 11 10 10 10 9 9 9 8 7 6 5 5 5 4 4 4 4 2 2 2 2 1 1 1 1 1 
70 62 61 54 53 51 50 46 45 41 39 37 37 36 31 30 30 29 28 27 26 25 24 24 23 18 18 18 16 16 16 12 12 12 12 12 12 12 12 11 11 11 10 10 9 9 7 6 5 5 5 5 5 3 3 3 3 2 2 2 2 2 1 1 1 1 1 
69 59 59 54 53 51 49 45 44 41 37 37 36 36 31 30 30 29 27 27 25 25 24 24 22 18 18 18 16 15 12 12 12 12 12 12 12 11 11 11 11 9 9 9 8 8 7 6 5 5 5 3 3 3 3 3 3 2 2 2 2 2 1 1 1 1 
68 59 59 54 52 47 45 44 43 41 36 36 35 35 30 29 29 28 26 25 24 24 24 22 18 18 18 15 15 15 12 12 12 12 12 12 12 11 10 10 9 9 9 8 8 8 7 6 5 3 3 3 3 3 3 3 3 2 2 2 2 2 1 1 1 
68 59 54 53 49 45 44 41 38 37 36 33 32 32 30 29 27 26 26 25 24 24 23 21 18 18 16 15 15 14 12 12 12 12 12 10 10 10 10 9 9 8 7 7 7 7 6 5 5 3 3 3 3 3 3 2 2 2 2 2 1 1 1 
67 58 54 50 48 44 40 38 37 36 35 33 32 31 30 29 26 26 25 23 23 23 22 20 18 18 16 15 15 14 12 12 12 11 11 10 10 9 9 9 9 7 7 5 5 5 5 5 3 3 3 3 2 2 2 2 2 2 2 2 1 
64 56 54 50 45 43 35 35 35 34 33 32 29 29 29 26 26 26 25 22 21 18 18 18 18 17 15 15 15 12 12 11 11 11 10 10 9 9 9 9 8 7 7 5 5 5 4 3 3 2 2 2 2 2 2 2 2 2 1 
63 55 53 44 42 41 35 34 34 34 33 32 29 29 29 26 26 26 24 21 19 18 16 15 15 14 14 12 12 11 10 10 10 10 10 9 8 8 8 8 7 6 4 4 4 4 3 3 3 2 2 2 2 2 2 2 2 1 
61 55 51 44 42 40 35 33 33 33 33 31 29 29 24 24 24 24 24 21 19 16 15 15 15 13 12 11 11 11 10 10 10 10 9 9 8 8 7 7 7 6 4 4 4 4 2 2 2 2 2 2 2 2 1 1 
60 55 51 43 41 40 34 33 33 31 31 27 26 25 23 23 23 23 22 21 19 15 15 15 13 12 11 11 11 11 10 10 10 9 8 8 8 7 7 6 5 5 4 4 4 4 2 2 2 2 2 2 2 1 
59 55 48 43 41 40 33 33 32 31 27 25 25 23 23 23 23 23 22 21 16 15 15 11 11 11 11 11 11 10 10 10 9 9 8 8 7 6 6 6 4 4 4 4 4 3 2 2 2 2 2 1 1 
59 54 47 43 41 39 30 29 29 29 27 25 24 23 22 22 22 18 18 16 15 15 13 11 11 11 11 11 10 10 10 10 7 7 7 7 6 6 4 4 4 4 4 4 3 3 2 2 2 2 2 1 1 
57 54 45 42 38 35 30 29 29 27 26 24 23 23 22 22 20 18 18 14 14 13 13 11 11 11 11 10 10 10 10 8 7 7 7 6 6 5 4 4 3 3 3 3 3 3 2 2 2 2 2 1 
56 53 44 38 37 34 29 29 29 27 25 24 23 22 22 20 18 18 17 14 14 12 12 11 10 10 10 10 9 9 9 8 7 7 7 5 4 4 4 4 3 3 3 3 3 3 2 2 2 1 1 1 
54 52 43 37 33 33 29 29 28 24 21 21 20 20 20 19 18 17 16 14 14 12 11 11 10 10 10 10 9 9 9 7 6 6 6 5 4 4 3 3 3 3 3 3 3 3 2 2 1 1 1 
53 46 42 33 33 31 29 29 27 22 21 20 20 19 19 17 17 16 16 12 12 12 11 11 10 10 10 10 9 9 8 7 6 5 5 5 3 3 3 3 3 3 3 3 3 3 
47 46 38 33 31 30 27 26 24 21 20 20 19 19 19 17 17 16 16 12 11 10 10 10 10 10 9 9 9 8 8 6 6 5 5 4 3 3 3 3 3 3 3 3 3 3 
46 44 34 33 30 26 25 24 23 20 20 20 19 19 18 17 16 16 16 12 10 10 10 8 8 8 8 8 8 8 6 6 5 5 4 4 3 3 3 3 3 3 3 3 2 1 
45 44 34 33 29 26 25 23 23 20 20 20 19 19 18 17 16 15 15 11 10 10 10 8 8 8 8 8 8 6 5 4 4 4 4 3 3 3 3 3 3 2 1 1 1 1 
43 43 34 31 29 26 23 23 22 20 19 19 19 19 18 17 14 14 12 11 10 10 9 8 8 8 8 8 7 5 4 4 4 3 3 3 3 3 3 3 3 1 1 1 1 
43 42 33 29 29 24 22 20 20 20 19 19 19 19 18 17 14 14 12 11 10 10 9 8 8 8 8 8 5 4 4 4 3 3 3 3 3 3 3 3 2 1 1 1 1 
43 40 33 29 26 23 21 20 20 19 19 19 18 18 16 16 14 13 12 11 10 10 9 8 8 8 8 7 5 4 4 4 3 3 2 2 2 2 2 2 2 1 1 1 1 
41 38 31 27 24 23 21 20 19 19 19 19 18 18 16 15 14 13 12 10 9 8 8 8 8 7 7 7 4 4 4 4 3 3 2 2 2 2 2 2 2 1 1 1 1 
39 38 31 25 24 22 21 20 19 19 18 17 17 16 15 13 10 10 10 10 9 8 8 7 7 7 7 7 4 4 3 3 2 2 2 2 2 2 2 1 1 1 1 1 
38 37 31 25 22 21 20 20 19 18 18 17 17 14 12 10 10 9 9 9 9 8 7 7 7 7 5 5 4 4 2 2 2 2 2 2 2 1 1 1 1 1 1 1 
38 35 31 23 22 20 20 20 19 18 17 16 14 12 12 10 10 9 8 8 8 8 7 7 6 6 5 4 4 4 2 2 2 2 2 1 1 1 1 1 1 1 1 1 
38 32 30 23 22 20 20 19 17 17 17 15 13 11 10 10 10 9 8 8 7 7 7 7 6 6 5 4 4 4 2 2 2 2 1 1 1 1 1 
37 32 29 22 22 20 20 18 17 17 16 15 11 11 10 10 10 9 8 8 7 7 7 7 5 5 4 3 3 3 2 2 2 1 1 1 1 1 1 
36 32 28 22 21 20 19 18 17 16 15 11 10 10 10 10 8 8 7 7 7 7 7 7 5 5 4 3 3 3 2 2 1 1 1 1 1 1 
35 30 28 21 20 19 18 18 16 16 13 11 10 10 10 10 8 8 7 7 6 6 5 5 4 4 4 3 3 3 2 2 1 1 1 
33 28 28 20 20 18 17 17 16 14 10 10 10 10 9 8 7 7 7 6 6 5 5 5 4 4 3 3 2 2 2 2 1 1 
32 28 26 20 20 18 17 16 16 13 10 10 10 9 9 8 7 7 6 6 5 5 5 5 4 4 2 2 2 2 2 1 1 
30 28 26 19 19 18 16 15 15 13 8 8 8 8 8 8 6 6 6 6 5 5 5 5 4 3 2 2 2 2 1 1 
29 27 25 19 18 16 16 15 15 13 8 8 8 8 8 6 6 6 6 6 5 5 5 4 4 3 2 2 2 1 
28 27 24 19 17 16 13 13 12 11 8 8 8 8 7 6 6 5 5 5 5 5 4 4 4 2 2 2 2 1 
28 26 22 18 16 16 13 12 12 11 8 8 7 7 7 6 6 5 5 5 5 5 4 4 2 2 2 2 1 
27 26 22 16 16 16 13 11 11 9 8 8 7 7 6 6 5 5 5 5 5 4 4 4 2 2 2 1 
25 25 21 16 16 16 11 11 11 8 8 8 7 6 6 5 5 5 5 5 4 4 4 3 2 2 1 1 
25 25 20 16 16 15 11 11 11 8 8 8 7 6 5 5 5 5 5 5 4 3 3 3 2 2 1 1 
25 24 20 16 16 13 11 11 11 8 8 6 6 6 5 5 5 4 4 4 3 3 3 3 2 2 1 1 
24 22 18 15 14 12 11 10 9 8 7 6 6 5 5 5 4 4 4 4 3 3 3 2 2 2 1 
24 22 14 14 13 12 11 9 9 7 7 6 5 5 5 5 4 4 4 3 3 3 3 2 2 2 1 
23 21 14 13 13 11 10 9 9 7 7 6 5 5 5 4 4 4 4 3 3 3 3 2 2 1 
23 20 14 13 13 10 8 8 8 7 7 6 5 5 5 4 4 4 4 3 3 3 3 2 2 1 
23 20 12 12 12 10 8 8 7 7 7 6 5 5 4 4 4 4 3 3 3 3 3 2 2 1 
22 19 12 12 11 10 7 7 7 6 6 5 5 5 4 4 4 4 3 3 3 3 3 2 2 1 
22 19 12 11 11 9 7 7 6 6 6 5 5 4 4 4 4 3 3 3 3 3 3 2 2 1 
21 15 12 11 11 9 7 7 6 6 5 5 5 4 4 4 4 3 3 3 2 2 2 2 2 1 
21 15 11 11 10 8 7 6 6 6 5 5 5 4 4 4 3 3 3 3 2 2 2 2 2 1 
21 15 11 10 9 8 7 6 6 6 5 5 4 4 4 4 3 3 3 3 2 2 2 2 1 1 
21 15 11 9 9 8 7 6 6 5 5 4 4 4 4 4 3 3 3 3 2 2 2 1 1 1 
20 15 11 9 9 8 7 6 6 5 4 4 4 4 4 3 3 3 3 2 2 1 1 1 1 
20 14 10 9 9 7 6 6 5 5 4 4 4 4 3 3 3 3 3 2 1 1 1 1 
20 14 10 9 9 6 6 6 4 4 4 4 4 3 3 3 3 3 3 2 1 1 1 1 
19 14 10 9 9 6 6 5 4 4 4 4 4 3 3 3 3 3 1 1 1 1 
19 13 10 9 7 6 6 5 4 4 4 4 4 3 3 3 3 3 1 1 1 
19 13 9 9 7 6 6 5 4 4 4 4 4 3 3 3 3 3 1 1 1 
19 12 9 9 7 6 6 5 4 4 4 4 4 3 3 3 3 1 1 1 1 
19 10 9 9 7 6 5 5 4 4 4 4 4 3 3 3 3 1 1 1 
19 10 9 8 7 5 5 5 4 4 4 3 3 3 3 3 2 1 1 1 
19 10 9 8 7 5 5 5 4 3 3 3 3 3 3 3 2 1 
19 9 9 7 6 5 5 5 4 3 3 3 3 3 2 2 1 1 
17 9 9 7 6 5 5 5 4 3 3 3 2 2 2 2 1 
17 9 9 7 6 5 5 5 4 3 3 3 2 2 2 2 1 
16 9 8 6 6 5 5 4 4 3 3 3 2 2 2 2 
14 8 7 6 6 5 5 4 4 3 3 3 2 2 2 2 
14 8 7 6 6 5 5 4 4 3 2 2 2 2 1 1 
14 8 7 6 5 5 5 4 4 3 2 2 2 2 1 1 
14 8 7 6 5 5 4 4 4 3 2 2 2 2 1 1 
14 8 7 6 4 4 4 4 4 3 2 2 2 2 1 
14 8 7 6 4 4 4 4 4 3 2 2 2 1 1 
12 7 7 6 4 4 4 3 3 2 2 2 1 1 1 
11 7 7 5 4 4 4 3 3 2 2 2 1 1 1 
10 7 6 4 4 4 3 3 2 2 2 2 1 1 
10 7 6 4 4 4 3 3 2 2 2 1 1 1 
10 7 6 4 4 4 3 3 2 2 2 1 1 1 
10 7 6 4 4 3 3 2 2 2 2 1 1 1 
10 7 6 4 4 3 3 2 2 2 2 1 1 1 
10 7 5 4 3 2 2 2 2 2 1 1 1 1 
10 7 5 4 3 2 2 2 2 2 1 1 1 
10 7 5 4 3 2 2 2 2 2 1 1 
10 7 5 4 3 2 2 2 2 2 1 1 
10 7 5 4 2 2 2 2 2 2 1 1 
10 7 5 4 2 2 2 2 2 2 1 
10 7 3 2 2 2 2 2 2 1 
10 7 3 2 2 2 2 2 1 1 
9 7 2 2 2 2 1 1 1 1 
9 7 2 2 2 2 1 1 1 1 
8 6 2 2 2 2 1 1 1 1 
7 5 2 2 2 2 1 1 1 1 
5 5 2 2 2 1 1 1 1 1 
5 5 2 2 2 1 1 1 1 1 
5 5 2 2 2 1 1 1 1 1 
5 4 2 2 2 1 1 1 1 1 
5 4 2 2 2 1 1 1 1 
5 4 2 2 2 1 1 1 1 
5 3 2 2 2 1 1 1 1 
5 3 2 2 1 1 1 
5 3 2 2 1 1 1 
5 3 2 2 1 1 1 
5 3 2 2 1 1 1 
5 3 2 1 1 1 1 
5 3 2 1 1 1 
5 3 2 1 1 1 
4 3 2 1 1 1 
4 3 2 1 1 1 
4 3 2 1 1 
4 3 2 1 1 
4 3 2 1 1 
4 3 2 1 1 
3 3 2 1 1 
3 3 2 1 
3 3 2 1 
3 3 2 1 
3 3 2 1 
3 3 2 1 
3 3 2 1 
3 3 1 
3 3 
3 3 
3 2 
2 2 
2 2 
2 2 
2 2 
2 2 
2 2 
2 1 
1 1 
1 1 
1 1 
1 1 
1 1 
1 1 
1 1 
1 1 
1 1 
1 
1 
1 
1 
1 
