173 159 154 149 130 128 122 120 113 109 107 107 106 88 88 88 87 87 81 81 81 81 81 80 76 75 73 72 71 69 66 64 62 58 58 57 55 54 50 50 50 50 46 46 46 46 46 45 42 42 42 42 42 41 41 40 38 37 36 35 35 34 30 30 30 29 26 26 26 25 24 24 23 23 22 21 21 21 21 21 21 21 20 20 16 15 15 15 14 13 13 13 13 13 13 12 12 12 12 12 12 12 12 11 11 11 11 11 11 11 10 10 9 9 9 7 7 7 7 7 7 7 5 5 5 5 5 4 4 4 4 4 4 3 3 3 2 2 2 2 2 2 1 1 1 1 1 1 1 1 1 1 1 1 1 1 1 1 1 1 1 1 1 1 1 1 1 1 1 1 1 1 1 1 
169 154 152 128 124 120 117 109 103 95 91 90 82 77 72 72 69 67 67 66 65 65 65 65 64 64 63 61 61 61 61 56 56 53 52 52 48 45 45 44 44 43 42 42 41 40 40 39 36 36 32 31 28 28 28 28 28 28 28 28 28 28 28 25 25 25 24 24 24 24 23 23 21 21 21 20 19 19 19 19 18 17 16 15 15 15 14 14 13 12 12 12 11 11 11 11 11 10 10 10 9 9 9 9 9 9 9 9 7 7 7 7 7 7 6 6 6 6 5 5 5 5 4 4 4 4 4 3 3 3 3 3 2 2 2 1 1 1 1 1 1 1 1 1 1 1 1 1 1 1 1 1 1 1 
154 149 135 124 118 116 110 108 98 89 81 78 78 73 71 71 66 66 66 66 64 64 62 62 61 60 58 57 56 54 49 46 46 44 44 42 41 40 40 40 40 39 37 37 37 37 37 36 34 34 32 29 28 28 28 28 27 27 26 26 26 26 24 24 24 24 24 24 24 24 21 21 20 20 18 18 18 17 16 16 16 16 15 14 14 13 13 11 10 10 10 10 10 9 8 8 7 7 7 6 6 6 6 6 6 5 5 5 5 5 5 5 5 4 4 4 4 4 4 4 4 4 4 4 4 4 4 3 3 3 3 3 2 2 1 1 1 1 1 1 1 
145 140 124 118 107 105 103 94 92 89 80 76 75 72 71 69 65 65 65 65 63 63 60 59 58 57 57 56 55 49 47 46 45 44 43 39 39 38 36 36 36 36 36 36 36 35 35 33 33 32 30 29 27 27 26 26 26 25 25 23 21 21 21 21 21 21 21 20 20 18 17 17 17 17 17 17 16 15 15 14 14 14 12 12 11 10 10 9 9 9 9 9 8 8 8 8 7 6 6 6 4 4 4 4 4 4 4 4 4 4 4 4 4 4 4 4 4 4 4 4 4 3 3 2 2 1 1 1 1 1 1 1 1 1 1 1 1 
135 132 112 108 104 102 99 94 91 83 77 76 70 69 67 66 65 65 65 65 62 59 57 56 55 53 53 51 49 47 47 43 43 42 41 39 38 36 36 36 35 34 32 31 31 31 31 27 26 25 25 25 25 24 23 23 21 21 21 20 20 20 19 19 19 19 19 19 18 17 17 16 15 14 14 14 11 11 11 10 10 10 9 9 9 8 8 8 8 8 8 5 5 5 5 5 5 5 5 4 4 4 4 4 4 4 4 4 4 4 4 4 4 2 2 2 2 2 2 2 2 2 2 1 1 1 1 1 1 1 1 1 1 1 1 1 1 
133 125 109 98 98 95 95 93 90 79 77 75 69 67 67 66 65 61 61 60 59 59 57 54 54 53 53 48 46 44 42 40 40 40 39 37 35 35 35 32 31 31 29 28 25 25 25 24 24 24 24 24 22 22 22 22 21 21 20 19 19 19 19 17 16 15 15 15 15 15 15 13 13 13 12 12 11 11 11 10 10 10 9 8 8 8 8 8 7 7 7 4 4 4 4 4 4 4 4 4 4 4 4 4 4 4 4 4 4 4 4 3 3 2 2 2 2 2 2 2 2 2 2 1 1 1 1 1 1 1 1 1 1 
132 120 108 98 98 95 94 89 86 78 77 73 68 67 61 59 59 56 55 54 54 54 54 49 47 41 40 40 40 40 40 40 37 37 37 37 35 34 34 31 31 30 28 28 25 24 24 24 24 24 24 22 22 21 20 20 19 19 19 19 19 18 18 15 15 14 14 14 12 12 11 11 11 11 11 11 10 9 9 9 9 9 8 8 8 7 7 6 6 5 4 4 4 4 4 4 4 4 4 4 4 4 3 3 3 3 3 3 3 3 3 2 2 2 1 1 1 1 
128 117 105 94 94 93 88 81 77 74 71 70 64 63 59 55 55 54 54 54 54 53 52 44 43 40 40 39 38 36 34 32 31 29 28 27 27 25 25 24 24 23 23 23 23 22 22 22 22 21 21 21 21 21 18 18 17 17 16 15 15 15 15 14 14 14 14 13 12 12 11 11 11 11 10 10 9 9 9 9 9 8 7 7 7 6 6 5 5 5 4 4 4 4 4 4 4 3 3 3 3 3 3 3 3 3 3 2 2 2 2 1 1 1 1 1 1 1 
125 107 103 92 92 90 88 76 73 73 71 67 64 63 57 55 55 54 54 53 46 41 40 40 37 36 34 34 34 33 32 31 27 25 25 25 25 24 24 23 23 23 23 22 22 22 22 22 20 20 19 19 19 19 17 17 16 16 15 15 15 14 14 14 13 12 12 12 12 12 11 9 9 9 9 9 9 9 9 8 8 7 7 6 6 6 5 5 5 4 4 4 4 4 4 4 4 3 3 3 3 3 3 3 2 2 2 2 2 1 1 1 
117 104 99 92 92 87 86 75 72 69 68 66 64 63 57 55 55 54 52 51 42 40 39 38 36 35 34 34 33 31 25 25 25 25 25 25 25 24 24 22 22 22 20 20 20 20 20 19 19 19 18 18 18 17 17 17 16 15 15 15 15 13 13 12 12 12 12 12 11 10 9 9 9 9 9 9 9 9 8 7 6 5 5 5 5 5 5 5 5 4 4 4 4 4 4 4 4 3 3 3 3 2 2 2 1 1 1 1 1 1 1 
112 103 98 92 86 84 80 74 72 68 68 66 62 56 56 55 51 49 49 48 40 39 39 36 36 34 34 33 30 28 25 25 25 23 23 23 22 22 21 21 21 21 20 20 20 19 19 19 18 18 15 15 15 15 15 15 15 15 14 13 13 13 12 12 12 12 11 11 11 10 9 9 9 9 9 9 8 7 7 7 6 5 5 5 5 5 5 5 4 4 4 4 4 4 4 3 3 3 3 2 2 2 2 2 1 1 
111 103 96 90 85 80 77 73 71 68 67 60 57 55 55 50 49 48 45 44 40 37 37 36 35 34 33 29 29 27 25 25 24 23 22 22 22 21 20 20 20 20 20 20 20 19 19 19 18 18 15 15 15 15 15 15 13 13 13 13 13 13 12 12 11 11 11 10 9 9 9 9 8 8 8 7 7 6 6 6 6 5 5 5 5 5 5 4 4 4 4 3 3 3 3 2 2 2 2 2 2 2 2 2 
103 101 95 89 84 73 73 65 65 57 56 56 55 54 50 50 47 43 41 40 40 37 36 36 34 33 33 28 28 25 25 23 23 22 21 20 20 20 20 20 19 19 19 19 19 18 18 17 16 16 15 15 15 15 15 13 13 13 13 13 13 12 12 12 11 11 10 9 8 8 8 8 7 7 7 7 6 6 6 5 5 5 5 5 5 5 4 4 4 3 3 3 3 2 2 2 2 2 2 1 1 1 1 
103 94 94 85 80 73 73 62 60 56 56 54 54 53 50 49 45 42 40 39 36 36 35 34 34 32 29 28 26 25 23 22 22 21 20 20 20 20 19 19 19 19 19 18 18 18 17 16 13 13 12 12 12 12 12 12 12 12 12 12 11 11 11 10 10 10 9 9 8 8 8 6 6 6 6 6 5 5 5 5 4 4 4 4 4 4 4 3 3 2 2 2 2 2 2 2 2 2 1 1 
101 93 84 82 78 73 68 62 60 56 55 54 52 51 49 43 41 40 40 38 36 36 35 34 33 30 28 28 26 25 23 22 22 21 20 20 19 19 19 17 17 17 17 17 15 15 15 15 13 12 12 12 12 12 12 12 12 12 12 12 11 10 9 7 7 7 7 7 7 7 7 5 5 5 5 4 4 4 4 4 4 4 4 4 3 3 3 3 2 1 1 1 1 1 1 1 1 1 
100 90 84 80 77 72 68 61 58 55 53 51 48 48 48 41 39 39 39 36 36 35 29 29 29 29 27 27 26 25 23 22 22 21 20 19 19 19 18 17 17 17 17 17 15 15 15 15 12 12 12 12 12 12 12 12 12 11 11 11 10 9 9 7 7 7 7 7 7 6 5 5 4 4 4 4 4 4 4 4 3 3 3 3 2 2 2 2 2 1 1 1 1 1 1 1 1 
98 89 83 77 74 70 65 57 57 54 51 50 48 48 47 41 39 35 35 34 34 32 29 28 28 28 27 26 25 23 23 21 21 21 18 18 18 18 18 17 17 17 16 15 15 15 15 14 12 12 12 12 12 12 12 10 10 10 10 9 9 6 5 5 5 5 5 5 5 5 5 4 4 4 4 2 2 2 2 1 1 1 1 1 1 1 
98 77 77 74 73 69 64 56 56 52 50 49 47 41 41 39 35 35 35 32 32 31 29 28 28 27 26 24 24 22 21 21 20 19 18 18 18 18 16 16 16 16 15 14 14 14 14 14 12 12 12 12 12 10 10 10 9 9 9 8 7 6 5 5 5 5 5 5 5 5 4 4 4 3 3 2 2 1 1 1 1 1 1 
97 77 77 74 71 67 60 52 52 51 50 47 47 41 39 39 34 31 31 29 29 28 27 27 27 26 24 24 22 21 20 20 20 18 18 17 17 16 16 16 16 15 14 14 14 12 12 12 12 12 12 12 12 10 10 9 9 9 9 7 6 5 5 5 5 5 5 5 4 4 4 4 4 3 3 1 1 1 1 1 1 1 
91 77 74 72 65 59 58 52 51 50 49 47 46 41 39 37 34 30 29 29 28 28 27 27 27 23 23 23 22 21 20 20 20 18 18 17 17 16 16 15 15 15 14 14 14 12 12 12 12 12 12 10 10 9 9 9 7 7 7 7 6 5 4 4 4 4 4 4 4 3 3 3 2 2 1 1 1 1 1 1 1 
81 77 71 63 59 52 51 51 51 50 49 46 45 40 39 34 33 30 29 28 28 28 27 27 25 23 23 23 21 21 20 20 19 17 17 17 17 16 16 15 14 14 14 14 14 12 12 12 10 10 9 7 6 6 6 6 6 6 5 5 5 4 4 4 4 4 4 4 3 3 2 1 1 1 1 1 1 1 1 1 1 
80 68 67 62 59 51 51 50 50 49 48 45 43 40 38 34 33 30 28 28 26 26 26 25 24 23 23 23 21 21 20 20 18 17 17 17 16 16 14 14 14 14 14 14 14 12 12 11 10 8 8 6 5 5 5 5 5 4 4 4 4 4 4 3 3 3 3 3 2 2 1 1 1 1 1 1 1 1 
79 67 66 62 55 51 51 49 49 45 44 43 39 39 37 34 33 28 28 27 26 26 25 25 24 23 23 22 21 20 20 19 17 17 17 16 16 15 14 14 14 14 14 13 13 12 11 10 9 7 6 6 5 5 5 5 4 4 4 4 4 4 3 3 3 3 3 3 1 1 1 1 1 1 1 1 1 
79 66 65 53 53 51 51 49 45 45 43 38 38 36 36 33 30 28 28 26 26 26 25 25 24 23 22 22 17 17 17 16 16 14 14 14 14 14 14 12 12 12 12 12 11 11 8 8 8 7 5 5 5 5 5 4 4 3 3 3 3 3 3 3 3 3 3 2 1 1 
78 65 62 53 51 50 47 47 45 43 42 38 37 36 36 31 29 28 28 26 26 26 25 25 24 23 22 20 15 15 15 14 14 14 14 14 12 12 12 12 12 11 11 11 11 9 8 7 6 5 5 5 4 4 4 4 4 3 3 3 2 2 1 1 1 1 1 
76 65 57 53 50 48 46 46 45 43 41 38 37 31 28 28 27 27 27 26 26 26 25 24 22 20 20 20 14 14 14 14 14 14 14 14 12 12 12 12 12 11 11 11 7 7 6 6 6 5 5 5 4 3 3 3 3 3 2 2 1 1 1 1 1 1 1 
73 64 55 53 46 46 45 44 44 42 41 37 35 30 28 28 27 27 26 26 26 25 25 23 21 20 19 19 14 14 14 14 14 14 13 13 12 12 12 12 12 11 9 8 7 7 6 6 6 4 4 4 3 3 3 3 3 1 1 1 1 1 1 1 1 1 
71 64 53 51 46 45 44 41 41 41 39 37 33 29 28 27 27 26 26 26 25 25 22 22 21 20 19 19 14 14 14 14 14 14 12 12 12 12 12 12 11 9 9 8 6 6 5 5 5 4 4 3 3 3 2 2 2 1 1 1 1 1 1 
71 64 52 50 45 44 43 41 36 36 36 36 33 29 28 27 27 26 25 25 24 23 22 21 19 19 17 17 14 14 14 14 13 13 12 12 12 12 12 10 10 8 6 6 6 6 5 4 4 4 4 3 2 2 2 2 1 1 1 1 1 1 1 
65 59 52 49 45 44 41 41 36 36 35 35 33 28 27 27 27 25 25 25 23 22 22 21 19 19 17 17 14 14 14 14 13 13 12 12 12 12 11 10 10 7 6 6 6 4 4 4 3 3 3 3 2 2 2 1 1 1 1 1 1 
65 58 51 49 44 44 41 40 36 36 33 32 32 28 27 27 27 25 24 21 20 20 20 20 18 17 16 16 14 14 14 14 12 12 12 12 11 11 10 10 7 6 6 6 6 4 3 3 3 3 3 3 2 2 2 1 1 1 1 1 1 
64 57 50 45 44 44 40 39 36 33 33 31 31 27 27 27 25 25 21 21 20 20 20 20 18 16 16 16 14 14 14 13 12 12 11 10 10 10 8 7 7 6 5 5 5 4 3 3 3 3 2 2 2 2 2 1 1 1 1 1 
64 57 50 45 44 41 40 37 36 33 32 30 29 27 27 26 25 24 21 21 20 20 18 18 18 12 12 12 12 11 11 10 9 9 8 8 8 8 7 7 7 5 5 4 3 3 3 3 3 2 2 2 2 2 1 1 1 1 
64 56 48 44 42 40 38 35 33 33 31 28 28 27 26 26 24 23 21 21 20 20 18 18 16 11 11 11 11 10 10 10 8 7 7 7 7 7 7 7 7 5 5 3 3 3 2 2 2 2 2 2 2 2 1 1 1 1 
63 53 48 44 36 33 33 33 33 31 31 28 26 26 26 24 23 22 21 21 20 19 16 16 14 11 11 11 11 10 10 8 8 7 7 7 7 6 6 6 5 4 4 3 3 2 2 2 2 2 2 1 1 1 1 
61 50 46 43 35 33 33 32 31 31 30 26 26 26 22 22 22 22 20 20 20 18 14 13 11 11 10 10 10 9 9 8 8 7 7 7 6 6 6 6 5 4 3 2 2 2 2 2 2 2 1 1 1 1 
61 50 44 43 34 33 33 31 31 31 28 26 26 26 22 22 22 20 20 20 19 18 14 11 10 10 9 9 9 9 9 8 7 6 6 6 6 5 5 5 5 3 3 2 2 2 2 2 2 2 1 1 
58 50 43 43 33 33 32 31 30 29 27 26 26 23 21 20 20 19 19 19 18 17 13 11 10 9 9 9 9 7 7 7 7 6 6 6 6 5 5 4 4 3 2 2 2 2 2 2 2 2 1 1 
58 50 43 41 33 32 32 31 30 28 27 25 25 22 21 20 19 19 18 18 18 17 13 9 9 9 9 8 8 7 7 7 7 6 6 5 5 5 4 4 4 3 2 2 2 2 2 1 1 1 1 1 
52 47 43 38 33 32 31 28 27 26 25 24 21 21 20 20 19 17 17 17 17 16 12 9 9 9 8 8 8 7 7 7 6 5 5 5 5 4 4 4 3 3 2 2 2 2 2 1 1 1 1 
52 47 42 38 32 32 28 27 27 26 24 23 21 21 20 20 18 17 17 17 16 15 9 9 9 9 8 8 7 7 7 6 5 5 5 5 5 4 4 4 3 3 2 2 1 1 
50 45 39 35 32 31 28 27 27 24 23 22 21 21 20 18 17 16 16 16 14 14 9 9 8 8 8 7 7 7 7 6 5 5 4 4 4 4 4 4 3 3 2 2 1 1 
49 45 38 34 32 31 28 27 27 23 22 21 21 20 20 18 17 16 16 16 14 13 9 9 8 7 7 7 4 4 4 4 4 4 4 4 4 4 4 3 3 3 2 2 1 
49 43 38 34 30 29 28 27 25 22 22 21 21 19 16 16 16 16 16 15 14 12 9 9 7 7 7 6 4 4 4 4 4 4 4 4 4 4 4 3 2 2 2 1 
48 43 38 34 30 26 25 24 24 22 22 21 20 19 16 16 16 16 15 15 13 11 9 8 7 6 6 6 4 4 4 4 4 4 4 4 4 3 3 3 2 2 
45 43 38 34 30 26 24 24 24 22 20 19 19 17 16 16 14 14 14 13 13 8 8 8 6 6 6 5 4 4 4 4 4 4 4 4 3 2 2 2 2 1 
45 41 36 33 30 24 24 24 24 22 20 19 19 17 16 16 14 14 14 13 11 8 7 7 6 6 6 5 4 4 4 4 3 3 3 3 2 2 2 2 2 
45 40 35 32 30 24 24 23 22 21 20 19 19 17 16 14 14 13 13 11 11 8 7 7 6 6 6 4 4 4 4 4 3 3 3 2 2 2 1 1 1 
45 38 34 30 30 23 22 22 22 21 20 19 17 15 13 12 12 12 11 10 10 8 7 7 6 6 5 4 4 4 4 3 3 3 2 2 2 1 1 1 1 
44 38 34 30 30 22 22 22 22 21 18 18 17 15 13 12 12 11 10 10 10 8 6 6 6 6 4 4 4 4 4 3 3 3 2 2 2 1 1 1 1 
44 38 32 30 30 22 22 22 22 20 18 16 16 15 12 12 11 11 10 9 9 8 6 6 6 5 4 4 4 4 4 3 3 3 2 2 2 1 1 1 1 
43 37 31 30 29 22 22 22 21 20 18 16 16 14 12 9 9 9 8 8 8 7 6 6 4 4 4 4 4 4 3 3 3 2 2 2 1 1 1 1 
42 37 30 30 28 22 22 21 20 19 18 16 13 11 10 9 9 9 8 8 7 7 6 5 4 4 4 4 4 4 3 3 3 2 2 2 1 1 1 1 
40 37 30 29 25 22 22 19 19 19 18 16 13 10 10 9 8 8 8 8 7 5 5 5 4 4 4 4 4 3 3 3 2 2 2 2 1 1 1 
40 32 30 29 25 22 22 19 18 18 18 15 13 10 10 8 8 8 8 8 6 5 5 5 4 4 4 3 3 3 3 2 2 1 1 1 1 1 1 
40 31 29 29 24 22 21 18 18 18 18 13 12 10 9 8 8 8 7 7 5 5 4 4 4 4 4 3 3 3 2 2 2 1 1 
38 31 29 28 24 22 21 18 18 18 18 13 11 10 8 8 8 8 7 7 5 5 4 4 4 3 3 3 3 3 2 2 2 1 1 
36 31 29 27 23 22 20 18 18 17 17 13 11 10 8 8 8 7 7 6 5 5 4 4 4 3 3 3 2 2 2 2 2 1 
35 29 29 27 23 21 20 18 18 17 15 13 11 10 8 8 7 7 7 6 5 4 4 4 4 3 3 2 2 2 2 2 2 1 
34 29 29 27 23 19 19 18 16 14 14 13 10 9 8 8 7 7 7 6 4 4 4 4 4 2 2 2 2 2 2 1 1 1 
32 29 29 24 23 19 19 18 13 13 13 13 10 9 8 8 7 7 7 4 4 4 4 4 4 2 2 1 1 1 1 1 
31 29 29 24 23 19 18 18 13 13 13 11 10 9 8 8 7 7 7 4 4 4 4 2 2 2 2 1 1 1 1 
31 28 26 24 23 19 18 17 13 13 13 10 9 9 8 8 6 6 5 4 4 4 4 2 2 2 2 1 1 1 
31 28 26 24 23 19 18 17 13 13 13 9 9 8 8 7 6 6 5 4 4 4 3 2 2 2 2 1 
31 28 25 24 23 18 17 16 13 13 13 9 9 8 8 7 6 6 5 4 4 4 3 2 2 2 1 1 
31 27 25 22 22 18 14 14 13 13 13 9 9 8 8 7 6 6 5 4 4 4 3 2 2 2 1 
29 26 23 22 21 18 14 14 13 12 11 9 8 8 8 6 6 5 5 4 3 3 2 2 2 1 
29 25 23 20 19 17 14 13 13 11 11 8 7 7 6 6 6 5 5 4 3 3 2 2 2 1 
29 23 21 19 18 17 14 13 11 11 11 8 7 7 6 6 5 5 5 4 3 3 2 2 1 
27 23 21 18 18 16 14 13 11 11 11 8 7 7 6 5 5 5 4 3 3 3 2 2 1 
24 23 21 18 17 15 14 12 11 11 9 7 6 6 6 5 5 5 4 3 3 2 2 2 1 
24 23 21 17 17 15 14 12 11 10 8 6 6 5 5 5 5 3 3 3 2 2 2 2 
23 23 19 17 16 14 13 12 11 9 6 6 6 5 5 5 4 3 3 2 2 2 2 2 
23 23 19 17 16 14 13 10 9 9 5 5 5 5 5 4 4 3 3 2 2 2 2 1 
23 22 18 17 16 14 13 10 9 7 5 5 5 4 4 4 3 3 3 2 2 2 2 1 
21 20 18 17 16 14 12 10 7 7 4 4 4 4 4 4 2 2 2 2 2 2 1 1 
21 18 18 17 15 14 9 9 7 6 4 4 4 4 4 3 2 2 2 2 2 2 1 
21 18 18 17 14 12 9 9 6 5 4 4 4 3 3 3 2 2 2 2 2 1 
20 18 17 16 13 12 9 7 6 5 4 4 4 3 3 3 2 2 2 1 1 1 
20 18 17 16 13 10 9 7 5 5 4 4 3 3 3 3 2 2 2 1 
20 18 17 16 13 9 8 7 5 4 4 4 3 3 3 3 2 1 1 
20 18 16 12 11 9 8 7 5 4 4 4 3 3 3 2 2 1 
20 16 15 12 11 9 7 6 5 4 4 3 3 3 2 2 2 1 
20 16 14 12 11 7 7 5 4 3 3 3 3 3 2 2 1 1 
18 15 14 12 11 6 6 5 3 3 3 3 3 2 2 1 1 1 
17 15 14 12 10 6 5 4 3 3 3 3 3 2 2 1 1 1 
17 13 13 10 9 6 4 4 3 3 3 3 3 2 1 1 1 
17 13 12 9 9 6 3 3 3 3 3 3 3 2 1 1 
17 13 11 9 8 6 3 3 3 3 3 3 2 2 1 1 
17 13 11 9 8 6 3 3 3 3 3 2 2 1 1 1 
15 12 10 9 8 6 3 3 3 3 2 2 2 1 1 1 
15 11 10 8 8 6 3 3 3 3 2 2 2 1 1 1 
15 11 10 8 7 6 3 3 3 3 2 2 2 1 1 
15 11 10 8 7 6 3 3 3 3 2 2 2 1 1 
15 11 10 6 6 6 3 3 3 3 2 2 1 1 
14 10 9 6 6 6 3 3 3 3 2 2 1 1 
14 10 8 6 5 5 3 3 3 2 2 2 1 
13 10 7 6 5 5 3 3 3 2 2 2 1 
12 9 7 5 5 5 3 3 3 2 2 2 1 
12 9 6 5 5 5 3 3 3 2 2 1 1 
10 7 6 5 5 5 3 3 3 2 2 
10 7 5 5 5 5 3 3 2 2 1 
10 7 5 5 5 5 3 3 2 2 1 
9 6 5 5 5 5 3 2 1 1 1 
9 6 5 5 5 5 3 1 1 
9 6 5 5 5 5 3 1 1 
9 6 5 5 5 5 3 1 1 
9 6 5 5 4 4 2 1 1 
8 6 5 5 4 4 1 1 1 
8 6 5 5 4 3 1 1 1 
7 6 5 5 3 3 1 1 
6 6 5 4 3 3 1 1 
6 6 5 4 3 3 1 1 
6 6 5 4 3 3 1 
6 6 5 3 2 2 1 
6 6 4 3 2 2 1 
6 6 4 3 2 2 1 
6 6 4 3 2 2 1 
6 6 3 2 2 2 1 
6 5 3 2 2 2 1 
6 4 3 2 2 2 1 
6 4 3 2 2 2 
6 4 2 2 2 2 
6 4 2 2 2 2 
5 3 2 2 2 1 
5 2 2 1 1 1 
5 2 2 1 1 1 
5 2 1 1 1 1 
5 2 1 1 1 1 
5 2 1 1 1 1 
5 2 1 1 1 1 
5 1 1 1 1 1 
5 1 1 1 1 1 
5 1 1 1 
4 1 1 1 
3 1 1 1 
3 1 1 1 
3 1 1 1 
3 1 1 1 
3 1 1 1 
3 1 1 1 
3 1 
3 1 
3 1 
3 1 
3 1 
3 1 
3 1 
3 1 
3 1 
3 1 
2 1 
2 
2 
2 
2 
2 
2 
2 
2 
2 
2 
1 
1 
1 
