182 162 157 152 150 144 125 123 119 116 111 110 99 98 93 92 92 89 84 83 82 80 76 71 69 69 67 66 61 61 58 58 58 55 54 54 53 50 50 49 47 47 45 45 45 45 45 42 42 42 41 37 37 37 37 37 37 37 34 32 32 32 32 30 30 30 30 30 28 26 25 25 25 25 25 24 23 21 21 19 17 17 17 17 16 16 15 15 13 12 12 12 12 12 12 12 12 12 12 12 11 10 10 7 7 7 7 7 6 6 6 5 5 5 5 5 5 4 4 4 4 4 4 4 4 4 4 4 3 3 3 3 3 2 2 2 2 2 2 1 1 1 1 1 1 1 1 1 1 1 1 1 1 1 
153 153 140 136 131 124 119 116 113 111 103 102 89 88 87 86 82 82 79 78 77 75 68 68 66 66 66 61 59 59 57 57 56 54 54 51 48 48 46 43 42 41 41 37 36 35 35 35 32 32 32 32 31 29 29 28 26 25 24 24 23 23 21 21 20 20 20 19 18 18 18 18 18 18 18 18 18 15 15 14 14 14 13 12 12 12 12 10 9 9 9 9 9 9 9 9 9 9 9 9 8 8 8 7 7 7 6 6 5 5 5 4 4 4 4 4 4 4 4 3 3 3 3 3 2 2 2 2 2 2 2 1 1 1 1 1 1 1 1 1 1 1 1 
143 136 130 130 126 117 115 109 104 99 99 95 86 83 83 82 78 76 73 73 72 72 68 68 65 63 62 61 59 59 57 56 54 51 50 48 45 45 44 39 39 31 31 30 26 26 25 25 25 25 25 25 25 25 24 24 24 22 22 22 22 21 21 21 20 19 19 19 18 18 18 18 18 18 16 14 13 13 13 13 13 11 10 10 10 10 10 9 9 9 7 7 7 7 7 7 6 6 6 6 6 6 5 5 5 5 5 5 5 5 4 4 3 3 3 2 1 1 1 1 1 1 1 1 1 1 1 1 1 1 1 1 1 1 
139 128 128 123 114 108 108 106 98 97 94 93 84 83 80 79 78 73 72 69 67 67 65 65 63 60 54 51 49 48 48 44 43 38 38 34 34 33 32 32 32 27 27 25 25 25 25 24 24 23 23 22 22 22 22 22 22 22 21 20 18 18 18 18 17 17 17 16 16 16 16 16 15 13 13 13 13 13 13 13 11 11 10 10 10 9 9 9 7 6 6 6 6 6 6 6 6 6 4 4 4 4 4 4 4 3 3 3 3 2 2 2 2 2 2 2 1 1 1 1 1 1 1 1 1 1 1 1 1 1 1 1 1 1 
136 124 117 116 85 85 79 78 78 77 77 77 77 75 75 74 73 70 70 69 66 66 64 63 60 59 51 48 47 45 44 43 38 38 37 34 34 32 32 32 30 27 26 25 25 25 25 24 24 23 23 22 22 22 22 22 19 18 18 18 18 18 18 16 15 15 15 14 13 13 13 13 12 12 12 12 12 11 10 10 9 9 9 9 9 9 8 8 6 6 6 6 5 5 5 5 5 5 4 4 4 4 3 3 3 3 3 2 2 2 2 2 2 1 1 1 1 1 1 1 1 1 1 1 1 1 1 1 1 1 1 1 1 
126 123 117 113 82 82 77 77 77 77 77 77 77 74 73 71 71 69 67 66 63 61 58 57 57 56 48 42 42 41 40 40 38 38 36 33 33 31 31 31 30 26 25 25 25 25 25 24 23 23 22 22 22 22 21 21 18 18 18 18 16 16 16 15 14 14 14 13 12 12 12 12 12 12 12 11 11 11 9 9 9 9 9 9 9 9 8 7 6 6 6 5 5 5 5 5 5 5 4 4 3 3 3 3 2 2 2 1 1 1 1 1 1 1 1 1 1 1 1 1 1 1 1 1 1 1 
124 114 102 95 82 82 77 77 77 77 77 77 75 74 73 70 69 66 63 61 59 58 54 52 51 50 48 42 41 41 39 39 36 36 35 33 33 31 31 31 28 25 25 25 25 25 24 23 22 22 22 21 20 20 18 18 17 17 16 14 13 13 13 12 12 12 12 12 12 11 11 11 10 10 10 9 9 9 9 8 8 8 8 7 7 7 5 5 5 5 4 4 3 3 3 3 3 3 3 3 3 3 2 2 2 2 1 1 1 1 1 1 1 1 1 1 1 1 1 1 1 
124 113 102 94 82 81 77 77 77 75 75 73 64 59 58 58 58 57 54 54 54 53 48 47 47 47 42 41 39 37 36 35 32 32 32 31 31 31 31 29 26 25 25 24 24 23 23 23 22 21 20 19 16 15 15 15 13 13 13 13 13 13 12 12 12 12 12 12 11 11 11 11 10 10 10 9 9 9 8 8 7 7 6 5 5 4 4 4 4 4 3 3 3 3 2 2 2 2 2 2 2 2 2 2 2 1 1 1 
116 110 100 88 82 80 77 77 75 74 72 72 64 58 58 58 58 55 54 54 52 51 48 47 47 47 42 39 39 34 34 34 32 31 31 31 30 30 30 28 24 24 24 23 23 23 21 19 18 18 18 18 15 14 14 13 13 13 13 13 12 12 12 12 12 12 11 11 11 11 11 9 8 7 7 7 7 6 6 6 6 6 5 4 4 4 4 4 4 4 3 3 3 3 2 2 2 2 2 2 2 1 1 1 1 1 
114 103 96 84 82 79 77 77 74 74 72 72 62 58 56 56 55 53 53 52 50 50 47 47 47 47 42 38 38 33 33 33 32 30 30 30 30 29 29 28 24 24 24 23 23 23 20 19 17 17 17 16 15 14 14 13 13 13 13 12 12 12 11 11 11 11 11 11 10 10 10 9 7 7 6 5 5 5 5 5 5 5 4 4 3 3 3 3 3 3 3 3 3 2 2 2 2 1 1 1 1 1 1 1 1 
112 100 92 82 81 77 77 74 73 72 71 68 57 55 55 54 53 53 53 50 46 46 45 45 45 45 41 37 37 33 32 31 31 30 29 29 29 29 24 23 22 22 22 22 21 21 18 17 17 17 17 16 15 14 14 13 13 13 13 12 11 11 11 11 9 9 9 9 9 9 8 8 7 7 6 5 5 4 4 4 4 4 4 4 3 3 2 2 2 2 2 2 2 2 2 2 2 1 1 1 1 1 
109 100 88 77 76 75 75 74 72 71 68 63 56 55 55 52 51 51 50 48 46 45 45 43 42 42 41 37 35 33 32 31 30 30 29 29 28 24 23 23 22 22 22 22 20 20 18 17 17 17 17 15 14 14 14 13 13 13 13 12 11 11 11 9 9 9 9 9 9 8 8 8 7 6 5 4 4 4 4 4 4 3 3 3 3 2 2 2 2 2 2 2 2 2 1 1 
108 99 88 77 75 75 72 71 71 68 65 61 55 54 51 49 49 49 49 47 46 45 43 41 40 37 36 32 32 31 31 30 29 29 26 25 23 23 23 22 19 19 19 19 19 19 18 17 17 17 17 15 12 12 12 12 12 10 9 9 9 9 9 7 7 7 7 7 7 7 7 7 6 5 4 4 4 4 4 4 4 3 3 3 2 2 2 2 2 1 1 1 1 1 1 1 
102 96 84 76 75 74 70 70 68 67 65 55 53 51 50 49 48 47 44 44 44 43 40 39 36 36 35 32 32 31 31 30 29 29 25 23 22 22 20 19 19 19 19 19 19 18 17 17 17 17 16 12 12 12 12 12 12 10 9 9 9 8 7 7 7 7 7 7 7 6 6 6 4 4 4 3 3 2 2 2 2 2 2 2 2 2 2 1 1 1 1 1 1 1 1 1 
100 94 83 76 75 73 70 68 66 64 63 55 52 51 50 48 47 45 44 44 43 40 39 39 36 34 33 32 31 28 28 28 28 24 23 22 22 19 19 19 19 19 19 15 14 13 12 12 12 11 11 11 11 10 9 8 8 6 5 5 5 5 5 5 5 4 4 4 4 4 4 4 4 4 3 2 2 2 2 2 1 1 1 1 1 1 1 1 1 1 
100 91 82 76 74 70 69 65 60 60 59 53 52 48 48 47 44 44 44 43 41 39 38 38 35 34 32 31 29 26 25 25 23 23 22 21 20 19 19 19 18 18 13 12 11 10 10 10 9 9 9 9 7 6 6 5 5 5 5 4 4 4 4 4 4 4 4 4 4 4 4 3 3 2 2 2 2 2 1 1 1 1 1 1 1 1 1 1 
94 82 80 76 71 70 68 62 60 55 52 52 51 48 47 42 42 42 42 41 39 39 38 36 35 33 31 30 29 25 23 23 22 22 22 20 20 19 19 19 18 18 13 12 11 10 9 9 9 9 8 7 6 6 5 5 5 5 5 4 4 4 4 4 4 4 4 4 4 3 3 2 2 2 2 1 1 1 1 1 1 1 1 1 1 1 
85 81 80 73 69 68 63 62 59 54 52 52 48 48 47 42 42 42 39 39 38 37 37 34 32 32 31 29 27 25 23 22 22 22 21 20 19 19 18 18 18 17 11 10 10 10 9 9 9 8 8 5 5 5 5 5 5 5 5 4 4 4 4 4 4 4 4 4 2 2 2 2 2 1 1 1 1 1 1 1 1 1 1 1 1 
83 80 80 73 63 63 61 60 52 52 49 49 46 45 45 42 42 40 39 38 38 37 34 33 31 31 29 26 25 25 21 21 21 20 19 19 19 19 18 17 17 14 11 10 10 10 9 9 9 8 8 5 5 5 4 4 4 4 4 4 4 4 4 4 4 4 4 4 2 2 2 2 2 1 1 1 1 1 1 1 1 
78 76 76 69 60 60 57 57 52 51 49 48 46 45 44 42 39 39 39 34 33 33 33 30 30 27 25 24 24 23 21 21 19 19 19 19 18 16 16 15 14 14 11 10 9 9 9 7 7 7 7 5 4 4 4 4 4 4 4 3 3 3 3 3 3 3 3 2 2 2 2 2 1 1 1 
76 74 69 66 60 60 56 55 51 50 49 43 43 41 41 41 38 37 37 33 33 32 31 30 30 27 24 23 23 22 21 20 19 18 17 16 16 15 14 14 12 10 10 10 9 9 9 7 6 6 6 5 4 4 4 4 4 4 3 3 3 3 2 2 2 1 1 1 1 1 1 1 
73 73 69 65 60 60 55 54 51 47 46 42 41 41 40 40 37 36 35 32 32 31 31 30 24 24 23 23 22 21 19 17 17 17 17 15 15 14 13 13 10 10 10 9 9 9 7 7 6 6 6 5 4 4 3 3 3 3 3 3 3 2 2 1 1 1 1 1 1 1 1 
73 72 69 65 57 54 54 53 50 46 45 42 40 39 38 37 37 33 30 30 30 30 30 28 24 24 23 22 18 16 16 16 16 16 15 14 14 13 13 12 10 10 9 9 9 7 7 6 6 5 4 4 3 3 3 3 3 3 2 2 1 1 1 1 1 1 1 1 1 1 1 
73 70 69 64 57 54 54 52 49 46 43 39 39 38 36 34 33 33 30 30 30 30 29 28 24 22 22 21 17 16 16 15 14 13 13 13 13 13 12 12 10 10 9 9 9 7 6 6 6 5 4 4 3 3 3 3 3 3 2 2 1 1 1 1 1 1 1 1 1 1 1 
73 65 64 60 57 54 53 50 46 45 41 39 38 38 36 34 31 31 29 29 28 27 26 26 24 22 20 18 16 16 15 14 14 13 13 13 13 13 11 11 10 10 9 7 7 6 6 6 6 5 4 3 3 3 3 3 2 2 2 1 1 1 1 1 1 1 1 1 
73 65 63 56 56 53 48 48 46 43 41 38 38 37 35 34 31 31 29 29 27 26 26 25 24 22 18 17 16 15 15 14 13 13 13 13 13 12 11 9 7 7 7 7 5 5 4 4 4 4 4 3 3 3 3 2 2 2 2 1 1 1 1 1 1 
72 64 63 56 55 53 48 46 45 43 38 38 37 37 33 33 31 31 29 28 27 26 25 24 20 18 18 17 15 15 15 13 13 12 12 12 12 11 10 9 7 7 7 7 5 5 4 3 3 3 3 3 3 2 2 2 1 1 1 1 1 1 1 1 1 
71 64 62 55 55 52 48 43 41 39 38 37 37 35 30 30 30 30 29 26 26 26 25 22 17 15 15 14 14 13 13 13 12 12 12 12 12 11 9 7 7 7 6 3 3 3 3 3 3 3 2 2 2 2 2 2 1 1 1 1 1 1 1 1 1 
70 62 60 54 51 51 47 43 41 39 38 37 34 32 30 30 30 29 28 26 25 22 22 20 16 14 14 14 13 13 12 12 12 12 12 11 11 8 8 7 7 6 6 3 3 3 3 3 3 3 2 2 2 2 2 2 1 1 1 1 1 1 1 1 
69 60 60 53 51 46 46 43 39 37 36 36 34 32 30 27 27 26 25 25 24 22 21 20 15 14 14 14 13 13 12 12 10 10 10 10 10 8 8 7 7 6 5 3 3 3 3 3 3 2 2 2 2 2 2 1 1 1 1 1 1 1 1 1 
69 60 58 53 48 43 43 41 37 35 35 35 31 30 30 27 27 25 25 25 23 22 21 20 15 14 14 13 13 12 12 12 10 10 9 9 8 8 7 7 7 6 5 3 3 3 3 2 2 2 2 2 2 2 2 1 1 1 1 1 1 1 1 1 
67 60 57 51 47 43 43 41 35 34 34 34 30 29 29 27 26 25 25 21 21 20 20 20 15 14 13 12 12 12 12 12 10 10 8 7 7 7 7 7 6 6 4 3 3 3 3 2 2 2 2 2 2 1 1 1 1 1 1 
65 60 56 49 47 43 40 40 35 33 32 32 30 29 27 27 26 25 25 21 21 20 20 19 15 13 13 12 12 12 11 11 10 9 8 7 6 6 5 5 5 4 4 3 3 2 2 2 2 2 2 2 2 1 1 1 1 1 1 
62 58 55 48 46 43 40 39 35 33 31 27 27 27 27 25 24 23 23 21 20 20 20 19 14 13 12 12 12 12 11 11 9 7 6 6 6 4 4 4 4 4 3 3 2 2 2 2 2 2 2 1 1 1 1 1 
59 58 53 48 43 42 39 38 35 31 29 27 27 27 27 24 23 23 23 20 20 20 19 18 13 12 12 12 12 12 9 9 8 7 6 6 4 4 4 4 4 4 2 2 2 2 2 2 2 2 1 1 1 1 1 1 
58 58 53 48 43 39 37 37 33 30 29 27 27 25 25 23 22 22 22 20 20 19 18 17 12 12 12 12 12 12 9 9 8 7 6 5 4 4 4 4 4 3 2 2 2 2 2 2 1 1 1 1 1 1 1 1 
57 57 52 45 43 38 36 36 33 30 29 27 26 25 24 23 22 22 21 19 19 17 16 15 12 12 12 11 11 9 9 8 7 6 6 5 4 4 4 4 4 3 2 1 1 1 1 1 1 1 1 1 1 1 1 1 
57 54 49 42 42 38 36 36 33 29 29 27 25 24 24 22 22 22 21 19 18 17 15 14 12 12 11 10 10 9 8 8 7 6 6 4 4 4 4 4 3 3 2 1 1 1 1 1 1 1 1 1 
57 54 48 42 41 38 36 34 32 29 29 25 24 24 24 22 21 21 20 19 18 17 14 14 12 12 10 9 9 8 8 6 6 5 4 4 3 3 3 3 2 1 1 1 1 1 1 1 1 1 1 1 
57 53 47 41 41 38 35 34 28 27 27 24 24 24 23 22 21 21 20 19 17 16 14 14 12 9 9 8 8 8 8 6 6 5 4 3 3 3 3 3 1 1 1 1 1 1 1 1 1 1 1 
57 52 47 41 38 38 35 33 27 27 27 24 24 24 23 21 21 19 17 17 16 15 12 10 10 8 8 8 8 8 7 6 4 4 4 3 3 3 3 2 1 1 1 1 1 1 1 1 1 1 1 
56 48 46 40 38 38 35 33 27 26 26 24 24 24 23 21 20 18 16 16 15 14 12 10 9 8 8 7 7 6 6 6 4 4 4 3 3 3 3 1 1 1 1 1 1 1 1 1 1 
55 48 44 38 38 37 35 32 27 26 26 24 22 22 22 21 19 18 16 16 14 12 12 9 9 8 8 7 7 6 5 4 4 4 4 3 2 2 1 1 1 1 1 1 1 1 1 1 
52 48 43 38 37 34 34 32 26 26 25 24 22 22 21 19 19 16 16 13 13 12 12 9 9 8 8 7 7 6 5 4 4 4 4 3 2 1 1 1 1 1 1 1 1 1 
52 48 40 38 37 34 34 31 26 26 24 23 22 21 20 19 19 16 16 13 13 11 11 9 9 8 8 7 7 6 4 4 4 4 3 3 1 1 1 1 1 1 1 1 1 
50 44 40 37 36 33 31 29 24 24 24 23 22 21 20 19 17 16 16 13 13 11 11 9 9 8 8 7 6 5 4 4 4 3 3 2 1 1 1 1 1 1 1 1 
49 44 40 36 31 29 29 28 24 24 22 21 21 20 18 17 16 16 15 13 13 11 9 9 8 8 8 6 6 5 4 4 4 3 2 2 1 1 1 1 1 1 1 
45 40 40 36 31 29 27 25 24 24 21 21 20 20 16 15 15 14 11 11 11 10 9 8 8 8 8 5 4 3 3 3 3 3 2 2 1 1 1 1 1 1 1 
44 40 38 36 30 28 27 24 24 22 21 21 20 18 16 15 13 13 10 10 10 10 9 8 7 7 7 4 4 3 3 3 2 2 2 1 1 1 1 1 1 
44 40 35 32 29 27 27 24 24 22 21 21 20 18 16 12 12 11 10 10 10 9 8 8 7 7 6 4 3 3 3 3 2 2 2 1 1 1 1 1 
42 39 35 32 28 27 27 24 23 22 21 19 17 17 16 12 11 10 10 10 10 8 8 8 7 6 6 4 3 3 3 2 2 1 1 1 1 1 1 
40 39 34 32 27 27 25 24 23 22 21 19 17 17 15 11 10 10 10 10 10 8 7 7 7 6 6 4 3 3 3 2 2 1 1 1 1 1 1 
40 39 32 30 27 25 25 23 23 22 20 19 17 15 13 10 10 10 10 10 9 8 7 6 6 6 6 4 3 3 3 2 1 1 1 1 1 1 
40 35 32 30 27 25 24 23 21 21 18 18 15 15 12 10 10 10 10 10 7 7 7 6 6 6 5 4 3 3 2 1 1 1 1 1 1 
39 33 31 27 25 25 23 22 21 19 18 16 15 11 11 10 10 9 7 6 6 5 5 5 5 5 3 3 3 2 1 1 1 1 1 1 
36 33 30 26 25 24 21 21 19 19 18 13 13 11 9 9 9 9 6 6 5 5 4 4 4 4 3 3 3 1 1 1 1 1 1 1 
36 33 30 26 24 23 21 20 19 18 18 13 10 9 9 9 8 7 6 6 5 4 4 4 4 2 2 2 1 1 1 1 1 1 
36 33 30 24 24 23 20 20 19 17 17 12 10 7 7 7 7 6 6 4 4 3 3 3 3 2 2 1 1 1 1 1 1 
34 31 29 23 23 23 19 19 19 17 17 12 10 7 7 6 6 6 5 4 4 3 3 3 3 2 1 1 1 1 1 
34 31 28 23 23 23 19 19 16 16 14 10 10 6 6 6 5 5 4 4 3 3 3 3 3 2 1 1 1 1 1 
34 31 27 23 23 22 19 17 16 13 11 10 9 6 6 6 5 5 4 3 3 3 3 2 2 2 1 1 1 1 
34 29 26 23 22 22 19 17 16 11 11 10 9 6 6 6 5 5 3 3 3 3 3 2 2 2 1 1 1 1 
34 27 25 22 22 20 19 16 16 11 11 9 8 6 6 6 5 4 3 3 3 3 3 2 2 2 1 1 1 1 
33 26 23 22 22 20 18 16 16 11 11 9 8 6 6 4 4 4 3 3 3 3 3 2 2 1 1 1 1 1 
33 26 22 22 22 19 17 16 15 11 11 9 7 6 5 4 4 4 3 3 3 2 2 2 2 1 1 1 1 1 
33 25 22 21 21 19 17 16 15 11 10 8 7 6 5 4 4 4 3 3 2 2 2 2 2 1 1 1 1 1 
31 25 21 20 20 17 17 15 15 11 10 8 5 5 5 4 4 4 3 3 2 2 2 2 2 1 1 1 1 1 
31 25 21 20 19 17 17 15 12 11 9 7 5 5 4 4 4 3 3 3 2 2 2 2 2 1 1 1 
30 24 21 20 19 17 17 14 12 11 9 7 5 4 4 4 4 3 3 3 2 2 2 1 1 1 1 
28 24 21 20 18 17 17 14 12 11 9 7 5 4 4 4 3 3 3 3 2 2 2 1 1 1 1 
28 24 21 19 18 17 17 14 12 11 7 6 5 4 4 4 3 3 3 3 2 2 2 1 1 1 1 
27 23 21 18 18 16 16 12 11 11 7 6 5 4 4 3 3 3 3 3 2 2 1 1 1 1 1 
27 23 20 18 17 16 15 12 11 10 7 6 5 4 4 3 3 3 2 2 1 1 1 1 1 
27 23 18 18 16 14 14 12 11 10 6 6 4 4 4 3 3 3 2 2 1 1 1 1 1 
24 21 18 18 16 14 13 11 10 9 6 6 4 4 4 3 3 2 2 1 1 1 1 1 
24 18 17 17 15 13 11 11 9 9 6 5 4 4 3 3 3 2 1 1 1 1 1 1 
24 17 17 17 15 13 11 11 9 9 6 5 4 4 3 3 2 2 1 1 1 1 1 
23 17 17 15 15 13 11 10 9 9 6 5 4 4 3 3 2 2 1 1 1 1 1 
22 17 17 15 15 11 10 9 9 8 6 5 4 4 3 3 2 2 1 1 1 1 1 
21 17 15 14 13 9 9 8 8 8 6 5 4 4 3 3 2 2 1 1 1 1 
21 17 15 14 13 9 9 8 8 7 5 5 3 3 3 3 2 2 1 1 1 
20 17 14 14 13 9 9 8 8 7 5 5 3 3 3 2 2 2 1 1 
20 17 14 13 13 8 8 8 8 7 5 4 3 2 2 2 2 2 1 1 
20 17 14 13 13 8 8 8 8 5 5 4 2 2 2 2 2 2 1 
19 15 14 11 11 8 8 8 8 5 5 3 2 2 2 2 2 2 1 
19 15 11 11 10 8 8 8 7 5 5 2 2 2 2 2 2 2 1 
18 15 11 9 9 8 8 8 7 5 4 2 2 2 2 2 2 2 1 
18 15 11 9 9 8 8 7 6 5 3 2 2 2 2 2 2 1 1 
17 14 11 9 9 8 8 7 6 5 2 2 2 2 2 2 2 1 1 
16 14 11 9 8 8 8 7 5 5 2 2 2 2 2 2 2 1 1 
15 14 11 9 8 8 7 6 4 4 2 2 2 2 2 2 1 1 
15 14 9 9 8 7 6 5 4 4 2 2 2 2 2 2 1 1 
15 14 8 8 8 7 6 5 4 4 2 2 2 2 2 1 1 1 
15 12 8 8 8 7 6 5 4 4 2 2 2 2 2 1 1 
15 10 8 8 8 7 6 5 4 4 2 2 2 2 2 1 1 
13 9 8 8 8 7 6 4 4 4 2 2 2 1 1 
13 9 8 8 8 6 6 4 4 4 2 2 1 1 
13 9 8 8 8 6 6 4 4 4 2 2 1 1 
13 9 8 8 7 6 6 4 4 3 2 2 1 1 
13 9 8 7 7 5 5 4 3 2 2 
12 9 8 7 7 4 4 4 3 2 2 
12 9 7 6 5 4 4 3 2 2 2 
12 8 7 6 3 3 3 3 2 1 
12 8 7 5 3 3 2 2 2 1 
10 7 6 4 3 3 2 2 
9 7 6 4 3 3 2 1 
9 7 6 4 3 3 2 1 
9 6 5 4 2 2 1 1 
9 6 5 4 2 2 1 1 
9 5 5 3 2 2 1 1 
9 5 5 3 2 2 1 1 
9 5 5 3 2 2 1 1 
8 5 5 3 2 1 1 1 
8 5 5 3 2 1 1 1 
8 5 4 2 1 
8 5 2 2 
8 5 2 2 
8 5 2 2 
6 5 2 2 
6 5 2 2 
6 4 2 1 
6 4 2 1 
6 4 1 1 
4 4 1 1 
4 4 1 1 
4 4 1 1 
4 4 1 1 
4 4 1 
4 4 1 
4 4 1 
4 4 1 
4 4 
4 4 
4 3 
4 3 
4 3 
4 3 
4 3 
3 3 
3 3 
3 2 
3 1 
3 1 
3 
2 
2 
2 
2 
2 
2 
2 
2 
2 
2 
2 
2 
2 
2 
2 
2 
2 
2 
2 
2 
1 
1 
1 
1 
1 
1 
1 
1 
1 
1 
1 
1 
1 
1 
1 
