186 172 161 151 137 131 129 126 122 105 104 101 99 96 91 91 89 88 85 79 78 78 77 70 68 66 65 65 63 63 61 61 55 55 55 53 53 53 52 52 52 50 50 47 47 46 45 45 44 44 43 43 42 42 41 41 40 40 40 40 38 37 36 35 34 33 33 31 29 27 26 26 25 24 24 24 24 24 23 23 23 22 21 21 21 21 20 20 20 20 20 20 19 19 18 17 17 17 17 17 17 16 16 14 14 14 13 13 13 13 13 13 12 10 9 9 9 8 7 7 7 7 7 7 7 7 7 7 7 7 5 5 5 5 5 5 4 4 4 4 4 4 3 3 3 3 3 3 2 2 2 2 2 2 2 2 2 2 2 2 2 2 2 2 2 2 2 2 2 2 2 2 2 2 2 2 2 2 1 1 1 1 1 
154 152 142 138 127 127 110 108 103 99 98 95 95 89 85 81 80 80 72 72 72 69 69 65 62 62 58 55 54 54 49 49 49 49 49 47 47 46 46 46 44 44 44 44 44 44 42 40 36 35 34 34 33 33 33 33 32 32 32 32 32 29 29 27 27 26 26 24 24 23 22 21 21 21 20 20 20 20 20 19 19 17 14 14 14 14 14 14 14 13 13 13 12 11 11 11 11 11 11 11 11 11 11 10 10 10 10 10 10 9 9 9 9 9 9 9 8 7 7 7 6 6 6 5 5 5 5 5 5 4 4 4 3 2 2 2 2 2 2 2 2 2 2 2 2 2 2 2 2 2 2 2 2 2 2 2 2 1 1 1 
148 145 137 132 126 121 109 102 102 98 98 95 88 79 79 73 73 67 67 67 67 65 64 64 62 61 55 54 54 50 49 49 49 47 46 45 45 45 45 44 44 42 42 42 40 40 38 37 35 34 33 33 33 31 27 27 27 27 25 25 25 24 23 23 23 23 21 21 21 21 19 19 18 18 18 17 17 17 17 17 16 16 13 12 12 12 12 12 12 12 12 12 11 11 11 11 11 10 10 10 10 10 9 9 9 9 9 9 7 7 5 5 5 5 5 5 4 4 4 4 4 3 3 3 3 3 3 3 3 2 2 2 2 2 2 2 2 2 1 1 1 1 1 1 1 1 1 1 1 1 1 1 1 1 1 1 1 1 1 
137 132 131 113 113 112 100 100 93 92 91 86 79 79 74 70 70 66 64 62 62 62 60 59 56 56 54 51 50 50 48 48 48 46 46 45 43 43 42 42 36 36 36 36 32 32 32 32 30 29 28 28 28 28 27 27 27 26 25 24 23 23 22 22 21 21 21 19 19 17 17 17 17 17 17 17 16 16 16 13 13 12 11 11 11 10 10 10 10 10 10 10 10 10 10 10 10 10 10 8 6 6 6 6 6 6 6 5 4 4 4 4 3 3 3 3 3 3 3 3 3 3 3 3 3 2 2 2 2 2 2 2 2 2 2 2 1 1 1 1 1 1 1 1 1 1 
135 129 114 113 111 111 100 97 88 87 82 82 77 71 67 65 64 63 61 59 58 57 56 56 53 53 52 51 49 48 48 48 44 44 43 42 41 40 40 40 36 36 36 36 32 32 31 28 28 27 27 27 25 25 25 25 25 25 23 22 22 21 21 21 21 21 21 19 18 15 15 15 13 13 13 13 13 13 12 11 11 11 10 10 10 10 10 9 9 9 9 9 9 8 8 8 7 7 7 6 6 6 6 5 4 4 3 3 3 3 3 3 3 3 3 3 3 3 2 2 2 2 2 2 2 2 2 2 2 2 2 2 2 2 1 1 1 1 1 1 1 1 1 1 1 
129 124 113 108 106 106 98 93 86 80 79 78 72 71 66 63 63 63 61 55 54 52 52 52 52 51 49 45 44 44 44 44 42 42 41 38 38 38 38 36 36 32 31 31 31 29 28 27 27 26 26 26 24 24 24 22 21 21 21 21 18 18 18 18 18 16 14 14 14 14 14 14 13 13 13 13 13 12 11 10 9 9 9 9 9 9 9 9 9 9 9 8 8 7 7 7 7 6 6 5 5 4 4 4 4 3 3 3 3 3 3 3 3 2 2 2 2 2 2 2 2 2 2 2 2 2 2 2 2 2 1 1 1 1 1 1 1 
127 122 111 105 104 103 95 89 86 75 73 72 67 66 66 61 60 60 56 52 52 52 49 47 47 45 44 44 42 41 40 39 38 38 37 34 34 34 34 34 34 31 30 30 28 27 27 27 27 26 25 24 22 22 22 20 20 20 19 18 18 18 17 16 15 15 14 13 13 13 13 12 10 10 10 9 9 9 9 9 9 8 8 8 8 8 8 8 7 7 7 7 7 7 4 4 4 4 4 4 4 4 4 4 4 3 3 3 3 3 2 2 2 2 2 2 1 1 1 1 1 1 1 1 1 1 1 1 1 1 1 1 1 
124 118 102 102 89 85 79 77 77 71 71 67 67 66 65 58 57 57 56 52 52 51 49 45 45 43 43 43 41 40 39 39 38 38 35 34 34 34 34 33 31 31 28 28 28 27 26 26 23 22 22 22 22 22 20 18 17 17 15 13 13 13 12 12 12 12 12 12 12 11 10 9 9 9 9 9 9 9 9 8 8 8 7 6 6 5 5 5 5 5 5 5 5 5 4 4 4 4 4 4 4 4 4 3 3 3 3 3 3 3 2 2 1 1 1 1 1 1 1 1 1 1 1 1 1 1 1 1 1 1 1 1 1 
118 109 101 100 88 85 77 69 69 69 64 63 62 60 60 58 56 56 55 52 52 50 48 44 43 42 41 39 38 38 37 37 36 36 35 34 31 29 28 28 28 27 27 27 27 27 25 25 23 22 20 16 16 16 16 16 16 13 12 12 12 12 12 12 12 12 10 10 10 10 9 9 9 9 9 9 9 9 8 8 8 6 5 5 5 5 5 5 5 5 5 5 5 5 4 4 4 4 4 4 3 3 3 3 3 3 3 3 3 3 1 1 1 1 1 1 1 1 1 
116 99 98 95 86 83 76 69 68 67 63 60 59 59 58 56 56 56 55 52 50 47 46 44 43 41 40 38 38 37 36 36 34 34 34 29 29 29 28 28 28 27 27 27 26 25 25 25 23 22 20 16 16 16 15 15 14 12 12 12 12 12 12 12 12 10 10 10 10 9 9 9 9 9 9 9 9 8 8 8 8 6 5 5 5 5 5 5 5 5 5 5 5 4 3 3 3 3 3 3 3 3 2 2 2 2 2 2 2 2 1 1 1 1 1 
113 97 97 89 83 83 74 69 68 66 60 60 59 56 56 56 56 53 52 51 48 46 44 43 42 40 39 38 37 36 33 32 31 29 29 29 29 28 26 24 24 24 24 23 22 22 22 21 20 20 19 15 15 14 14 14 13 12 12 12 11 11 11 10 10 10 9 9 9 9 9 8 8 8 8 8 7 6 5 5 5 5 5 5 5 5 4 4 4 4 4 3 3 3 3 3 3 3 3 2 2 2 2 1 1 1 1 1 1 1 
104 97 92 84 78 77 73 69 67 66 60 60 59 56 56 53 52 52 46 46 46 46 44 41 41 38 38 38 37 31 31 30 30 29 28 28 28 28 22 22 22 21 20 20 20 20 20 20 19 19 19 14 14 14 14 14 13 12 12 12 11 11 10 10 10 10 9 9 9 9 9 8 8 8 7 7 6 5 5 5 5 5 5 5 5 5 4 4 4 4 3 3 3 3 3 2 2 2 2 2 2 2 1 1 1 1 1 1 1 
99 92 86 77 76 76 72 68 67 66 59 59 59 56 52 51 51 49 45 45 45 42 42 39 39 38 38 37 33 31 31 28 27 27 26 26 26 24 21 21 21 21 20 19 19 19 18 17 17 16 15 14 14 14 13 12 12 12 11 11 10 9 9 9 9 9 9 9 9 9 7 7 7 7 7 7 5 5 4 4 4 4 4 4 3 3 3 3 3 2 2 2 2 2 2 2 2 2 2 1 1 1 1 1 1 1 
97 92 85 75 75 75 72 68 66 63 57 57 52 51 49 47 47 46 40 39 39 39 39 39 39 37 37 35 32 28 27 27 27 26 26 26 26 24 20 20 20 20 20 19 19 18 18 17 16 16 15 14 14 13 13 12 12 11 10 9 9 9 9 8 8 8 8 8 8 8 6 6 6 6 6 6 5 5 4 4 4 4 4 4 3 3 2 2 2 2 2 2 2 2 1 1 1 1 
96 87 82 75 74 70 67 64 61 57 56 52 51 50 47 47 45 42 39 39 39 37 35 35 35 33 31 31 30 28 27 25 25 25 25 24 24 22 20 20 20 20 20 19 19 17 17 16 16 15 15 14 13 11 11 11 11 11 10 9 9 9 9 8 8 8 8 8 8 7 6 6 6 5 5 4 3 3 3 3 3 3 3 3 3 2 2 2 2 2 2 2 2 1 1 1 1 1 
96 86 78 75 67 66 63 61 57 57 52 49 48 48 47 45 44 40 39 39 37 36 35 35 32 31 31 30 29 27 26 25 24 24 24 23 23 20 20 20 20 20 19 18 18 17 17 16 15 15 12 11 11 11 10 9 9 9 9 9 8 8 8 8 8 8 8 4 4 3 3 3 3 3 3 3 3 3 3 3 2 2 2 2 2 2 2 2 1 1 1 1 1 1 1 1 
91 81 78 71 67 65 62 60 54 54 52 48 47 46 46 43 41 39 39 38 37 36 34 34 32 30 29 29 28 26 25 24 24 24 24 22 22 20 19 19 17 14 14 14 14 13 12 12 12 12 11 11 11 10 9 9 9 9 9 9 8 8 7 7 7 7 6 4 3 3 3 3 3 3 3 3 3 3 3 3 2 2 2 2 2 2 2 2 1 1 1 1 1 1 
85 79 77 71 67 63 61 60 54 53 48 47 47 46 44 42 39 39 36 36 36 31 29 28 27 27 27 27 27 26 25 24 23 23 22 22 22 20 19 16 15 14 14 12 12 12 12 12 12 12 11 11 10 9 9 9 9 9 9 8 7 7 7 7 7 7 5 4 3 3 3 3 3 3 3 3 3 3 3 2 2 2 2 2 2 2 2 2 1 
83 78 75 71 66 58 58 54 48 45 45 45 45 42 42 40 39 36 36 34 33 29 28 27 27 27 27 26 26 25 23 23 23 22 21 21 18 17 16 16 14 14 13 12 12 12 12 12 11 10 10 10 9 9 8 8 8 8 8 8 7 7 7 7 7 5 3 3 3 3 3 3 3 3 3 3 3 3 2 2 2 2 2 2 2 1 1 
81 78 75 71 64 58 57 54 46 45 44 43 41 41 37 37 37 36 35 33 31 28 28 27 26 26 24 24 24 23 22 22 22 20 20 19 18 17 16 16 14 12 12 12 12 12 12 10 10 10 10 10 9 8 8 8 8 7 7 7 7 7 7 6 6 5 3 2 2 2 2 2 2 2 2 2 2 2 2 2 2 2 1 1 1 1 
79 75 73 67 61 58 56 54 45 44 44 43 39 39 37 37 36 36 34 32 31 28 26 26 26 23 23 23 23 22 22 22 22 19 19 18 18 17 14 13 13 12 12 11 11 11 11 10 10 10 9 9 9 7 7 7 7 7 6 6 5 5 5 3 3 3 3 2 2 2 2 2 2 2 2 2 2 2 2 2 2 2 1 
78 68 67 65 61 54 54 53 44 44 43 41 37 37 37 36 35 34 34 32 30 28 26 26 24 22 20 20 18 17 17 17 15 14 14 13 13 13 13 13 11 11 11 11 11 10 10 10 10 10 9 9 7 7 7 7 5 5 5 5 3 3 3 3 3 3 3 2 2 2 2 2 2 2 2 2 2 2 2 2 1 1 
73 65 63 63 59 54 50 50 44 44 43 39 37 36 36 35 34 33 32 30 29 27 26 25 20 19 19 17 15 13 13 12 12 12 12 11 11 11 11 11 11 11 11 10 10 9 9 9 9 8 8 8 7 6 6 5 5 4 4 3 3 3 3 3 3 3 3 2 2 2 2 2 2 2 2 2 2 1 1 
73 65 63 59 56 54 50 48 43 40 40 39 37 36 35 35 34 32 31 29 29 27 25 23 19 19 18 15 14 13 13 12 12 11 11 11 11 11 11 10 10 10 9 9 9 9 9 9 8 8 8 7 7 6 5 5 4 4 4 3 3 3 3 3 3 2 2 2 2 2 2 2 2 2 2 2 2 1 1 
71 63 61 59 55 54 50 47 43 40 39 37 37 36 35 35 33 32 28 28 26 26 23 18 17 17 16 13 13 12 11 11 11 10 10 10 10 10 10 10 10 10 9 9 8 8 7 6 6 6 6 6 6 5 5 5 3 3 3 3 3 3 3 3 3 2 2 2 2 2 2 2 2 1 1 
71 61 60 51 51 51 50 42 41 40 39 37 36 35 34 33 32 29 28 27 26 25 21 18 16 15 14 13 13 12 11 11 11 10 10 10 10 10 10 10 10 9 9 8 8 8 6 6 6 6 6 4 4 4 4 3 3 3 3 3 3 3 3 3 3 2 2 2 2 2 2 2 2 1 
70 61 54 50 50 50 50 41 41 38 37 37 35 34 33 32 31 29 27 27 21 20 16 16 15 13 13 13 13 11 11 11 11 10 10 10 10 10 10 7 7 7 6 6 6 5 5 5 5 5 5 4 3 3 3 3 3 3 3 3 2 2 2 2 2 2 2 2 2 2 2 2 1 
67 61 54 50 50 48 47 41 39 38 37 37 34 33 30 29 29 28 27 21 17 17 15 15 15 12 12 12 12 11 11 11 11 10 10 10 10 7 7 7 6 6 6 6 6 5 4 4 4 4 4 4 3 3 3 3 3 3 2 2 2 2 2 2 2 2 2 2 2 2 1 1 1 
67 59 53 50 49 47 46 41 39 37 37 36 34 32 29 29 27 27 25 21 17 17 15 15 14 12 11 11 10 10 10 10 10 10 8 8 7 7 6 6 6 6 6 4 4 4 4 4 4 4 4 3 3 3 3 3 3 2 2 2 1 1 1 1 1 1 1 1 1 1 1 1 1 
67 55 51 49 47 46 45 40 39 37 37 35 34 31 29 29 27 25 23 20 16 15 15 14 14 12 11 10 10 10 10 10 10 10 8 8 7 6 6 6 6 6 6 4 4 4 3 3 3 3 3 3 3 3 3 3 3 2 2 2 1 1 1 1 1 1 1 1 1 1 
63 53 50 48 45 45 44 40 37 37 36 34 33 31 26 26 26 25 23 19 16 15 15 14 14 12 11 10 10 10 10 10 10 8 8 7 7 6 5 5 5 5 4 4 4 4 3 3 3 3 3 3 3 3 3 3 2 2 2 2 1 1 1 1 1 1 1 1 
62 50 45 44 43 43 41 39 37 33 33 31 30 27 26 25 25 24 23 19 14 14 14 14 11 11 11 10 10 10 9 9 9 8 7 7 5 5 5 5 5 4 4 4 4 4 3 3 3 3 3 3 3 3 3 3 2 2 2 2 1 1 1 
62 48 43 43 43 41 41 38 35 33 33 31 30 26 24 24 24 24 23 19 14 14 14 13 11 11 11 10 10 10 9 9 9 8 7 5 5 5 5 5 4 4 4 4 4 4 3 3 3 3 3 3 3 3 3 2 2 2 2 1 1 
54 47 43 43 43 41 38 38 33 33 29 29 29 26 24 24 24 24 22 19 14 14 14 12 11 11 11 9 9 9 8 6 6 6 6 5 5 5 5 5 4 4 4 4 3 3 3 3 3 1 1 1 1 1 1 1 1 1 1 
54 47 43 43 41 41 35 35 33 33 29 28 27 25 24 24 24 22 16 16 14 14 13 11 11 10 10 9 7 7 7 6 6 6 6 5 5 5 5 5 4 4 4 4 3 3 3 3 3 1 1 1 1 1 1 1 1 1 
54 47 42 42 40 40 35 35 33 33 29 28 27 23 21 21 20 18 16 16 14 14 11 11 11 10 10 7 7 7 7 6 6 5 5 5 5 5 5 4 4 4 4 4 3 3 3 3 2 1 1 1 1 1 1 1 1 
51 46 42 40 40 40 35 35 33 31 29 28 23 22 21 21 19 18 16 15 14 14 11 11 10 10 10 7 7 7 6 6 6 5 5 5 5 4 4 4 4 4 4 4 3 3 3 3 2 1 1 1 1 
49 45 42 40 40 40 35 35 31 30 28 27 21 20 20 20 19 17 16 15 14 13 11 11 10 10 10 7 6 6 5 5 5 5 5 5 4 4 4 4 4 4 4 3 3 3 3 3 1 1 1 
48 44 41 40 40 39 35 35 31 29 27 26 21 20 19 19 19 17 13 13 13 11 11 11 10 10 9 7 6 6 5 5 5 5 5 5 4 4 4 4 4 4 4 3 3 2 2 2 1 1 
48 43 41 40 39 39 35 34 31 28 27 24 20 20 19 19 19 15 13 13 13 11 9 9 8 8 8 7 6 6 5 5 5 5 4 4 4 4 4 4 4 3 3 3 3 2 2 2 1 
48 43 40 40 39 38 35 32 31 28 27 23 20 20 19 18 18 15 13 13 9 8 8 8 8 8 8 7 6 6 5 5 4 4 4 4 4 4 2 2 2 2 2 2 2 2 2 1 1 
48 43 40 39 38 38 34 32 30 28 27 20 20 20 19 18 17 14 11 11 8 8 8 8 8 7 7 7 6 6 5 5 4 4 4 4 4 2 2 2 2 2 2 2 2 1 1 1 
47 43 40 36 36 35 34 30 29 27 25 20 20 19 18 18 12 12 11 9 8 8 8 8 7 7 7 7 6 6 4 4 4 4 4 4 4 2 2 2 2 2 2 2 2 1 
47 41 40 36 34 34 32 28 28 25 22 20 19 18 18 18 12 12 11 9 8 8 8 8 6 6 5 5 5 5 4 4 4 4 4 4 4 2 2 2 2 1 1 1 1 
45 40 39 36 34 30 28 27 27 21 21 19 18 18 18 18 12 11 10 8 8 8 8 8 6 6 5 5 5 4 4 4 4 4 4 2 2 2 2 2 2 1 1 1 
43 39 39 35 32 29 28 21 20 19 19 19 18 18 18 17 12 10 10 8 8 8 7 7 6 6 5 5 4 4 4 4 4 4 4 2 2 2 2 2 1 1 1 1 
43 39 39 33 32 28 24 19 19 19 19 19 18 18 17 17 12 10 9 8 8 8 7 7 6 6 5 5 4 4 4 4 4 4 3 2 2 2 2 2 1 1 
43 39 35 32 27 26 24 19 19 19 19 18 18 18 17 16 12 9 8 8 7 5 5 5 5 5 5 5 4 4 4 4 4 3 3 2 2 2 2 1 1 1 
42 39 35 32 26 26 24 19 19 19 18 18 18 17 16 13 11 9 8 7 7 5 5 5 5 5 5 5 4 4 4 4 4 3 3 2 2 2 
40 39 35 29 25 24 23 19 19 19 18 18 17 16 15 11 10 8 7 7 7 5 5 5 5 5 5 5 4 4 4 4 3 3 3 2 2 1 
40 36 35 28 24 24 23 19 19 18 18 18 17 16 15 10 10 8 7 7 7 5 5 5 5 5 5 4 4 4 4 4 3 3 2 2 2 1 
40 36 34 27 24 24 23 19 19 18 18 18 17 15 14 10 9 8 7 7 7 5 5 5 5 5 5 4 4 4 4 3 3 2 2 2 1 1 
40 35 34 26 24 24 22 19 18 18 18 18 17 15 13 10 9 8 7 7 6 5 5 5 5 5 5 4 4 4 4 3 2 2 1 1 1 1 
39 33 32 25 24 24 22 19 18 18 17 17 14 12 12 10 8 8 7 7 6 5 5 5 4 4 3 3 3 3 3 2 2 1 1 1 
39 33 32 25 24 24 21 19 18 17 17 15 14 11 11 10 8 7 7 7 6 5 5 4 4 4 3 3 3 3 3 2 1 1 1 1 
39 33 31 25 24 23 21 19 18 17 16 15 13 11 8 8 8 7 7 6 5 5 5 4 4 4 3 3 3 3 1 1 1 1 1 1 
39 32 31 25 24 23 21 17 17 17 15 14 12 11 8 8 7 7 7 6 5 5 5 4 3 3 3 3 3 3 1 1 1 1 1 1 
38 32 31 24 24 23 20 17 17 17 15 14 12 10 8 8 7 7 7 6 5 2 2 2 2 2 2 2 2 2 1 1 1 1 1 
37 32 30 24 24 19 18 17 17 16 15 12 11 10 8 8 7 7 7 6 5 2 2 2 2 2 1 1 1 1 1 1 1 1 1 
35 32 30 23 22 19 18 17 16 16 13 11 11 9 8 8 7 7 6 4 4 2 2 2 2 2 1 1 1 1 1 1 1 1 1 
35 32 29 23 20 19 18 17 16 13 13 10 10 8 8 8 7 6 5 4 4 2 2 2 2 2 1 1 1 1 1 1 1 1 1 
34 31 28 23 20 19 18 16 13 13 12 10 10 8 8 7 6 6 4 4 4 2 2 2 1 1 1 1 1 1 1 1 
34 30 26 23 20 18 18 14 12 12 12 9 9 8 8 7 6 6 4 3 2 2 2 1 1 1 1 1 1 1 1 1 
33 30 21 20 20 18 18 14 12 12 12 9 9 8 7 6 5 5 4 3 2 2 2 1 1 1 1 1 1 1 1 1 
31 29 21 19 18 17 17 13 12 10 9 9 9 8 7 6 5 5 4 3 2 2 1 1 1 1 1 1 1 1 1 1 
30 29 19 19 16 16 16 12 12 9 9 9 8 7 7 6 4 4 3 2 2 2 1 1 1 1 1 1 1 1 1 1 
30 28 19 18 16 16 16 12 11 9 9 6 6 6 6 6 4 3 3 2 2 2 1 1 1 1 1 1 1 1 1 
30 28 18 17 16 16 12 11 10 8 8 6 6 6 6 5 4 3 3 2 2 2 1 1 1 1 1 1 
30 25 18 17 16 16 12 11 10 8 8 6 6 6 6 4 4 2 2 2 2 1 1 1 1 
30 24 18 17 16 16 12 11 10 7 7 6 6 6 6 4 3 2 2 2 2 1 1 1 1 
27 23 18 17 16 15 12 11 10 6 5 5 5 5 5 4 2 2 2 2 2 1 1 1 
27 23 18 16 14 14 12 11 9 6 5 5 5 5 5 4 2 2 2 2 2 1 1 1 
26 21 17 15 14 13 12 11 9 6 5 5 5 5 5 4 2 2 2 2 1 1 1 1 
26 21 16 15 14 13 10 10 8 5 5 5 5 5 5 4 2 2 2 2 1 1 
25 20 16 15 14 12 10 10 8 5 5 5 5 5 4 4 2 2 2 2 1 1 
25 20 16 15 14 11 10 10 8 5 5 5 5 4 4 4 2 2 2 2 1 
25 20 16 15 14 11 10 9 7 5 5 5 5 4 4 2 2 2 2 1 1 
22 20 16 13 13 11 10 9 7 5 5 5 5 4 4 2 2 2 2 1 
21 18 15 13 13 9 9 8 6 5 5 5 5 4 2 2 2 2 1 1 
21 17 15 13 13 9 8 8 6 5 5 4 4 4 2 2 2 1 1 1 
21 16 15 13 12 8 8 8 5 5 5 4 4 4 2 2 1 1 1 1 
21 16 15 13 12 8 8 7 5 5 5 4 4 4 2 2 1 
21 16 15 13 12 8 8 7 5 5 5 4 4 4 2 2 
21 15 15 12 11 8 8 7 5 5 4 4 4 2 2 1 
21 15 13 12 11 8 8 7 5 4 4 4 4 2 1 
16 15 13 11 11 8 8 7 5 4 4 4 4 2 1 
16 15 13 11 11 8 8 6 5 4 4 4 3 2 
16 15 12 11 9 8 8 6 4 4 4 4 3 2 
16 15 12 11 9 8 8 5 4 4 4 4 2 
16 11 10 10 9 8 8 5 4 4 4 2 1 
16 11 10 10 8 6 6 5 4 4 3 2 1 
16 11 10 10 7 6 6 5 4 3 3 1 1 
16 11 10 10 6 6 6 5 4 3 3 1 1 
15 11 10 8 6 6 6 3 3 3 1 1 
15 11 10 8 6 5 5 3 3 3 1 1 
15 11 10 8 6 5 5 3 3 3 1 1 
15 11 10 8 6 5 5 3 2 2 1 1 
15 11 9 8 6 5 5 3 2 2 1 1 
15 11 9 6 5 5 3 2 1 1 1 
11 11 9 6 5 4 3 1 1 1 1 
11 11 9 6 5 4 3 1 1 1 1 
11 10 8 6 4 4 1 1 1 1 1 
11 9 6 6 4 4 1 1 1 1 1 
11 9 6 6 4 2 1 1 1 1 
11 8 6 6 4 2 1 1 1 1 
11 8 6 6 3 2 1 1 1 1 
11 7 6 6 3 2 1 1 1 
11 7 5 5 2 1 1 1 1 
11 6 5 3 2 1 1 1 1 
10 6 5 3 2 1 1 1 1 
9 6 5 3 1 1 1 1 
9 5 4 3 1 1 1 1 
9 3 3 2 1 1 1 1 
8 3 3 2 1 1 1 1 
7 3 3 2 1 1 1 1 
7 3 3 2 1 1 1 1 
6 3 2 1 1 1 1 1 
6 3 2 1 1 1 1 1 
6 3 2 1 1 1 1 1 
6 3 2 1 1 1 1 
6 3 2 1 1 1 1 
6 3 2 1 1 1 1 
6 3 2 1 1 1 1 
6 3 2 1 1 1 
6 3 2 1 1 
6 3 2 1 1 
6 3 2 1 
6 3 2 1 
6 2 2 
6 2 1 
6 2 1 
6 1 1 
5 1 1 
4 1 1 
4 1 
4 1 
4 1 
4 
4 
4 
4 
4 
3 
3 
3 
2 
2 
2 
2 
2 
2 
2 
2 
1 
1 
1 
1 
1 
1 
1 
1 
