164 164 162 151 140 135 131 124 124 120 113 112 103 101 100 98 97 92 92 88 85 83 83 72 69 68 68 67 66 66 62 61 61 59 59 59 59 59 58 58 57 54 53 53 51 50 50 46 45 44 44 43 43 42 42 42 42 38 36 34 34 34 33 33 33 33 33 32 31 30 29 28 28 28 28 26 26 26 24 23 21 21 19 19 17 17 17 16 15 14 14 13 13 13 11 11 11 9 9 9 9 9 9 9 9 9 9 9 9 9 9 9 9 9 8 8 6 6 6 6 6 6 6 6 6 6 6 6 6 4 4 4 4 4 2 1 1 1 1 1 1 1 1 1 1 1 1 1 1 1 1 1 1 1 1 1 1 1 1 1 1 1 1 1 1 1 1 1 1 1 1 1 
160 135 124 120 118 114 114 114 104 104 100 99 91 91 91 89 85 85 83 74 74 71 67 66 65 62 62 61 57 56 56 56 55 55 53 53 52 52 45 45 45 44 44 43 43 42 42 42 42 38 38 38 37 37 36 35 33 33 32 32 31 31 31 30 29 28 27 27 24 23 23 23 22 20 20 20 20 20 17 16 16 16 15 15 15 15 15 15 13 13 13 13 13 11 11 11 11 9 9 9 9 9 9 9 9 9 9 9 9 9 9 8 6 6 6 6 6 6 5 4 4 4 3 3 3 3 3 3 3 3 2 2 2 2 2 1 1 1 1 1 1 1 1 1 1 1 1 1 1 1 1 1 
139 135 122 113 109 104 103 103 101 98 91 89 88 81 81 77 76 75 75 74 68 68 65 62 61 57 57 57 56 56 56 54 53 53 51 51 51 50 45 44 44 43 43 43 41 40 37 36 34 34 34 34 34 34 32 32 32 31 31 31 29 29 29 27 25 23 21 19 19 19 19 19 19 19 18 18 18 18 17 16 16 16 15 15 14 14 13 13 13 13 13 12 9 9 9 9 9 9 9 9 9 9 9 8 8 8 8 8 7 7 7 6 5 5 4 4 4 3 3 3 3 3 3 3 3 3 3 2 2 2 2 1 1 1 1 1 1 1 1 1 1 1 1 1 1 1 1 1 1 
128 122 117 109 98 98 95 94 94 88 88 88 83 77 76 76 72 72 72 71 66 63 63 58 58 56 56 56 55 49 49 47 47 47 46 46 46 45 43 43 43 42 42 40 37 34 32 31 31 31 31 31 31 31 31 31 27 24 24 24 24 24 24 24 24 21 19 19 19 19 18 18 18 18 18 18 18 18 15 15 15 14 13 13 13 13 12 12 12 12 12 11 9 9 9 9 9 9 9 9 6 6 6 6 6 6 6 5 5 5 5 5 5 3 3 3 3 3 3 3 3 3 3 3 3 3 2 2 1 1 1 1 1 1 1 1 1 1 1 1 1 1 1 
121 114 114 100 98 93 87 86 79 76 76 76 75 75 75 75 71 71 69 69 62 62 59 58 58 56 56 54 49 49 47 46 45 45 44 44 43 38 37 35 35 34 34 34 33 32 31 31 30 30 29 28 28 26 26 24 24 24 23 23 22 21 21 21 21 18 18 18 18 18 18 18 16 15 15 14 14 14 14 13 11 10 10 10 10 10 10 10 10 9 9 9 9 8 8 8 8 7 6 5 5 5 4 4 4 4 4 4 4 4 4 4 3 3 3 3 3 3 3 2 2 2 2 1 1 1 1 1 1 1 1 1 1 1 1 1 
115 112 111 99 98 89 83 83 79 76 75 75 74 74 70 67 67 67 65 62 61 58 57 53 53 49 49 47 47 41 41 41 41 41 41 41 40 34 34 34 34 31 31 31 29 27 26 26 26 26 26 26 26 26 23 23 23 23 22 21 21 21 20 20 18 18 18 18 17 17 16 15 15 13 13 13 13 12 11 11 10 8 8 8 8 8 8 8 8 8 8 7 7 5 5 5 5 5 4 3 3 3 3 3 3 3 3 3 3 3 3 3 2 2 2 2 2 2 1 1 1 1 1 1 1 1 1 1 1 
114 110 110 92 92 88 83 80 76 75 73 70 68 68 64 64 64 62 62 60 58 58 54 53 49 49 49 45 41 41 41 41 41 39 39 37 36 34 34 34 32 31 31 31 27 26 26 26 26 26 26 25 25 22 22 22 22 22 22 21 21 20 20 17 16 16 15 12 12 12 11 11 11 11 10 10 10 9 8 8 7 7 7 6 6 6 6 6 6 6 5 5 5 5 5 5 5 3 3 3 3 3 3 3 3 3 3 3 3 3 3 3 2 2 1 1 1 1 1 1 1 1 1 1 
108 105 101 92 88 83 80 79 76 75 71 68 67 67 63 62 58 56 56 53 51 49 49 47 47 47 47 45 41 41 40 39 38 36 36 35 33 33 33 31 31 31 30 29 27 26 26 26 24 23 23 23 21 21 21 21 21 21 19 18 18 18 17 16 10 10 10 7 6 6 6 6 6 6 6 6 6 6 6 6 6 6 6 6 6 6 6 6 5 5 5 5 5 5 5 5 4 3 3 3 3 3 3 3 2 2 2 2 2 2 2 2 2 1 1 1 1 
108 100 97 92 86 82 78 78 75 75 68 68 67 64 63 56 56 53 52 52 51 48 48 46 46 46 45 45 41 40 39 38 36 35 35 34 33 33 32 31 30 29 29 28 26 26 26 24 24 23 22 22 21 21 21 20 19 19 19 18 14 14 14 13 9 7 7 7 6 6 6 6 6 6 6 6 6 6 6 6 6 6 6 6 5 5 5 4 4 3 3 3 3 3 3 3 3 3 3 3 3 3 3 3 2 2 2 2 2 2 2 2 1 1 1 1 
108 87 84 84 82 79 77 74 72 71 67 63 63 62 62 56 55 51 49 48 47 47 47 46 45 45 39 38 38 36 35 34 34 34 34 32 31 31 31 30 30 27 27 26 26 26 22 21 21 21 21 20 20 20 19 19 17 17 16 15 14 13 11 11 9 7 7 6 6 6 6 6 6 6 5 5 5 5 4 4 4 4 4 4 4 4 4 4 4 3 3 3 3 3 3 3 3 3 3 3 3 3 3 3 2 2 2 2 2 2 2 2 1 1 1 
108 83 81 79 79 78 75 71 69 67 66 63 58 55 55 55 54 51 47 47 47 47 47 45 42 39 38 38 37 36 35 34 34 33 33 32 30 30 29 28 27 23 23 23 22 22 21 21 20 20 19 18 18 17 16 16 16 16 14 11 11 11 10 10 8 6 6 6 6 6 6 6 6 6 5 5 4 4 4 4 4 4 4 4 4 3 3 3 3 3 3 3 3 3 3 3 2 2 2 2 2 2 2 2 2 2 2 1 
108 80 80 78 78 77 70 70 66 65 63 62 57 55 55 51 51 51 47 47 47 47 43 37 37 37 37 36 36 35 35 34 33 30 30 30 28 28 25 24 23 23 22 22 21 21 21 21 19 19 18 18 18 17 16 14 14 10 10 10 10 9 9 8 7 6 6 6 6 6 6 6 6 5 5 5 4 4 4 4 4 4 4 4 4 3 3 3 3 3 3 2 2 2 2 2 2 2 2 2 2 2 2 2 1 1 1 1 
108 80 79 74 74 74 61 61 60 58 56 56 55 55 54 50 50 50 47 45 45 42 42 37 37 35 31 31 30 30 30 30 29 29 29 26 26 25 23 23 23 22 22 22 21 21 20 20 19 19 18 16 15 15 15 14 12 10 10 10 9 9 8 8 6 6 6 6 6 6 6 5 5 5 5 4 4 4 4 4 4 4 4 3 3 3 3 3 3 3 2 2 2 2 2 2 2 2 1 1 1 1 
104 78 77 74 74 72 61 59 59 55 53 52 52 52 52 50 49 48 45 45 40 40 38 37 31 31 30 30 30 30 30 29 29 29 27 26 26 25 23 22 22 22 22 21 21 20 19 19 18 18 17 15 13 13 12 12 10 10 9 9 9 9 6 6 6 6 6 6 6 6 6 5 5 4 4 4 4 4 4 4 3 3 3 3 2 2 2 2 2 2 1 1 1 1 1 1 1 1 
99 78 76 72 71 70 58 58 55 55 53 52 52 51 51 48 45 45 42 41 40 38 36 36 31 31 30 29 29 29 29 29 27 27 26 25 25 25 23 22 22 20 20 20 20 17 17 17 17 16 16 15 13 13 11 11 10 10 9 9 8 8 6 6 6 6 6 6 6 6 5 5 5 4 4 4 3 3 3 3 2 2 2 2 2 2 2 2 1 1 1 1 1 1 1 1 
98 76 76 69 69 67 58 56 55 52 52 51 51 49 48 46 43 38 38 38 37 36 35 35 30 30 30 29 29 29 29 27 27 26 25 21 21 20 20 20 20 19 19 17 17 17 17 16 16 15 15 13 13 10 10 10 10 10 9 9 8 8 6 6 6 6 6 6 6 5 5 5 2 1 1 1 1 1 1 1 1 1 1 1 1 1 1 1 1 1 1 1 
96 75 72 69 68 66 55 54 53 52 52 51 51 49 48 39 39 38 38 38 34 32 32 32 30 30 29 28 28 28 26 26 25 24 23 20 20 19 19 19 19 19 19 17 17 17 16 15 15 14 14 13 13 10 10 10 9 9 9 8 8 8 6 6 6 6 6 6 6 3 3 3 2 1 1 1 1 1 1 1 1 1 1 1 1 1 1 1 1 1 1 
92 74 72 69 68 66 55 52 52 51 50 50 50 46 43 39 38 37 35 35 34 32 32 32 30 30 28 28 28 27 25 25 23 23 22 20 20 19 19 19 19 17 17 17 16 14 14 14 14 13 13 13 12 10 10 9 9 9 9 8 8 7 6 6 6 6 4 3 3 3 3 3 1 1 1 1 1 1 1 1 1 1 
90 74 70 69 67 65 55 52 52 49 49 49 48 42 42 38 38 37 35 35 33 32 31 31 30 29 26 26 26 26 25 22 22 22 21 18 18 15 15 14 14 14 13 13 13 13 13 13 13 13 13 11 11 10 10 9 9 9 9 7 7 7 6 5 4 3 3 3 3 3 3 2 1 1 1 1 1 1 1 1 
85 72 70 69 65 63 55 52 51 49 49 49 45 42 40 37 35 35 34 31 31 31 31 31 29 28 26 26 26 26 23 22 19 19 19 17 16 15 15 13 13 13 13 13 12 12 12 12 12 11 11 11 11 10 10 8 8 8 7 7 7 6 4 4 3 3 3 3 3 2 1 1 1 1 1 1 1 1 1 1 
78 72 70 67 65 59 55 52 50 48 46 45 45 42 36 36 35 34 33 31 31 31 31 31 29 27 26 26 25 25 22 22 19 19 19 17 15 14 13 13 13 13 13 13 12 12 12 12 11 11 11 10 10 10 9 8 7 7 7 6 5 4 4 4 3 3 3 3 2 1 1 1 1 1 1 1 1 1 1 
77 72 69 62 61 59 55 45 45 44 44 44 43 42 36 34 33 32 32 31 31 30 30 29 29 27 26 24 24 24 22 20 19 17 16 16 15 13 13 13 13 13 13 13 12 12 11 11 11 11 10 10 8 8 8 7 7 7 6 6 5 4 4 3 3 3 3 2 2 1 1 1 1 1 1 1 
77 69 67 60 59 58 55 45 44 44 41 41 41 41 36 34 32 31 31 31 30 30 30 28 26 26 25 24 23 22 20 19 19 16 16 15 14 13 13 13 13 13 12 11 11 11 11 11 10 10 8 8 7 7 6 5 5 5 5 5 4 4 3 2 2 2 2 2 2 1 1 1 1 1 1 1 
75 69 66 59 58 55 52 45 44 41 41 41 41 36 34 32 31 31 31 30 29 29 27 27 26 23 23 20 20 20 20 17 17 15 15 15 13 13 11 11 11 10 9 9 9 9 9 9 9 7 7 7 5 5 4 4 4 4 4 3 2 2 2 2 2 2 1 1 1 1 1 1 1 1 
67 67 63 59 56 55 52 45 43 41 41 41 41 35 34 32 31 30 30 30 29 27 27 26 24 23 22 20 20 20 19 16 16 15 15 15 13 13 11 11 9 9 9 9 9 9 9 9 7 6 6 6 5 4 4 4 4 4 2 2 2 2 2 2 2 2 1 1 1 1 
65 61 54 54 52 49 44 44 43 41 41 40 40 34 33 32 29 29 29 29 27 27 26 24 23 22 22 20 19 18 18 16 16 15 15 13 13 11 10 9 9 9 9 9 9 9 9 9 6 5 5 5 4 4 4 4 3 2 2 2 2 2 1 1 1 1 1 1 1 1 
64 60 52 51 49 49 44 44 43 39 38 38 38 33 33 30 29 29 28 28 27 26 24 23 22 20 20 18 18 18 18 16 15 15 15 13 13 11 10 9 9 9 9 9 9 8 8 8 5 5 5 5 4 4 4 4 2 2 2 2 2 2 1 1 1 
63 58 52 48 45 45 44 44 42 38 38 37 37 32 29 29 28 28 28 28 25 23 23 22 22 19 18 17 16 16 16 16 14 14 14 13 13 10 10 9 9 9 9 9 9 8 8 8 5 4 4 4 4 4 4 4 2 2 2 2 2 1 1 1 1 
56 56 50 48 45 44 42 42 41 38 38 37 36 32 28 28 27 26 26 25 21 20 20 20 19 18 17 16 16 16 16 14 14 14 12 12 12 10 10 9 9 9 9 8 6 6 6 6 4 4 4 4 4 4 4 4 2 2 2 2 1 1 1 1 
53 53 50 48 45 43 42 41 40 38 37 37 36 31 28 27 27 26 25 25 20 20 20 16 16 16 16 16 16 13 13 13 13 13 12 12 11 10 9 9 8 8 8 8 6 6 6 6 4 4 4 3 3 3 2 2 2 1 1 1 1 1 1 1 
53 52 50 48 44 43 41 38 34 34 32 30 30 30 28 25 25 25 25 24 20 20 20 16 16 16 15 14 14 13 13 13 12 12 11 10 10 9 8 8 8 8 7 6 6 5 5 5 4 4 4 3 3 3 2 1 
53 50 49 47 43 43 36 32 32 32 30 30 30 28 28 25 24 22 21 21 20 19 19 16 16 15 14 14 11 11 11 11 11 11 11 10 10 8 8 8 8 8 7 6 5 5 5 5 4 4 4 3 3 1 1 1 
53 50 49 46 43 43 32 29 29 28 28 27 27 27 27 25 22 22 20 19 19 19 17 16 16 13 13 12 11 11 11 11 11 11 10 10 10 8 7 7 7 7 7 5 5 5 5 5 4 2 2 1 1 
53 50 47 46 43 42 32 29 29 28 27 27 27 26 26 24 21 20 19 18 18 18 16 16 14 12 11 11 11 11 11 11 11 11 10 9 9 7 7 7 7 6 6 5 5 5 4 4 4 2 2 
50 49 42 42 42 41 30 29 29 28 27 27 26 25 25 23 21 19 18 18 18 17 16 15 14 12 11 11 11 11 10 10 10 10 9 9 9 7 7 5 5 5 5 4 4 4 4 3 3 2 2 
47 47 42 41 41 38 29 29 29 26 26 25 25 24 23 22 21 19 18 18 17 16 15 13 13 11 11 11 11 11 10 10 9 9 9 9 8 7 6 5 4 4 4 4 3 3 3 2 1 1 
47 43 42 41 41 37 29 29 29 26 24 22 21 21 21 20 19 18 17 17 16 15 14 13 13 11 11 11 11 11 9 9 7 7 7 7 7 6 5 3 3 3 3 3 2 2 2 1 1 1 
46 43 41 41 41 34 29 29 29 26 22 20 20 20 20 19 18 17 16 16 14 14 13 12 12 11 11 10 9 9 9 9 7 7 7 7 7 5 5 3 3 3 3 3 2 1 1 1 1 1 
46 43 41 40 38 33 29 29 29 25 21 20 20 20 17 16 15 15 15 15 14 14 12 12 12 11 11 10 9 9 9 9 7 7 7 7 5 5 3 3 3 3 3 3 2 1 1 1 1 1 
44 43 40 40 38 33 29 29 25 25 21 20 20 20 17 16 15 15 15 14 13 12 12 12 12 11 11 10 9 7 7 7 7 7 6 6 5 3 3 2 2 2 2 1 1 1 1 1 1 1 
42 42 40 40 32 32 29 29 23 23 20 20 20 20 16 16 15 14 14 14 13 12 12 12 11 11 10 9 9 7 7 7 4 4 4 4 4 3 3 2 2 2 1 1 1 1 
42 42 40 40 32 31 25 25 23 23 20 20 20 17 15 15 14 14 14 13 13 12 12 11 10 10 10 8 8 7 7 6 4 4 4 4 3 3 1 1 1 1 1 1 1 
42 41 40 38 32 29 25 25 23 23 20 19 19 17 15 15 14 14 14 11 11 11 11 11 10 9 9 8 8 7 6 4 4 4 4 3 3 2 1 1 1 1 1 1 
42 40 39 36 32 28 25 25 23 21 20 18 17 17 15 15 14 14 13 11 11 10 10 10 10 9 9 8 7 7 6 4 4 4 4 3 3 1 1 1 1 1 1 
42 38 36 36 32 27 24 24 21 19 19 17 17 15 14 14 14 14 13 11 10 10 10 10 10 9 9 8 7 7 6 4 3 3 3 3 3 1 1 1 1 1 1 
42 37 36 33 30 24 24 24 20 19 18 17 17 15 14 14 14 12 11 11 10 10 10 10 9 8 8 8 7 5 4 3 3 3 3 2 2 1 1 1 1 
42 37 36 33 30 24 23 21 20 18 18 16 16 14 14 12 12 12 11 11 10 10 10 10 8 8 8 8 6 4 3 3 3 3 1 1 1 1 1 1 1 
42 36 33 30 30 22 22 21 20 16 16 16 16 14 14 12 11 11 11 11 8 8 8 8 8 8 8 7 5 3 3 3 3 2 1 1 1 1 1 1 
41 36 33 30 28 22 22 21 19 16 16 16 14 14 12 12 11 11 11 8 8 8 8 8 8 8 8 6 4 3 3 3 3 2 1 1 1 1 1 1 
41 36 33 29 24 22 22 21 19 16 16 16 14 13 12 11 11 11 10 8 8 8 8 8 8 8 7 5 4 3 3 2 2 1 1 1 1 1 1 1 
40 36 33 29 24 22 21 19 18 16 16 15 14 11 11 11 11 10 10 8 8 8 8 8 7 7 6 5 4 3 3 1 1 1 1 1 1 1 1 1 
39 36 33 29 24 21 18 18 17 16 16 14 13 11 11 11 11 10 9 8 8 7 7 7 7 7 6 4 4 2 1 1 1 1 1 1 1 1 1 
39 34 33 26 22 21 16 16 16 15 15 14 13 11 11 11 10 10 8 8 8 7 7 7 7 7 5 4 3 2 1 1 1 1 1 1 1 1 1 
38 33 33 25 22 21 16 15 15 14 14 14 12 11 11 10 10 10 8 8 7 7 7 7 6 5 5 4 3 2 1 1 1 1 1 1 1 1 1 
38 33 30 25 22 21 14 14 14 14 14 14 11 10 10 10 10 10 8 8 7 7 6 6 5 5 5 2 2 1 1 1 1 1 1 1 
37 32 29 24 22 20 14 14 14 14 13 13 10 10 10 7 7 7 7 7 7 6 5 5 5 5 2 2 2 1 1 1 1 1 1 
35 32 27 22 21 18 14 14 14 13 13 13 10 10 10 7 7 7 7 7 7 5 5 5 5 4 2 2 2 1 1 1 1 1 1 
33 31 25 22 21 17 14 13 13 13 13 12 10 10 10 7 7 7 7 6 6 5 5 5 5 4 2 2 1 1 1 1 1 
32 31 25 21 20 16 14 13 13 13 13 12 10 10 10 7 7 6 6 6 6 5 5 4 4 4 2 1 1 1 1 1 1 
32 30 25 21 19 16 14 13 13 13 12 12 10 10 9 7 7 6 6 6 5 5 5 4 4 4 2 1 1 1 1 1 1 
32 29 24 21 18 15 13 13 13 12 12 12 10 10 9 7 7 5 5 5 5 5 5 4 4 4 2 1 1 1 1 1 1 
32 25 24 20 17 15 13 13 13 12 12 11 10 9 9 6 6 5 5 5 5 4 4 4 4 3 2 1 1 1 1 1 1 
32 24 24 17 15 15 12 12 12 12 12 11 10 9 8 6 6 5 4 4 4 4 4 4 4 3 2 1 1 1 1 1 
31 22 22 17 15 14 12 12 12 12 11 11 9 9 6 6 6 5 4 4 4 4 4 4 4 3 2 1 1 1 
29 22 21 17 15 14 12 12 12 11 11 11 9 7 6 6 5 4 4 4 4 4 4 4 4 3 1 1 1 
29 22 21 15 15 14 12 12 12 10 10 10 9 7 6 5 4 4 4 4 4 4 4 4 4 3 1 1 
28 22 21 15 15 13 12 12 11 10 10 10 9 7 6 5 4 4 4 4 4 4 3 3 3 3 1 1 
28 22 21 15 14 13 12 11 11 10 10 10 9 7 5 4 4 4 4 4 4 4 3 3 3 3 1 1 
27 22 21 15 14 12 11 11 11 9 9 8 8 6 5 4 4 4 4 4 4 3 3 3 3 3 1 1 
26 21 21 15 14 12 11 11 11 8 8 8 8 6 5 4 4 4 4 4 3 3 3 3 3 2 1 
25 21 20 15 14 12 11 11 11 8 8 8 8 6 5 4 4 4 4 3 3 3 3 2 2 2 
23 20 19 15 14 11 11 11 11 8 8 8 8 5 4 4 4 4 3 3 3 3 2 2 2 2 
22 19 19 15 14 11 11 10 10 8 8 8 6 5 4 4 4 4 3 3 3 2 2 2 2 1 
22 19 17 15 14 11 11 10 10 8 8 8 6 5 4 4 4 4 3 2 2 2 2 1 
22 18 17 15 13 11 11 10 10 8 8 7 5 4 4 4 4 3 3 2 2 2 
21 18 17 15 12 11 10 10 8 8 8 6 5 4 4 4 3 3 3 2 2 2 
21 18 17 15 12 11 10 9 7 7 7 6 4 4 4 4 3 3 2 1 
21 18 17 14 12 10 9 8 7 7 7 6 4 4 4 4 3 2 2 1 
20 18 17 14 11 10 9 8 7 7 6 5 4 4 4 4 3 2 2 
20 18 15 12 11 10 8 8 7 7 6 5 4 4 4 2 2 2 2 
20 18 15 12 11 10 8 8 6 6 6 5 4 4 4 2 2 1 1 
20 17 14 12 11 10 8 7 6 6 5 5 4 3 3 2 2 
20 17 14 12 11 9 8 7 6 6 5 5 4 3 3 2 2 
20 17 14 12 11 9 8 7 6 6 5 5 4 3 3 2 2 
19 17 14 12 11 9 6 6 6 5 5 4 3 3 2 2 1 
19 17 14 12 11 9 6 6 5 5 5 3 3 2 2 2 1 
18 17 14 12 9 9 5 5 5 5 5 3 2 2 1 1 1 
18 17 14 11 9 8 5 5 5 5 4 3 2 2 1 
16 15 12 11 9 8 5 5 5 5 3 3 2 1 1 
15 14 12 10 8 8 5 5 5 4 3 1 1 1 1 
13 13 11 10 8 8 5 5 5 3 2 1 1 1 
13 13 11 8 7 7 5 5 5 2 2 1 1 1 
13 11 10 8 7 7 5 5 4 2 2 1 1 1 
11 10 10 8 7 5 5 4 4 2 2 1 1 1 
11 9 9 8 7 5 5 4 4 2 2 1 1 
10 9 9 8 6 5 4 4 4 2 2 1 1 
10 9 9 8 5 4 4 4 2 2 1 1 1 
9 9 9 7 5 4 4 4 2 1 1 1 1 
9 9 9 7 5 4 4 4 2 1 1 1 1 
9 9 9 7 5 4 4 4 2 1 1 1 1 
9 9 9 5 5 4 4 4 2 1 1 1 1 
9 9 8 5 5 4 4 3 2 1 1 1 1 
9 8 7 5 5 4 3 3 2 1 1 1 
9 8 6 5 4 4 3 2 2 1 1 1 
9 7 5 4 4 4 3 2 1 1 1 
9 7 5 4 4 3 3 2 1 1 1 
9 6 5 4 4 3 3 2 1 1 
9 6 5 4 4 3 2 2 1 1 
7 6 5 4 3 3 2 2 1 1 
7 6 5 4 2 2 2 2 1 1 
7 6 5 4 2 2 2 1 1 
7 6 5 3 2 2 2 1 
6 6 4 3 2 2 1 1 
6 5 4 3 2 2 1 
6 4 4 3 2 2 
6 4 4 3 2 1 
6 4 4 2 2 1 
5 4 4 2 2 1 
5 4 4 2 2 1 
5 4 4 2 2 1 
5 4 4 2 2 1 
5 4 3 2 2 1 
5 4 3 2 2 1 
4 4 3 2 2 1 
4 4 3 1 1 
4 4 3 
4 4 2 
4 3 1 
4 3 1 
4 3 1 
3 3 
3 3 
3 3 
3 2 
3 2 
3 1 
3 1 
3 1 
3 1 
3 1 
3 1 
3 1 
3 
3 
3 
3 
3 
3 
3 
3 
2 
2 
2 
2 
1 
1 
1 
1 
1 
1 
1 
1 
1 
1 
1 
1 
1 
1 
1 
