176 154 152 138 135 130 129 129 121 116 107 100 97 97 95 94 94 94 89 88 86 84 84 80 79 74 70 69 68 68 66 65 64 63 54 54 54 54 54 54 50 49 48 46 45 43 41 40 40 40 39 39 38 38 36 36 36 36 36 36 35 33 33 32 32 30 29 27 26 22 21 21 21 21 21 21 20 20 20 19 19 19 19 18 17 16 16 16 16 16 16 16 16 16 14 14 14 14 11 11 11 10 10 10 10 10 10 7 7 7 7 7 7 6 6 6 6 6 6 6 6 6 6 6 6 5 5 5 5 5 5 5 4 4 4 4 3 3 3 3 3 3 2 1 1 1 1 1 1 1 1 1 1 1 
156 152 145 129 123 115 114 114 106 103 96 95 95 93 93 87 78 78 78 76 75 75 74 73 72 67 67 67 61 60 58 58 58 57 54 54 52 52 50 50 48 46 42 42 41 41 41 40 38 38 37 37 37 36 35 35 35 33 31 27 27 27 22 20 19 19 19 19 19 18 18 18 18 17 17 17 17 17 17 17 17 16 16 16 16 15 15 15 15 14 13 13 13 13 13 11 11 11 9 9 8 8 8 8 7 7 7 7 7 4 4 4 4 4 4 4 4 4 4 4 4 4 4 4 3 3 3 3 3 3 3 2 2 2 2 2 2 2 2 2 2 2 1 1 1 1 1 
154 150 133 123 119 114 111 106 91 91 88 85 85 84 82 77 77 76 73 71 68 67 67 67 64 62 62 59 57 55 55 54 54 52 52 49 49 49 42 41 41 40 40 40 38 37 37 35 34 34 34 34 34 34 32 29 29 25 23 23 22 22 21 19 19 18 18 18 17 17 17 15 15 15 15 15 10 10 10 10 10 10 10 10 10 10 10 9 9 9 9 9 8 8 8 8 8 8 6 5 5 5 4 4 4 4 4 4 4 4 3 3 2 2 2 2 2 2 2 2 2 2 2 2 2 2 2 2 2 2 2 2 2 2 1 1 1 1 1 1 1 1 1 1 
123 121 121 117 116 112 110 104 87 87 87 80 80 75 73 71 70 70 68 66 66 63 62 59 59 55 55 55 52 50 48 48 47 46 44 44 44 44 41 41 38 38 38 37 36 36 35 34 34 30 30 30 30 23 23 23 23 23 22 21 21 21 21 19 16 16 16 14 12 12 12 12 12 12 11 11 10 10 9 9 9 9 9 9 9 9 9 8 8 8 8 8 8 8 7 6 5 5 5 5 4 4 4 4 4 4 3 3 2 2 2 2 2 2 2 2 2 2 2 2 2 2 2 2 2 2 2 2 2 1 1 1 1 1 1 1 1 1 1 1 
121 121 120 115 110 99 95 95 87 86 80 80 73 73 68 66 63 63 63 61 59 58 58 58 58 55 54 53 51 48 48 48 46 46 44 44 43 42 40 40 37 31 31 30 29 29 29 29 29 29 29 29 29 23 23 23 21 21 21 21 21 21 19 19 16 16 14 13 12 12 12 12 11 11 11 10 10 10 9 9 9 9 9 9 9 9 9 8 8 8 8 8 7 6 5 5 4 4 4 4 3 3 3 3 3 3 3 3 2 2 2 2 2 2 2 2 2 2 2 2 2 1 1 1 1 1 1 1 1 1 1 1 1 1 1 1 1 1 
121 121 117 113 103 91 91 91 86 80 77 74 69 67 65 64 63 63 62 59 57 56 56 55 52 51 50 50 50 47 46 46 43 43 41 39 38 38 36 36 34 30 30 29 29 28 28 28 28 27 25 25 24 23 23 22 21 20 20 19 18 18 17 15 15 14 14 12 12 12 12 12 11 11 9 9 9 9 9 9 8 7 6 6 6 6 6 6 6 6 6 5 5 5 5 5 3 3 3 3 3 3 3 3 3 3 3 2 2 2 2 2 2 2 2 2 2 2 1 
121 117 113 109 97 91 91 90 82 77 77 68 67 64 62 62 60 58 58 54 54 54 54 51 51 50 50 48 47 46 44 43 41 40 40 37 37 35 35 34 30 29 29 28 28 28 28 26 24 24 24 24 24 23 22 21 20 18 18 16 15 15 15 14 13 12 11 11 11 11 9 9 9 9 9 9 9 9 8 8 7 6 6 6 6 6 6 4 4 4 4 4 4 4 3 3 3 3 3 3 3 3 3 3 3 2 2 2 2 2 2 2 2 2 2 1 1 
121 109 106 104 93 90 86 84 77 72 72 66 65 64 62 62 59 57 57 54 52 48 44 44 44 44 41 41 39 39 39 39 35 35 33 30 30 30 30 30 29 28 28 28 27 27 27 25 24 24 24 24 22 21 20 19 18 17 15 15 15 15 14 13 12 12 11 11 11 11 9 8 8 8 8 8 7 7 6 6 6 6 6 6 6 4 4 4 4 4 4 4 4 4 3 3 3 3 3 3 3 3 2 2 2 2 2 2 2 2 1 1 1 1 1 
119 104 102 96 93 89 85 79 74 71 71 66 64 62 62 54 53 52 52 51 48 47 43 43 43 43 40 40 38 38 37 36 34 31 30 30 30 29 29 29 28 28 27 27 27 26 26 25 24 23 21 21 20 18 18 18 16 16 13 12 12 12 12 12 11 11 11 9 9 9 9 8 8 8 8 7 7 7 6 6 6 6 6 6 6 4 4 4 4 4 3 3 3 3 3 3 3 3 3 2 2 1 1 1 1 1 1 1 
112 102 98 95 91 87 85 72 69 68 67 65 64 61 60 54 53 51 47 45 44 42 42 41 41 39 39 37 36 36 35 33 33 31 30 30 29 29 29 29 27 27 27 27 26 25 25 23 23 22 20 19 19 17 17 17 15 13 13 12 12 12 12 12 11 11 10 9 9 9 9 8 7 7 6 6 6 6 6 6 6 6 5 5 4 3 3 3 3 3 3 3 3 3 3 2 1 1 
112 99 93 91 87 86 79 72 69 68 65 63 59 58 56 52 48 47 45 44 43 42 41 39 36 36 36 35 35 35 33 33 32 31 30 30 29 29 28 27 27 27 27 25 25 25 22 22 22 21 20 19 18 17 16 16 15 13 13 12 12 12 12 12 11 11 9 9 9 8 8 6 6 6 6 6 6 6 6 5 5 5 4 4 3 3 3 3 2 2 2 2 2 2 1 1 1 
107 95 90 82 82 80 73 69 68 66 63 63 59 57 53 50 48 47 44 42 41 39 39 37 36 36 35 35 34 34 33 32 32 31 30 30 29 28 27 26 25 24 22 22 22 22 22 19 19 19 19 18 17 17 16 16 15 13 12 12 12 12 11 9 9 9 9 9 9 8 6 5 5 5 5 4 4 4 4 4 4 4 3 3 2 2 2 1 1 1 1 1 1 1 1 1 1 
107 93 89 81 73 73 70 69 68 65 62 57 57 51 50 47 45 42 42 41 41 39 37 36 35 35 35 34 34 33 31 31 31 31 29 29 29 27 26 25 24 23 22 20 20 20 20 19 19 18 17 17 16 15 13 13 13 13 11 11 11 11 11 9 9 9 8 8 7 6 6 5 5 5 4 4 4 4 4 4 4 4 3 3 2 2 1 1 1 1 1 1 
106 89 85 81 71 71 64 63 63 63 60 57 52 50 47 42 41 41 41 40 37 36 36 33 33 33 33 33 33 31 31 31 31 31 29 28 27 25 25 25 24 21 20 20 20 20 19 18 16 15 15 15 15 14 13 13 13 10 10 10 10 10 9 9 9 9 8 8 6 6 6 5 5 5 4 4 4 4 4 4 4 4 3 3 2 2 1 1 1 1 1 
97 88 85 70 68 64 63 63 62 60 57 57 52 50 46 41 40 39 38 37 36 35 35 33 33 32 32 32 32 31 30 27 27 27 27 25 25 23 23 22 20 19 19 19 19 19 18 16 15 15 14 14 14 14 12 12 12 10 10 10 10 10 9 9 9 8 7 6 6 6 5 5 5 5 4 4 4 3 3 3 3 3 3 2 2 2 1 1 1 1 1 
93 78 74 68 65 63 63 63 60 58 53 53 52 49 45 41 38 38 37 37 35 35 35 33 33 32 32 30 28 27 24 24 24 24 24 24 23 21 21 20 19 19 19 18 18 17 15 15 15 15 13 13 13 13 11 11 11 10 10 9 9 8 7 7 7 6 6 6 6 5 5 5 5 5 4 3 3 3 3 3 2 2 2 2 2 2 1 1 1 1 1 
91 77 74 66 65 61 60 59 55 55 50 50 50 49 41 41 38 38 36 36 34 33 32 32 32 29 27 27 27 27 24 24 24 22 22 21 20 20 20 19 18 17 14 14 14 14 14 14 14 12 12 12 12 12 11 11 11 10 10 8 8 7 7 6 6 4 4 4 4 4 4 4 4 4 3 3 3 3 3 2 2 2 2 1 1 1 1 1 
90 74 69 64 62 60 59 59 51 51 50 47 47 47 41 36 35 34 33 33 32 31 31 31 30 27 27 27 26 24 24 24 22 22 20 20 20 20 20 19 18 16 14 14 14 14 14 14 12 11 11 10 10 10 10 10 9 9 7 7 7 6 6 6 6 4 4 4 4 4 4 4 4 3 3 3 3 2 2 2 2 2 1 1 1 1 1 
87 72 66 62 61 60 57 52 51 51 48 46 44 44 41 36 34 34 31 30 30 30 30 29 28 27 27 25 25 23 22 21 21 21 20 20 20 20 20 19 17 15 14 14 14 13 13 13 12 11 11 10 9 9 9 8 7 7 6 5 5 5 5 5 4 4 4 4 4 4 4 4 3 3 3 3 3 2 2 2 2 2 
83 70 66 62 59 57 54 51 51 48 47 46 43 41 39 35 33 33 30 30 30 30 29 28 28 26 26 25 25 22 22 21 20 20 19 19 18 18 18 18 15 14 14 14 13 13 13 7 7 7 7 7 7 7 7 7 7 7 6 5 5 5 5 4 3 3 3 3 3 2 2 2 2 2 2 1 1 1 1 1 1 
76 70 66 61 59 56 54 51 50 48 45 45 42 40 38 35 33 33 30 29 29 27 27 27 26 25 25 25 25 22 21 20 20 20 18 18 18 18 18 17 14 14 14 13 12 10 10 7 7 7 7 6 6 6 5 5 5 5 5 5 5 3 3 3 3 3 3 3 2 2 2 2 2 2 1 1 1 1 
72 70 64 58 58 54 53 50 50 46 45 39 39 39 37 35 33 33 30 29 28 27 27 26 25 25 25 25 24 21 21 20 20 20 18 18 18 18 15 14 14 14 14 13 12 9 7 7 7 6 6 6 6 5 5 5 5 4 3 3 3 3 3 3 3 2 2 2 2 2 1 1 1 1 1 1 1 1 
72 70 61 58 58 51 50 50 44 44 44 39 37 37 36 34 33 33 30 28 27 27 27 26 25 25 25 23 21 21 21 20 20 18 17 17 17 17 14 14 14 14 13 13 11 9 7 7 6 6 6 6 5 5 4 3 3 3 3 3 3 3 3 3 3 2 2 2 1 1 1 1 1 1 
72 68 60 58 54 50 50 46 44 44 44 39 37 37 34 34 33 31 30 28 27 27 27 26 24 24 23 23 21 20 20 20 19 18 17 17 15 15 14 14 14 14 13 12 10 9 7 6 6 6 6 5 5 5 3 3 3 3 3 3 3 2 2 2 2 1 1 1 1 1 1 1 
72 68 60 58 54 47 47 46 44 43 42 39 37 37 34 33 31 31 30 28 27 26 26 24 24 24 23 22 21 19 19 18 16 16 16 16 15 15 14 14 14 13 12 12 10 7 7 6 6 5 5 5 5 4 3 3 3 3 2 2 2 2 2 2 2 1 1 1 1 1 
70 64 59 58 49 47 45 44 43 43 42 37 35 34 33 31 30 30 29 26 26 26 26 24 23 23 22 22 21 18 18 17 16 16 16 16 14 14 14 13 13 12 10 10 8 7 6 6 6 5 5 5 4 4 3 3 3 3 2 2 2 2 2 2 1 
70 59 58 50 48 46 45 44 43 43 40 37 34 34 33 30 30 27 27 24 23 23 22 22 22 22 20 19 19 17 17 16 16 16 16 15 14 14 14 13 10 10 10 9 7 7 6 6 5 5 4 4 4 3 2 2 2 2 2 1 1 1 
63 59 58 49 44 44 44 43 37 36 36 36 34 32 30 30 30 27 27 23 23 22 22 22 22 21 20 19 16 16 15 13 13 13 13 10 10 10 9 9 9 9 9 8 6 6 6 5 4 4 4 4 3 3 2 2 1 1 1 1 1 1 
60 59 57 47 44 44 44 40 37 36 36 35 34 30 29 28 26 26 24 22 22 21 21 20 20 19 19 17 16 16 14 13 13 13 13 10 10 10 9 9 9 8 7 7 6 6 5 5 4 4 4 3 3 2 2 2 1 1 1 1 
57 56 56 47 44 44 43 40 36 36 36 35 30 30 27 25 24 24 22 21 21 21 21 20 19 19 18 17 16 16 13 13 13 13 13 10 10 10 9 9 8 8 7 7 6 6 4 4 3 3 3 3 3 2 2 1 1 1 1 
57 55 52 43 43 43 42 38 36 36 35 34 29 28 27 24 24 24 21 21 21 20 20 19 19 18 17 17 16 16 13 13 13 13 13 10 10 10 9 8 8 7 7 7 5 4 4 4 3 3 2 2 2 2 2 1 1 1 1 
55 55 52 43 42 41 41 38 36 36 34 33 28 28 25 24 24 24 21 21 21 20 19 19 17 16 15 15 15 14 13 13 13 13 11 9 9 9 7 7 7 7 7 4 4 4 4 4 3 3 2 2 2 2 1 1 1 1 1 
55 55 52 43 42 39 38 38 36 34 34 31 28 28 25 24 23 22 21 21 20 19 19 18 16 16 14 13 13 13 12 12 12 12 11 9 9 8 7 7 7 7 7 4 4 4 4 4 3 3 2 2 2 2 1 1 1 1 
55 55 52 43 42 38 38 37 35 34 29 28 27 26 24 23 23 22 21 20 20 18 15 15 15 15 14 13 13 13 12 12 12 12 11 9 8 8 7 6 6 6 6 4 4 4 4 4 3 3 2 2 1 1 1 1 
55 54 49 43 42 38 37 35 31 31 28 27 26 26 21 21 21 21 21 20 20 18 15 15 15 14 14 13 12 12 12 12 11 11 10 9 8 7 6 6 6 5 5 4 4 4 4 3 2 2 2 2 1 1 
55 52 48 42 41 37 37 34 30 30 28 26 23 23 21 21 21 21 20 19 18 18 15 15 13 13 13 12 12 12 12 10 10 9 9 9 7 7 6 6 6 5 4 4 4 3 3 2 1 1 1 1 
55 50 48 40 40 36 35 34 30 30 24 24 21 21 21 21 21 20 19 18 17 16 14 14 13 12 12 12 12 12 12 10 10 9 9 8 7 6 6 6 6 4 4 4 4 3 3 2 1 1 1 1 
54 49 48 40 39 36 35 33 30 26 24 23 21 21 21 21 21 20 18 15 15 15 13 12 12 12 12 12 11 11 11 9 9 8 7 6 6 6 6 6 6 4 4 4 4 3 3 2 1 1 1 1 
54 48 45 39 37 36 34 31 30 25 24 23 21 21 21 21 21 19 15 15 14 13 13 12 12 11 11 11 11 10 10 9 9 8 7 6 6 6 6 5 5 4 4 4 3 2 2 1 1 1 1 1 
52 47 45 39 37 35 33 31 30 25 23 23 21 21 21 19 19 16 14 14 14 13 13 12 11 11 11 11 11 9 9 9 9 8 6 6 6 6 5 5 4 4 4 4 2 2 2 1 1 1 1 
50 45 42 38 37 35 33 31 30 25 23 23 20 20 20 19 19 16 14 14 13 13 13 12 11 11 11 10 10 9 9 9 8 7 6 6 6 6 5 5 4 4 2 2 2 2 1 1 1 
50 43 42 38 37 35 33 28 25 24 21 21 20 20 20 19 17 16 13 13 13 13 13 12 11 11 10 10 10 9 8 7 7 6 6 6 6 4 4 3 3 3 2 2 2 1 
47 42 42 37 37 35 31 28 23 23 20 20 20 20 17 17 16 16 13 13 13 13 13 12 11 10 10 10 8 7 7 6 6 6 5 5 5 4 4 3 3 3 1 1 1 
47 42 42 37 35 34 31 27 23 23 19 19 18 18 17 17 16 15 13 13 13 13 12 12 11 10 9 6 6 5 5 5 5 4 4 4 4 3 2 2 2 1 1 1 1 
47 41 40 35 34 34 29 25 23 23 19 19 18 17 17 17 15 15 13 13 13 11 11 10 9 9 8 6 5 5 5 5 5 4 4 4 4 3 2 2 2 1 1 1 
46 41 40 35 33 32 29 25 23 23 19 19 18 17 17 17 15 14 12 12 12 11 10 10 9 9 7 6 5 5 5 5 5 3 3 3 3 3 2 2 2 1 1 1 
44 41 38 34 33 32 28 24 23 22 19 19 17 17 17 14 14 12 12 12 11 10 10 8 8 8 7 6 5 5 5 4 3 3 3 3 3 2 2 2 1 1 1 1 
43 40 36 34 31 30 28 24 23 22 19 19 16 16 15 13 13 12 12 11 10 10 9 8 8 8 7 5 5 5 5 3 3 3 3 3 3 2 2 2 1 1 
42 39 36 30 30 30 24 22 22 21 19 16 16 16 12 12 12 11 11 11 10 10 9 8 7 7 7 5 5 5 5 3 3 3 2 2 2 2 2 2 1 
37 35 35 30 30 30 23 22 21 21 19 16 16 15 12 12 12 11 11 10 10 10 9 7 7 7 5 5 5 5 4 3 3 2 2 2 2 2 2 1 1 
36 35 35 30 30 28 23 21 21 21 18 16 16 15 12 12 12 11 11 8 8 8 7 7 6 5 5 4 4 4 2 2 2 2 2 2 2 2 2 
36 35 34 29 28 28 21 21 20 18 17 16 15 15 12 12 12 10 10 8 8 8 5 5 5 5 4 4 3 2 2 2 2 2 2 1 1 1 1 
34 34 31 29 28 27 20 19 19 17 17 16 15 14 12 12 12 10 10 8 8 8 5 5 5 4 4 3 3 2 2 2 1 1 1 1 1 1 1 
34 31 29 27 26 25 19 19 19 17 17 15 14 14 12 12 11 10 10 8 8 6 5 4 4 3 3 3 3 2 2 2 1 1 1 1 1 1 1 
32 29 27 26 25 24 19 19 19 17 17 15 14 14 12 11 11 10 8 8 8 5 4 3 3 3 3 2 2 2 2 2 1 1 1 1 1 1 
32 27 27 26 24 21 19 19 18 17 16 14 14 14 12 11 8 8 8 8 7 3 3 3 3 3 2 2 2 2 2 2 1 1 1 1 1 1 
31 27 27 25 24 21 18 18 18 17 15 13 13 13 12 11 8 8 8 7 6 3 3 3 3 3 2 2 2 2 2 2 1 1 1 1 1 1 
31 27 25 25 24 21 18 18 18 16 15 13 13 12 9 9 8 8 8 6 5 3 3 3 2 2 2 2 2 2 2 1 1 1 1 1 1 1 
29 27 25 23 23 21 18 18 18 16 15 13 12 11 9 9 8 8 8 6 5 3 3 3 2 2 2 2 2 1 1 1 1 1 1 1 1 1 
28 27 25 23 23 20 18 17 17 16 15 13 12 10 9 9 8 7 7 5 5 3 3 3 2 2 2 1 1 1 1 1 1 1 1 1 1 
25 24 24 23 20 19 18 17 17 16 14 13 12 10 9 8 7 7 7 5 5 3 3 3 2 2 2 1 1 1 1 1 1 
24 24 23 23 20 18 18 17 16 13 13 11 11 10 9 8 7 6 6 5 5 3 3 3 2 2 2 1 
24 24 23 22 19 18 17 17 16 13 13 11 10 9 9 8 6 5 5 5 4 3 3 3 2 2 2 1 
22 21 20 18 18 18 17 16 13 13 13 9 9 9 9 7 6 5 5 5 4 3 3 2 2 2 1 1 
22 21 20 17 17 16 15 15 13 13 13 9 9 9 8 7 6 5 5 3 3 3 2 2 2 2 1 1 
22 19 19 16 16 14 14 14 13 13 12 9 9 9 7 7 5 5 5 3 3 2 2 2 2 1 1 1 
22 18 18 16 16 14 14 14 13 11 11 9 9 9 7 6 5 2 2 2 2 2 2 2 1 1 
22 18 18 16 14 14 14 14 12 11 11 9 9 7 6 6 5 2 2 2 2 2 2 2 1 1 
22 18 17 16 14 14 14 14 12 11 10 9 9 7 6 5 5 2 2 2 2 2 2 2 1 1 
21 18 17 15 14 14 14 13 11 11 10 9 6 6 6 5 5 2 2 2 2 2 2 2 
21 17 17 15 14 13 13 11 10 10 9 9 6 6 6 5 4 2 2 2 2 2 2 2 
20 17 16 15 14 13 13 11 10 10 9 9 6 6 4 4 3 2 2 2 2 2 2 2 
19 17 16 14 13 12 12 11 10 9 9 9 6 6 4 4 3 2 2 2 2 2 2 2 
19 17 16 14 13 12 11 9 8 8 8 7 5 4 4 4 3 2 2 2 2 2 2 2 
19 17 16 14 13 12 8 8 8 8 8 6 5 4 4 4 3 2 2 2 2 2 2 1 
19 17 15 14 13 12 8 8 8 6 6 6 4 4 4 4 3 2 2 2 2 2 2 1 
17 16 15 13 13 10 8 8 8 6 6 6 4 3 3 3 3 2 2 2 2 2 2 1 
16 15 14 13 13 10 8 7 7 6 6 5 3 3 3 3 2 2 2 2 2 2 1 1 
16 15 14 13 13 9 7 5 5 5 5 5 3 3 3 3 2 2 2 2 2 1 1 
15 15 14 13 10 9 6 5 5 4 4 4 3 3 3 2 2 2 2 2 1 1 1 
15 15 14 13 9 9 5 5 5 4 4 4 3 3 2 2 2 2 2 1 1 1 1 
15 15 14 12 9 8 5 5 5 4 4 3 3 3 2 2 2 2 1 1 
15 15 14 11 9 8 5 5 5 4 4 3 3 3 2 2 2 2 1 1 
15 15 14 11 9 8 5 5 4 4 4 3 3 3 2 1 1 1 1 1 
15 15 13 10 8 8 5 5 4 4 2 2 2 1 1 1 1 1 1 1 
15 15 13 9 8 8 5 5 4 2 2 2 2 1 1 1 1 1 1 1 
15 15 12 9 8 8 5 4 4 2 2 2 1 1 1 1 1 1 1 1 
15 14 12 9 8 8 5 4 4 2 2 2 1 1 1 1 1 1 1 1 
15 13 11 9 8 8 5 4 4 2 2 2 1 1 1 1 1 1 1 1 
15 13 11 9 8 6 5 4 4 2 2 2 1 1 1 1 1 1 1 1 
15 13 10 8 8 6 5 4 4 2 2 2 1 1 1 1 1 1 
13 13 10 8 7 6 5 4 4 2 2 2 1 1 1 1 1 1 
13 12 10 7 7 6 5 3 3 2 2 2 1 1 1 1 1 1 
13 12 10 7 7 6 4 3 2 2 2 1 1 1 1 1 1 
12 12 10 7 7 6 3 3 2 2 2 1 1 1 1 1 
12 12 10 7 7 5 3 3 2 2 2 1 1 1 1 1 
12 11 10 7 6 5 3 3 2 1 1 1 1 1 1 1 
12 11 9 7 5 5 3 3 2 1 1 1 1 1 1 1 
12 11 9 7 5 4 3 3 2 1 1 1 1 
12 11 9 7 5 4 3 3 1 1 1 1 1 
12 11 9 7 5 4 3 3 1 1 1 1 1 
12 11 8 7 5 4 3 3 1 1 1 1 1 
12 11 8 7 5 3 3 3 1 1 1 1 1 
12 11 8 7 4 3 3 2 1 1 1 1 1 
12 11 8 7 3 3 3 2 1 1 1 1 
11 9 8 7 3 2 2 2 1 1 1 1 
11 9 8 7 3 2 2 2 1 1 1 1 
11 9 8 6 3 2 2 2 1 1 1 1 
11 8 8 6 2 2 2 2 1 1 1 1 
11 8 8 6 2 2 2 1 1 1 1 1 
10 8 7 6 2 2 2 1 1 1 1 1 
10 8 7 5 2 2 1 1 1 1 
10 8 7 5 2 2 1 1 1 1 
9 8 6 4 2 2 1 1 1 1 
9 7 5 4 2 2 1 1 1 1 
9 6 5 4 2 2 1 1 1 
9 6 5 4 2 2 1 1 
9 6 5 4 2 2 1 1 
9 6 5 3 2 2 1 1 
9 5 5 2 2 2 1 1 
7 5 5 2 2 2 1 1 
7 5 4 2 
7 5 4 2 
7 5 4 1 
7 5 4 
7 5 3 
6 4 3 
6 4 3 
6 4 3 
6 4 2 
6 3 1 
6 3 1 
5 3 1 
5 2 1 
4 2 1 
4 2 1 
4 2 
4 1 
4 1 
3 
3 
3 
3 
3 
2 
2 
1 
1 
1 
1 
1 
1 
1 
1 
1 
1 
1 
1 
1 
1 
1 
1 
1 
1 
1 
1 
1 
1 
