175 151 148 127 121 117 115 114 112 97 95 92 87 87 83 83 82 80 80 77 77 74 67 67 66 62 60 59 59 58 58 56 55 55 55 54 54 54 52 50 49 49 48 42 42 42 42 42 42 41 39 39 37 37 37 36 34 34 34 34 32 30 28 26 25 25 25 25 25 23 23 23 23 22 22 22 21 20 19 19 19 19 19 19 19 19 18 18 18 18 18 16 16 16 15 15 15 15 13 11 11 11 10 10 9 8 8 8 7 7 6 6 6 6 6 6 6 6 6 6 6 6 6 4 3 3 3 3 3 3 3 3 3 3 3 3 3 3 3 2 2 2 2 2 2 2 1 1 1 1 1 1 1 1 1 1 1 1 1 1 1 1 1 1 1 1 1 1 
160 143 137 127 119 116 112 109 108 93 92 92 87 84 80 80 78 75 74 73 71 68 66 62 61 61 58 58 58 58 57 53 51 50 47 46 46 46 44 42 42 42 40 40 39 39 39 38 38 34 34 34 33 32 32 31 30 30 30 30 29 28 27 21 21 21 21 21 21 20 20 18 18 18 18 18 18 18 17 17 16 16 15 15 15 13 13 12 12 11 11 11 11 10 10 9 9 9 9 8 8 8 6 6 6 6 6 6 6 5 5 4 4 4 4 4 4 4 4 4 4 4 4 4 3 3 3 3 3 3 3 3 3 3 3 3 3 2 2 2 2 1 1 1 1 1 1 1 1 1 1 1 1 1 1 1 1 1 1 1 
149 141 127 113 109 107 107 107 102 91 89 88 76 70 69 68 67 66 66 64 64 64 64 61 60 59 58 56 53 51 50 47 47 47 47 46 46 45 44 42 42 40 39 37 37 29 29 29 28 28 28 25 23 20 19 19 19 18 18 17 17 17 17 17 17 17 17 17 16 16 16 16 16 16 16 16 13 13 13 13 13 13 13 13 13 13 11 11 11 10 10 10 9 9 9 9 9 8 8 8 8 8 6 6 6 6 6 6 5 4 4 4 4 4 4 3 3 3 3 3 3 3 2 2 2 2 2 1 1 1 1 
135 130 120 109 107 107 105 104 96 91 85 85 75 70 69 67 65 65 65 64 64 62 61 60 59 57 57 53 52 50 48 47 47 46 45 45 41 40 40 40 39 35 35 33 32 29 29 26 22 22 22 20 18 17 17 17 16 16 16 16 16 16 16 16 16 16 16 16 16 16 15 15 15 15 14 13 13 13 13 13 13 12 12 12 11 10 10 10 10 10 10 9 9 9 9 9 8 8 8 8 7 7 6 6 6 6 4 4 4 4 4 4 4 4 4 3 3 2 2 2 2 2 2 2 2 2 2 1 1 1 1 
129 126 118 109 107 105 103 98 94 85 80 79 72 70 67 65 65 65 63 63 63 61 60 59 55 54 54 53 50 48 47 47 46 45 42 42 40 37 37 37 34 34 31 31 29 29 27 25 22 22 20 18 17 17 17 17 16 16 16 16 16 16 16 16 16 16 16 16 15 15 15 15 15 13 13 13 12 12 12 12 12 12 11 11 10 7 6 6 6 6 6 6 6 6 6 6 6 6 6 6 6 6 6 6 4 4 4 4 3 3 3 3 3 2 2 2 2 2 2 2 2 2 2 2 1 
125 125 112 107 106 103 99 92 90 83 79 78 71 69 67 65 64 63 62 62 62 60 59 58 55 53 51 49 44 44 43 43 42 42 39 39 37 34 31 29 29 28 27 27 27 27 22 22 22 20 19 18 17 17 17 16 16 16 16 16 15 15 15 15 15 15 15 15 14 13 13 13 13 13 13 13 12 11 11 11 8 8 7 7 7 6 6 4 4 4 4 4 4 4 4 4 4 4 4 4 4 4 4 4 4 4 4 4 3 3 3 2 2 2 2 2 2 2 2 2 1 1 
125 125 107 104 101 99 97 91 89 80 79 78 69 68 67 65 61 61 61 60 57 57 54 52 52 50 49 48 44 40 39 38 38 34 34 32 32 30 29 29 29 27 27 27 24 24 22 22 21 20 19 17 17 17 16 16 16 16 16 15 15 15 13 13 13 13 13 13 13 13 12 12 11 11 11 9 8 8 8 7 7 6 6 6 6 6 4 4 4 4 4 4 4 4 4 4 4 4 4 4 4 4 4 4 4 4 4 2 2 2 2 2 2 2 2 2 2 2 2 2 1 
111 111 105 100 99 96 87 86 82 79 78 76 69 68 66 64 61 61 58 55 52 52 51 49 47 47 43 40 40 39 38 38 36 33 32 31 31 29 28 28 28 24 21 21 21 21 20 19 18 18 18 17 16 16 16 14 14 14 14 14 14 13 13 13 12 11 11 11 11 11 11 10 10 10 9 8 7 5 5 5 5 5 5 5 5 4 4 4 3 3 3 3 3 3 3 3 3 3 3 3 2 2 2 2 2 2 2 2 2 2 2 2 2 2 2 1 1 1 1 1 1 
110 106 101 89 89 89 83 79 76 76 74 74 68 64 61 61 57 53 53 50 50 49 48 47 47 38 38 38 38 38 37 34 33 33 31 29 29 28 27 27 24 21 19 19 19 19 19 19 18 18 17 17 16 15 15 14 14 14 13 13 13 13 13 13 11 11 11 10 10 10 10 10 10 9 9 7 7 5 5 5 5 5 5 4 3 3 3 3 3 3 3 3 3 3 3 3 3 3 3 3 2 2 2 2 2 2 2 1 1 1 1 1 1 1 1 1 1 1 1 
110 100 99 88 87 83 81 77 76 74 74 71 68 63 58 57 54 53 53 50 50 46 46 44 41 38 38 38 38 37 33 30 30 29 29 28 25 25 25 25 22 21 19 19 19 19 19 18 17 17 17 15 15 15 15 13 13 13 13 13 12 11 11 11 11 11 11 10 10 10 10 10 9 8 7 6 6 5 5 5 3 3 3 3 3 3 3 3 3 3 3 3 3 3 3 3 2 2 2 2 2 2 2 2 2 2 1 1 1 1 1 1 1 1 1 
110 99 95 87 85 80 80 77 72 66 65 65 65 61 57 52 50 50 49 48 46 45 45 41 40 38 37 37 37 37 33 29 28 28 27 26 25 23 23 23 19 19 19 19 19 19 19 18 17 17 16 15 15 15 15 13 13 13 13 13 11 11 11 11 10 10 10 10 10 9 7 5 5 5 5 5 5 5 4 4 3 3 3 3 3 3 3 3 3 3 3 2 2 2 2 2 2 2 2 2 2 2 2 2 1 1 1 1 1 1 
103 99 92 86 79 76 76 69 65 64 64 64 64 61 55 50 50 49 46 46 44 44 44 40 40 37 37 35 34 31 29 29 28 28 24 24 24 23 23 22 19 19 19 19 18 18 17 17 16 16 15 15 14 14 14 13 13 13 12 12 11 11 11 10 10 10 7 7 7 5 4 4 3 3 3 3 3 3 3 3 3 3 3 3 3 3 3 3 3 2 2 2 2 2 2 2 1 1 1 1 1 1 1 1 1 1 1 1 1 
100 96 88 83 79 76 76 63 63 63 60 60 59 58 54 50 50 46 46 45 44 44 43 38 38 35 34 30 29 29 28 28 28 25 24 24 24 23 23 22 19 19 19 18 18 17 17 16 16 16 15 15 14 14 14 13 13 13 12 11 11 11 10 10 10 10 7 7 5 3 3 3 3 3 3 3 3 3 3 3 3 3 3 2 2 2 1 1 1 1 1 1 1 1 1 1 1 1 1 1 1 1 1 1 1 1 1 1 
95 88 88 83 76 72 64 63 62 60 58 58 58 58 54 50 49 46 46 42 42 42 42 37 34 30 30 30 29 29 28 26 25 24 24 23 23 23 21 20 19 19 19 18 17 16 16 16 16 14 14 14 14 13 13 13 13 11 11 11 11 11 10 7 7 7 6 6 5 3 3 3 3 3 3 3 3 3 3 3 3 1 1 1 1 1 1 1 1 1 1 1 1 1 1 1 1 1 1 1 1 1 1 1 
86 85 79 77 76 71 64 61 61 60 58 58 54 52 50 48 47 46 43 41 41 37 36 35 34 30 30 30 29 29 27 25 24 23 22 22 22 22 20 20 19 18 16 16 15 15 15 15 15 14 14 14 13 13 13 11 10 10 10 8 8 8 8 6 6 5 5 4 4 3 3 3 3 3 2 2 2 2 2 2 1 1 1 1 1 1 1 1 1 1 1 1 1 1 1 1 1 1 1 1 1 
86 83 78 76 73 68 62 60 60 60 58 56 54 52 50 47 45 44 42 41 41 37 36 32 31 30 30 29 29 26 26 24 24 22 22 22 22 20 20 20 18 18 15 15 15 15 15 14 14 14 13 13 13 13 13 10 10 10 9 8 8 8 7 5 5 4 4 4 4 3 3 3 2 2 2 2 2 2 1 1 1 1 1 1 1 1 1 1 1 1 1 1 1 1 1 
84 82 77 70 69 68 62 60 60 56 56 51 50 49 49 47 44 44 41 41 41 36 36 31 31 30 30 29 28 26 24 24 22 22 21 21 19 18 18 17 16 16 15 15 14 14 14 14 13 13 13 11 11 10 10 10 10 10 7 7 7 5 4 4 4 4 4 3 3 3 3 3 2 2 2 2 2 1 1 1 1 1 1 1 1 1 1 1 1 1 1 1 1 1 1 
84 79 76 70 69 67 61 58 58 56 54 51 50 47 46 44 44 41 41 41 39 36 34 31 31 30 25 25 25 25 24 20 20 20 20 20 18 17 16 16 16 15 14 14 13 13 13 13 12 12 12 10 10 10 10 10 10 10 7 7 7 4 4 4 4 4 4 3 3 3 3 3 1 1 1 1 1 1 1 1 1 1 1 1 1 1 1 1 1 1 1 1 
84 78 71 69 68 65 58 58 54 54 53 50 49 47 46 42 40 39 38 38 36 33 33 30 29 28 25 25 25 24 24 20 20 20 19 19 17 16 16 15 15 15 14 14 13 13 13 13 12 12 11 10 10 10 9 9 9 9 7 7 7 4 4 4 4 4 3 3 3 3 3 1 1 1 1 1 1 1 1 1 1 1 1 1 1 1 1 1 1 1 
84 78 71 67 65 64 56 53 51 51 50 50 47 47 43 40 39 39 38 38 32 32 31 30 28 27 25 25 24 23 22 20 19 19 18 18 17 15 15 15 14 14 14 13 12 12 12 12 12 12 10 9 9 9 9 9 8 8 6 6 5 4 4 4 4 4 3 3 3 3 1 1 1 1 1 1 1 1 1 1 1 1 1 
83 74 69 65 64 63 56 52 51 46 46 44 43 39 38 38 37 37 36 34 31 30 30 30 28 25 25 24 24 21 21 20 19 19 18 18 15 15 15 14 14 14 14 13 12 12 12 11 10 10 10 9 9 9 9 9 7 7 5 5 5 4 4 4 3 3 3 3 3 3 1 1 1 1 1 1 1 1 1 1 
83 68 64 63 62 62 55 52 49 46 45 43 40 39 38 38 36 36 35 32 30 30 29 28 27 25 23 23 21 21 21 19 19 18 17 16 15 14 14 14 14 14 13 13 12 12 11 10 9 9 9 9 9 7 7 7 7 7 5 5 4 4 4 4 3 3 3 3 2 2 1 1 1 1 1 1 1 1 1 
78 63 63 61 60 60 51 50 47 46 44 41 40 39 38 36 35 35 34 30 29 29 29 26 26 25 23 23 21 21 21 19 18 18 16 16 15 14 14 14 14 14 12 11 11 10 10 9 9 9 9 8 8 7 7 7 7 5 4 4 4 4 3 3 3 3 2 2 1 1 1 1 1 1 1 1 1 1 1 
78 63 63 60 60 58 50 48 45 44 44 39 39 38 37 36 34 33 33 30 29 28 25 24 24 23 23 22 21 21 20 18 17 17 16 15 14 14 13 13 13 12 12 11 10 10 9 9 9 9 8 8 8 7 7 7 5 5 4 3 3 3 3 2 2 2 1 1 1 1 1 1 1 1 1 1 1 1 1 
77 62 62 60 59 58 47 47 42 41 41 38 37 36 34 34 33 32 32 30 26 26 25 24 24 23 20 20 20 20 19 18 17 17 15 14 14 13 13 13 12 11 10 10 10 9 9 9 9 8 8 7 7 7 7 7 5 4 4 3 3 3 3 2 2 2 1 1 1 1 1 1 1 1 1 1 1 1 1 
75 61 60 60 54 54 46 44 40 39 38 36 36 34 32 32 31 27 26 26 26 25 25 24 23 22 20 19 18 18 18 18 17 16 15 12 11 11 11 11 10 10 10 10 9 9 9 9 9 8 7 7 6 6 5 5 5 4 3 3 3 3 3 2 2 2 1 1 1 1 1 1 1 1 1 1 
69 60 59 55 53 53 42 40 40 37 35 35 35 34 32 31 31 27 26 25 25 24 24 22 22 22 20 19 18 18 17 15 15 15 12 12 11 11 11 11 10 10 10 10 9 9 9 8 6 6 6 6 6 4 3 3 3 3 3 3 3 3 3 2 2 2 1 1 1 1 1 
69 60 58 54 53 48 39 38 36 35 34 34 33 31 31 30 30 26 26 25 24 24 24 22 22 22 20 18 17 17 16 15 15 15 12 12 11 11 11 11 10 9 8 8 8 7 7 6 6 6 5 5 4 4 3 3 3 3 3 3 3 3 2 2 2 1 1 1 1 1 1 
66 58 56 54 50 47 36 36 36 35 33 33 32 31 30 29 28 25 25 25 24 24 22 22 22 22 20 18 17 17 16 15 15 13 11 11 11 11 11 10 10 8 7 7 7 7 7 5 5 5 5 5 3 3 3 3 2 2 2 2 2 2 1 1 1 1 1 1 1 
65 58 51 50 47 45 36 35 35 35 33 33 32 30 30 28 28 25 25 25 24 24 22 22 21 20 19 18 17 16 16 15 15 13 11 11 11 10 10 9 9 7 7 6 6 6 6 5 5 5 5 5 3 3 3 3 2 2 2 2 2 2 1 1 1 1 1 1 1 
65 58 50 50 47 45 35 35 35 34 32 32 32 29 28 26 26 25 25 24 22 22 21 17 17 17 16 15 15 15 15 14 14 12 11 11 11 10 10 9 8 7 7 6 5 5 5 5 5 4 4 4 3 3 3 3 2 2 2 2 2 1 1 1 1 
63 56 50 49 46 45 35 33 33 33 32 30 30 29 25 25 24 24 23 22 22 22 21 17 16 16 16 15 15 15 15 14 13 12 11 11 11 7 7 7 7 5 5 5 5 5 5 4 4 4 4 4 3 3 3 2 2 2 2 2 1 1 1 1 1 
62 56 50 47 46 44 35 33 31 29 29 29 27 27 25 23 22 22 21 21 21 20 18 17 16 16 16 15 15 14 14 12 11 11 11 10 9 7 7 7 6 5 5 5 5 5 4 4 4 4 3 3 3 2 2 1 1 1 1 1 1 1 1 1 
62 56 50 47 44 43 35 33 29 27 27 26 24 24 24 21 21 20 20 19 19 19 15 15 15 15 15 15 14 13 11 11 11 11 11 10 7 7 5 5 5 5 5 5 5 4 4 4 4 4 3 3 2 2 2 1 1 1 1 1 1 1 1 
59 56 50 45 42 40 33 29 27 26 26 24 23 22 21 21 21 19 19 17 17 16 15 14 14 14 14 14 14 13 11 11 11 11 10 8 7 6 5 5 5 5 5 5 4 4 4 4 4 3 3 3 2 2 2 1 1 1 1 1 1 1 
53 53 47 41 40 40 32 26 24 24 24 24 22 22 21 21 21 19 18 17 17 16 15 14 14 14 14 14 13 12 11 11 10 10 8 8 7 6 5 5 5 5 5 5 4 4 4 4 4 3 3 3 2 2 2 1 1 1 1 1 1 1 
53 51 46 41 38 35 32 25 24 24 23 22 21 21 21 21 21 19 18 17 17 15 14 14 13 13 13 12 12 12 11 9 9 9 8 8 5 5 5 5 4 4 4 4 4 4 3 3 3 3 2 2 2 2 1 1 1 1 
52 49 44 41 38 34 32 25 24 23 22 21 21 21 21 21 21 18 18 17 17 15 14 14 13 13 12 10 8 8 8 8 8 8 8 8 5 5 5 4 4 4 4 4 4 3 3 3 3 2 2 2 1 1 
49 47 44 41 36 33 31 25 24 22 22 21 21 21 21 21 20 17 17 16 13 13 13 11 11 11 11 10 8 8 8 8 8 7 6 6 5 5 4 4 3 3 3 3 3 3 2 2 2 2 2 2 1 1 
48 46 44 40 33 32 30 25 23 22 22 21 21 21 21 20 19 17 17 16 13 12 12 11 11 11 11 8 8 8 8 8 7 7 6 5 4 3 3 3 3 3 3 3 3 3 2 2 1 1 1 1 1 1 
48 45 42 38 32 32 30 25 22 21 21 21 21 21 20 19 18 17 14 14 11 11 11 11 11 11 10 8 8 8 8 7 6 4 4 4 3 3 3 3 3 3 3 3 3 2 2 1 1 1 1 1 1 1 
47 45 40 36 32 32 30 25 22 21 21 21 21 20 19 19 17 17 14 14 11 11 11 11 11 10 10 8 8 7 7 6 4 3 3 3 3 3 3 3 3 3 3 3 3 2 1 1 1 1 1 1 1 1 
46 42 40 34 32 30 30 23 22 21 21 21 20 20 19 18 17 16 14 13 11 11 11 10 10 10 10 8 7 6 6 6 3 3 3 3 3 3 3 3 3 2 2 2 1 1 1 1 1 1 1 1 1 1 
45 41 39 34 32 30 29 23 21 21 21 21 20 20 19 18 16 14 14 12 11 11 10 10 10 10 10 6 6 6 6 6 3 3 3 3 3 3 3 3 3 2 2 2 1 1 1 1 1 1 1 
44 39 36 34 31 30 28 23 21 21 21 20 20 19 19 16 15 14 14 11 11 11 10 10 10 9 9 6 6 6 6 5 3 3 3 3 3 3 2 2 2 2 1 1 1 1 1 1 1 1 1 
43 36 36 34 31 30 27 23 21 21 21 20 19 18 18 16 15 14 14 11 11 11 10 8 8 8 8 6 6 6 4 4 3 3 3 3 2 2 2 2 2 2 1 1 1 1 1 1 
40 36 36 34 27 27 27 21 21 21 20 19 19 18 17 16 15 14 13 11 11 11 9 8 8 7 7 6 6 6 4 4 3 3 3 2 2 2 2 2 2 2 1 1 1 
40 36 36 34 27 27 26 21 21 20 20 19 18 18 16 16 14 13 11 11 11 10 9 8 8 6 6 6 6 5 4 3 3 3 3 2 2 2 2 2 2 1 1 1 
40 36 34 33 27 27 25 21 21 20 20 19 18 18 16 16 14 13 10 10 10 9 9 8 8 6 6 6 6 4 4 3 3 3 2 2 2 1 1 1 1 
40 35 32 31 27 26 24 21 21 18 17 16 16 16 15 15 14 11 10 10 10 7 7 7 6 6 6 6 6 4 4 3 3 3 2 2 2 1 1 1 1 
39 35 31 31 27 26 24 21 20 18 17 16 15 15 15 14 14 11 10 10 10 7 7 7 6 6 6 6 6 4 3 2 2 2 2 2 1 1 1 1 
38 35 31 30 26 26 24 19 19 18 17 16 15 15 15 13 13 10 10 10 10 7 6 6 6 6 6 5 5 4 3 2 2 2 2 2 1 1 1 
38 35 30 30 26 25 24 19 19 17 17 15 15 15 14 13 13 10 10 9 8 6 6 6 6 6 5 5 5 4 3 2 2 2 2 2 1 
37 34 30 30 25 25 23 19 19 17 16 15 15 12 12 12 10 10 10 8 8 6 6 6 6 5 5 5 4 3 3 2 2 2 1 
37 32 29 29 25 25 23 19 17 16 15 15 15 12 12 11 10 10 10 8 7 6 6 6 6 5 5 4 3 3 3 2 2 2 
37 31 29 28 25 23 21 19 16 16 15 15 15 11 11 11 10 10 8 7 7 6 6 6 6 5 5 4 3 3 3 2 2 2 
36 29 29 27 25 22 20 19 16 15 15 15 14 11 10 10 10 10 7 7 7 6 6 6 6 5 5 4 3 3 2 2 1 
34 29 28 25 25 20 20 19 16 15 15 15 14 11 10 10 9 9 7 7 7 6 6 6 5 5 5 3 3 2 2 2 1 
34 26 26 25 23 20 19 19 16 15 14 14 13 11 10 8 8 8 7 7 6 6 6 5 5 5 3 3 3 2 1 1 
33 26 24 22 22 20 19 15 15 15 14 14 13 11 10 8 8 8 7 6 6 5 5 5 5 3 3 2 2 2 1 1 
33 25 24 22 21 20 18 15 15 14 13 12 10 10 9 8 8 8 6 6 6 5 5 4 4 3 3 2 2 2 1 1 
31 25 22 21 21 19 18 15 14 14 13 12 9 9 9 8 8 8 6 6 5 5 4 4 4 3 3 2 2 2 1 1 
30 25 21 21 21 18 17 14 14 14 13 10 8 8 8 7 6 5 5 5 5 5 4 4 3 3 2 2 2 2 1 
29 25 21 21 21 18 17 14 14 12 12 10 8 8 7 7 5 5 5 5 5 5 4 4 3 3 2 2 2 1 1 
29 25 21 21 18 18 14 14 14 12 10 10 8 8 7 7 5 5 5 5 5 5 4 4 3 2 2 2 1 1 
28 25 21 21 18 17 14 14 12 11 10 10 8 7 7 7 5 5 5 5 5 5 4 4 3 2 2 2 1 1 
28 24 21 21 18 16 14 14 12 11 9 7 7 7 6 5 5 5 5 5 4 4 4 4 3 2 2 1 1 1 
28 24 21 21 18 14 13 13 12 9 8 7 7 6 6 5 5 5 5 4 4 3 3 3 2 2 1 1 1 
27 24 21 21 18 14 13 13 10 8 7 7 7 6 6 5 5 5 4 4 4 3 3 2 2 1 1 1 
27 23 21 20 17 14 13 12 10 8 7 7 7 6 5 5 5 5 4 4 4 3 1 1 1 1 1 1 
27 20 20 19 17 14 13 11 10 7 7 7 7 6 5 5 5 5 4 3 3 2 1 1 1 1 1 
27 20 19 17 17 13 12 11 8 7 7 6 5 5 5 5 5 4 3 3 3 1 1 1 1 1 1 
26 20 19 16 16 13 12 11 8 7 6 6 5 5 5 5 5 4 2 2 2 1 1 1 1 1 1 
26 20 18 16 16 13 12 10 8 6 6 6 5 5 5 5 4 3 2 2 2 1 1 1 1 1 1 
26 20 17 16 15 13 10 10 8 6 5 5 5 5 5 4 4 3 2 2 2 1 1 1 1 1 
25 19 17 15 15 13 10 9 8 6 5 5 5 5 5 4 4 3 2 2 2 1 1 1 1 
25 18 17 15 15 13 10 7 6 6 5 5 5 4 3 3 3 3 2 2 2 1 1 1 
24 17 17 15 15 12 10 7 6 6 5 5 5 4 3 3 3 2 2 2 2 1 1 1 
24 17 17 15 13 12 10 6 6 6 5 5 5 3 3 3 3 2 2 2 2 1 1 
24 16 16 14 13 11 8 6 6 6 5 5 5 3 3 3 3 2 2 2 2 1 1 
22 16 16 13 13 10 8 6 6 6 5 5 5 3 3 3 3 2 1 1 1 1 
20 16 15 13 12 8 7 6 6 5 5 5 3 3 3 3 2 2 1 1 1 1 
20 16 14 13 12 7 7 5 5 5 5 3 3 3 2 2 2 2 1 1 1 
19 16 14 13 12 7 6 5 5 5 4 3 3 2 2 2 2 1 1 1 1 
18 16 13 13 12 7 6 5 5 5 4 3 3 2 2 2 2 1 1 1 1 
18 16 13 12 11 5 5 5 5 4 4 3 3 2 2 2 2 1 1 1 
18 16 12 12 11 5 5 5 5 3 3 3 3 2 2 2 1 1 1 1 
18 16 12 12 11 5 5 5 5 3 3 3 2 2 1 1 1 1 1 1 
18 16 12 12 11 5 5 5 5 3 3 2 2 1 1 1 1 1 1 1 
16 16 12 12 10 5 5 5 5 3 3 2 2 1 1 1 1 1 1 1 
16 15 12 12 10 5 5 4 4 3 3 2 1 1 1 1 1 1 1 1 
16 15 12 11 10 5 4 4 4 3 3 2 1 1 1 1 1 1 1 1 
16 13 11 11 9 5 4 4 4 3 3 2 1 1 1 1 1 1 1 
15 12 11 11 9 4 4 4 4 2 2 2 1 1 1 1 1 1 1 
14 12 10 10 9 4 4 4 3 2 2 2 1 1 1 1 1 1 1 
12 10 10 9 8 4 4 4 3 2 2 2 1 1 1 1 1 1 
11 10 9 9 8 4 4 4 3 2 2 2 1 1 1 1 1 1 
11 9 9 9 7 4 3 3 3 2 1 1 1 1 1 
11 9 9 9 7 4 3 3 2 2 1 1 1 1 
11 9 9 9 7 4 3 3 2 2 1 
9 9 9 8 7 4 3 2 2 2 1 
9 9 8 8 7 3 3 2 2 2 
9 9 8 8 7 3 3 2 2 1 
9 9 8 8 7 3 3 2 2 1 
8 8 8 8 6 3 3 1 1 1 
8 8 8 7 6 3 2 1 1 1 
8 8 8 6 5 3 2 1 1 1 
8 8 8 6 5 3 2 1 1 1 
8 8 8 6 5 3 2 1 1 1 
8 8 8 6 4 3 2 1 1 1 
8 8 8 6 2 2 2 1 1 
8 8 8 6 2 2 2 1 1 
8 8 7 6 2 2 2 1 1 
8 7 7 6 2 2 2 1 1 
8 7 7 6 2 2 2 1 1 
8 7 7 6 2 2 2 1 1 
8 7 7 4 2 2 2 
8 7 7 4 2 2 2 
8 7 6 4 2 2 1 
7 7 6 4 2 2 
7 7 5 4 2 
7 6 5 3 1 
7 6 5 3 1 
7 6 4 2 1 
7 6 3 2 1 
6 6 2 2 
5 4 2 2 
5 3 2 2 
5 2 2 2 
5 2 2 2 
5 2 2 2 
5 2 2 1 
4 2 1 1 
4 2 1 1 
4 2 1 1 
3 2 1 1 
2 2 1 1 
2 2 1 1 
2 2 1 
2 2 1 
2 1 1 
2 1 1 
2 1 1 
2 1 
2 
2 
2 
2 
2 
2 
2 
2 
2 
2 
2 
2 
2 
2 
2 
2 
2 
2 
2 
