168 150 137 134 131 131 118 115 107 105 103 97 95 94 94 94 91 88 83 83 79 74 74 70 66 64 64 63 62 57 57 56 55 55 55 54 53 53 53 51 48 48 48 48 46 45 45 45 44 41 41 41 40 40 36 34 33 32 29 29 28 28 26 25 22 21 21 19 19 19 19 17 17 17 17 17 17 17 17 17 16 16 16 16 15 14 13 13 11 11 11 11 10 10 9 9 9 9 9 9 9 9 9 9 9 8 8 8 8 7 7 6 5 5 5 4 3 3 3 3 3 3 3 2 2 2 2 2 2 2 2 2 2 2 2 2 2 2 2 2 1 1 1 1 1 1 1 1 1 1 1 1 1 1 1 1 1 1 1 1 1 
161 136 129 116 110 106 106 106 98 97 97 96 91 87 87 87 85 85 78 74 73 71 67 66 60 60 60 60 59 55 55 55 55 54 53 53 53 50 49 49 45 45 45 42 42 41 40 39 38 38 38 38 38 36 35 33 30 29 29 24 24 23 23 21 21 18 18 18 18 18 17 17 17 17 15 15 15 15 15 14 14 14 13 12 12 12 12 12 10 10 10 10 9 9 9 9 9 9 9 8 8 8 8 8 8 6 6 4 4 4 4 4 3 3 3 3 3 3 2 2 2 2 2 2 2 2 2 2 2 2 2 2 2 2 2 2 1 1 1 1 1 1 1 1 1 
145 133 123 113 106 104 104 100 96 95 94 92 90 87 87 83 80 78 68 67 67 67 65 62 60 60 59 58 56 54 53 53 52 50 48 48 41 41 40 39 39 39 38 38 35 35 35 35 35 35 32 27 27 27 27 27 27 27 25 24 24 23 22 21 20 17 17 17 17 17 17 15 14 14 14 14 14 14 13 13 13 12 12 11 11 11 11 11 10 10 10 9 9 9 9 8 8 8 7 7 7 6 6 6 4 4 4 4 4 4 4 4 3 3 3 3 3 2 2 2 2 2 2 2 2 2 1 1 1 1 1 1 1 1 1 1 1 1 1 1 1 1 1 1 1 
125 121 113 110 106 103 98 95 92 92 88 87 85 84 76 74 71 70 68 65 65 65 63 61 57 56 54 54 54 53 52 50 50 50 46 45 39 39 39 37 36 36 35 35 33 33 33 33 32 29 29 27 27 27 27 27 27 27 25 24 23 21 21 20 19 17 17 17 17 16 16 15 14 14 14 14 13 13 13 12 12 12 11 11 11 11 11 9 9 9 9 9 8 8 8 6 6 6 6 6 5 5 5 5 4 4 4 3 3 3 3 3 3 3 3 2 2 2 2 2 2 2 1 1 1 1 1 1 1 1 1 1 1 1 1 1 1 1 1 1 1 1 1 1 
121 116 111 108 101 96 96 93 91 89 87 76 76 75 75 69 69 69 67 65 62 62 60 59 56 53 53 52 52 50 47 46 46 46 42 42 39 37 36 36 35 33 33 32 32 32 31 29 29 29 28 27 26 26 26 24 24 24 24 22 22 21 19 18 18 17 17 17 17 16 15 14 13 13 12 10 10 10 10 10 10 10 10 10 10 8 8 8 8 8 8 7 7 7 7 6 6 6 5 5 5 4 4 4 4 4 3 3 1 1 1 1 1 1 1 1 1 1 1 1 
119 111 99 98 97 95 94 90 85 80 78 69 69 68 68 66 66 65 62 61 61 59 51 51 50 50 50 49 47 47 46 45 45 41 40 39 38 34 34 34 34 32 31 31 31 29 28 28 28 26 26 26 24 23 21 21 21 20 20 20 19 19 18 18 18 17 16 16 16 15 15 14 12 11 11 10 10 10 10 10 10 10 10 9 9 8 8 7 7 7 7 7 7 7 5 4 4 4 4 4 4 4 4 4 4 4 3 2 1 1 
113 106 98 92 92 92 85 78 78 72 70 67 67 65 64 64 63 57 52 52 51 50 50 49 46 46 46 45 45 45 45 42 41 40 38 38 36 34 34 34 31 31 28 28 28 27 27 27 25 25 24 24 24 21 21 18 17 17 17 17 17 17 17 17 17 17 16 15 13 13 11 11 11 11 10 10 9 9 8 8 8 8 8 8 8 6 6 6 6 6 5 5 5 5 4 4 4 2 2 2 2 2 2 2 2 2 2 2 1 1 
113 106 98 90 87 83 83 78 78 70 69 66 66 64 64 63 63 51 51 51 51 50 46 46 43 43 43 43 43 43 42 40 38 38 38 34 32 32 32 31 30 29 28 28 27 27 26 24 24 24 21 19 19 19 17 17 17 17 17 17 17 16 16 16 16 16 15 13 12 12 11 11 10 10 10 10 8 8 8 8 8 8 8 7 7 6 6 6 5 5 5 5 4 4 4 4 3 2 2 2 1 1 1 1 1 1 1 1 1 
111 102 97 86 84 81 80 78 77 69 68 66 66 64 62 61 59 50 50 47 46 46 46 44 43 43 43 43 42 42 42 40 38 36 35 32 31 31 30 28 28 28 27 27 26 26 26 24 24 22 17 17 17 17 17 17 17 17 17 17 17 16 15 15 15 15 14 13 11 11 11 10 10 10 8 8 7 7 7 6 6 6 6 6 6 5 4 3 3 3 3 3 3 3 3 3 2 2 2 1 1 1 1 1 1 1 1 1 
109 102 97 84 82 81 79 75 75 69 68 65 65 64 61 60 59 50 49 46 46 45 45 43 43 42 41 38 38 38 38 38 33 33 32 30 30 29 29 28 28 27 27 27 26 24 22 21 21 21 17 17 17 17 17 17 17 17 17 16 15 15 14 14 14 12 12 12 11 11 11 10 10 10 6 6 6 5 5 5 5 5 5 5 5 4 3 3 3 3 3 3 3 3 3 2 2 1 1 1 1 1 1 1 
100 100 83 82 76 75 70 70 70 69 64 64 62 59 59 57 56 50 49 44 43 42 42 37 37 37 37 37 37 37 36 34 33 33 31 29 28 28 28 28 26 26 26 26 25 21 21 20 19 19 17 17 15 15 15 15 15 15 14 14 13 13 12 12 12 11 11 10 10 10 10 9 9 6 6 6 6 5 5 5 5 5 5 5 5 4 3 3 3 3 3 2 2 1 1 1 1 1 1 1 1 
100 97 81 79 75 75 69 68 66 65 64 62 62 59 56 55 51 47 47 42 42 41 41 37 37 37 37 36 36 35 33 32 32 32 30 29 28 27 27 26 23 23 23 23 22 21 21 19 19 18 16 16 15 15 15 15 15 13 12 10 10 10 8 8 7 7 7 7 7 5 4 4 4 4 4 4 4 4 4 4 4 4 4 3 3 3 3 3 3 2 2 2 2 1 1 1 1 1 1 1 
91 91 81 73 73 70 69 67 64 61 61 59 58 57 54 54 51 47 46 42 42 41 38 37 37 37 37 35 35 33 32 31 31 30 27 26 26 25 25 24 23 23 23 23 22 21 20 19 19 17 16 15 15 15 14 13 12 12 9 9 8 8 7 7 7 6 6 6 6 4 4 3 3 3 3 3 3 3 3 3 3 3 3 3 2 2 1 1 1 1 1 1 1 1 
91 88 80 73 72 70 69 65 64 61 59 57 57 52 50 49 46 46 46 42 41 39 37 36 36 34 34 33 33 30 30 29 29 28 26 26 26 25 25 24 23 23 22 22 21 20 18 18 18 15 15 14 14 14 13 11 11 9 8 7 7 7 7 7 6 5 4 4 3 3 3 3 3 3 3 3 3 3 3 3 3 3 3 2 2 2 1 1 1 1 1 
89 84 79 71 69 69 69 62 61 56 56 56 56 52 50 47 46 46 45 41 41 38 37 35 35 33 33 32 31 30 28 28 28 27 25 25 25 25 23 23 22 22 22 21 21 19 17 17 17 15 13 13 12 12 8 8 8 8 7 7 7 7 7 5 5 4 4 4 3 3 3 3 3 3 3 3 3 3 3 3 3 3 3 2 2 1 1 1 1 
88 84 78 69 68 68 66 61 59 56 55 53 52 49 49 46 46 43 42 40 38 37 37 35 34 32 31 31 30 27 27 27 27 24 24 24 23 23 23 22 22 21 21 17 17 17 16 16 14 14 13 12 11 11 8 7 6 6 6 6 6 6 6 5 5 4 4 4 3 3 3 3 3 3 3 3 3 3 3 3 2 2 2 1 1 1 1 1 
87 84 76 68 68 63 61 60 59 56 54 51 51 49 49 46 45 43 42 40 38 37 36 35 33 30 30 28 26 26 26 25 24 24 23 23 23 23 22 22 22 20 20 17 17 16 14 14 13 11 11 11 11 7 7 7 6 6 6 6 6 5 5 5 5 4 4 4 3 3 3 3 3 3 3 3 3 3 3 2 1 1 1 1 1 1 1 
86 78 74 67 63 60 59 56 53 53 51 51 51 47 46 45 41 41 41 40 33 33 32 31 31 29 28 26 26 26 26 25 24 23 23 23 22 22 21 20 19 19 17 17 16 16 14 14 12 11 11 9 9 7 6 6 6 6 6 6 5 5 4 4 4 3 3 3 3 3 3 3 3 3 3 3 3 2 2 1 1 1 1 1 1 1 
75 75 74 64 60 57 56 56 53 52 51 49 48 46 45 43 41 39 39 38 33 32 31 30 29 28 26 26 26 25 25 24 24 23 21 20 20 20 20 19 19 18 17 15 14 14 14 12 11 10 9 8 8 7 6 6 6 6 6 5 5 5 4 3 3 3 3 3 2 2 2 2 2 2 2 1 1 1 1 1 1 1 1 1 1 1 
71 71 70 63 60 55 55 55 53 47 47 47 46 45 44 42 40 39 39 36 32 30 30 30 29 27 26 26 26 25 25 24 24 21 20 20 19 19 18 17 17 17 16 15 13 13 12 11 11 10 9 8 8 7 6 6 6 6 6 5 5 4 4 3 3 3 3 2 2 2 2 2 2 2 2 1 1 1 1 1 
70 70 70 63 59 55 54 54 48 47 47 47 45 44 43 39 38 37 35 34 31 30 30 29 28 27 26 26 25 25 23 23 22 21 20 18 18 18 18 17 17 15 15 13 12 12 12 11 11 10 9 8 7 7 6 6 5 5 5 5 4 3 3 3 2 2 2 2 2 2 2 2 
70 70 70 62 58 54 53 50 48 47 47 47 40 40 39 34 34 32 32 31 30 30 28 28 28 26 26 26 25 23 22 22 21 20 18 18 18 17 15 15 14 13 13 13 12 11 11 11 10 9 8 6 6 6 6 6 5 5 5 4 4 3 3 2 2 2 2 2 2 2 
70 70 62 61 57 53 49 47 47 45 44 44 39 39 39 34 34 32 31 31 30 29 27 27 27 26 24 24 21 21 20 19 18 17 17 17 16 15 15 15 14 13 12 12 11 11 10 10 9 9 8 6 6 6 6 5 5 4 4 4 4 3 3 2 2 2 2 2 2 2 
70 66 60 60 51 50 46 46 45 43 41 41 39 37 36 34 34 31 31 31 30 27 26 26 26 25 24 22 21 19 19 18 17 17 16 16 16 15 13 13 13 11 11 11 10 9 9 9 8 8 7 6 6 6 5 4 4 4 4 4 3 3 2 2 2 2 2 1 1 
70 64 60 56 50 46 45 45 45 43 41 39 38 36 36 34 34 31 31 30 30 27 26 26 26 25 23 22 19 18 17 17 17 16 16 16 15 13 13 12 12 11 10 9 9 9 8 8 8 8 7 6 6 5 4 4 4 4 4 2 2 2 2 2 2 2 2 1 1 
69 64 60 55 47 45 45 45 44 41 40 38 37 36 36 34 32 31 30 30 29 27 26 25 24 24 23 20 18 16 16 16 16 16 16 14 13 13 12 11 11 9 9 9 8 8 8 8 6 6 5 5 5 5 4 4 4 4 3 2 2 2 2 2 1 1 
68 58 54 53 46 45 45 45 40 40 37 37 37 33 33 33 31 30 30 29 27 27 25 25 24 23 21 18 18 16 16 14 14 14 14 14 13 12 11 9 9 9 8 8 7 7 7 7 5 5 5 5 5 5 3 3 3 3 2 2 2 2 2 2 
68 58 53 46 45 45 44 43 39 39 37 35 34 32 32 32 31 29 28 27 26 25 24 24 23 21 20 18 17 16 14 14 14 14 14 13 13 12 9 9 9 9 8 8 7 7 7 7 5 5 5 5 5 4 3 3 3 3 2 2 1 1 
68 51 49 45 45 44 43 43 38 37 37 34 34 32 32 32 30 28 28 27 26 23 23 23 22 21 20 18 15 15 14 14 14 14 13 13 13 12 9 9 9 8 8 8 7 7 7 7 5 5 5 4 4 4 3 3 3 3 1 1 
68 51 48 45 44 44 42 42 35 35 35 34 31 31 31 31 29 28 27 24 24 21 21 21 20 18 18 18 15 14 14 14 14 14 13 13 9 8 8 8 8 8 8 7 6 6 6 4 4 4 3 3 3 3 3 2 2 1 1 1 
66 50 47 44 42 42 42 39 35 35 34 34 31 31 31 30 27 27 26 24 23 21 21 20 20 18 18 17 15 14 13 13 13 13 13 13 9 8 8 8 8 8 8 6 5 4 4 4 2 2 2 2 2 2 2 1 1 1 1 1 
62 47 43 43 42 42 40 38 34 34 33 32 31 30 29 27 27 26 26 24 23 21 21 20 20 18 18 14 14 13 13 13 13 13 13 12 8 8 8 8 8 6 6 6 5 4 3 2 2 2 2 2 2 2 1 1 1 1 1 1 
62 44 43 43 42 42 38 38 33 31 31 31 30 30 29 27 26 26 24 23 21 20 20 19 18 17 16 14 13 13 13 13 13 12 12 11 8 8 8 8 7 6 6 6 4 2 2 2 2 2 2 2 2 2 1 1 1 
61 44 43 43 42 40 37 36 32 31 31 30 30 28 28 27 26 26 24 23 21 20 20 18 17 16 15 14 13 13 13 12 12 11 11 10 8 8 8 8 6 6 6 4 3 2 2 2 2 2 2 2 2 2 1 1 1 
54 44 43 43 39 38 37 36 32 31 30 30 29 24 24 24 24 23 22 22 21 20 20 16 16 16 15 13 12 12 12 11 10 10 10 9 8 8 7 7 6 6 6 3 2 2 2 2 2 2 2 2 2 2 1 
54 43 43 42 38 38 36 35 31 30 28 28 27 24 24 23 23 23 22 22 20 19 18 16 16 15 15 13 12 10 10 10 10 9 9 8 8 7 7 7 6 5 3 2 2 2 2 2 2 2 2 1 
53 43 42 40 38 35 35 33 31 29 28 27 26 24 23 23 23 23 22 18 18 18 18 16 16 15 13 13 12 10 10 10 9 9 9 8 7 7 7 6 5 5 3 2 2 2 2 2 2 2 2 1 
53 42 40 39 35 35 35 33 29 28 26 26 25 24 23 23 23 21 21 18 18 18 17 16 15 14 12 11 10 10 10 10 9 9 9 8 7 7 6 6 5 5 3 2 2 2 2 2 2 2 2 
52 42 40 36 35 35 33 29 28 28 25 25 23 23 23 23 22 21 21 18 18 17 16 13 13 12 12 10 10 10 10 9 9 9 8 8 7 5 5 5 5 5 3 2 2 2 2 2 2 2 2 
52 42 40 35 35 32 31 28 27 27 23 23 23 23 23 22 21 20 19 18 18 16 16 13 13 12 11 10 10 10 9 9 9 7 6 6 6 5 5 5 4 4 3 2 2 2 2 2 1 1 1 
52 42 40 35 33 30 29 28 26 24 23 23 23 23 22 21 18 18 18 18 17 16 15 13 12 12 11 10 10 9 9 9 7 6 6 6 6 5 5 5 4 3 2 2 2 2 1 1 1 1 1 
52 42 37 35 32 30 29 27 26 24 23 23 23 23 20 19 18 18 18 17 16 16 14 13 12 12 11 10 9 9 9 7 7 6 5 5 5 5 5 5 4 2 2 2 2 1 1 1 1 1 
49 41 36 33 32 29 29 27 25 24 23 23 23 22 20 18 18 18 17 16 15 15 14 11 11 11 10 10 9 8 8 7 6 5 5 5 5 5 5 5 4 2 2 2 1 1 1 1 1 1 
47 41 36 31 31 29 28 27 25 23 23 22 22 21 20 18 18 17 15 15 15 14 14 11 11 11 10 9 9 8 8 7 6 5 5 5 5 5 5 4 3 2 2 1 1 1 1 1 1 
44 40 33 31 31 27 26 26 24 23 23 22 21 20 20 18 18 16 15 15 15 13 13 11 10 10 10 9 9 8 7 6 5 5 5 5 5 4 4 3 3 2 2 1 1 1 1 1 1 
44 39 32 31 30 26 26 26 23 23 22 22 21 20 20 18 17 15 15 15 14 13 12 11 10 10 9 9 7 7 7 5 5 5 5 4 4 4 3 3 3 2 2 1 1 1 
41 39 32 31 30 26 26 24 23 22 22 21 20 20 20 18 16 15 15 14 13 12 10 8 8 8 7 7 7 6 6 5 5 5 5 3 3 3 3 3 3 2 2 1 1 
40 39 32 30 29 26 25 23 23 22 21 21 20 20 18 17 16 15 14 14 13 12 9 8 8 8 7 6 5 5 5 5 4 4 4 3 3 3 3 3 2 2 1 1 1 
40 37 32 30 29 26 25 23 23 21 21 21 20 20 18 14 14 14 13 12 11 11 9 8 8 8 6 5 5 5 5 5 4 4 4 3 3 2 2 2 2 2 1 1 
37 36 30 30 29 24 24 23 23 21 20 20 17 17 16 14 13 13 12 11 11 10 9 6 6 5 5 5 5 5 5 4 4 4 3 3 3 2 2 2 1 1 
37 35 30 30 29 24 23 23 22 20 19 18 16 16 15 14 12 12 11 11 11 9 8 6 5 5 5 5 5 5 4 4 4 3 3 3 2 2 2 2 
37 35 30 30 27 24 23 22 22 19 18 16 16 16 15 13 10 10 10 10 9 9 8 6 5 5 5 5 5 5 4 4 4 3 3 3 2 2 2 1 
36 35 30 30 27 24 23 22 20 18 18 16 16 15 15 11 10 9 8 8 8 8 8 6 5 5 5 5 5 5 3 3 3 3 3 2 2 1 1 1 
36 33 30 30 27 23 23 22 20 18 17 16 14 13 12 11 10 9 8 8 8 8 8 6 5 5 5 5 4 3 3 3 3 3 2 2 1 1 1 1 
36 33 30 28 27 23 23 21 18 18 15 15 14 11 11 8 8 8 8 8 8 8 6 5 5 5 5 4 3 3 3 3 3 2 1 1 1 1 
36 33 30 28 26 22 22 21 18 18 15 15 11 9 9 8 8 8 8 7 7 7 6 5 5 5 5 4 3 3 3 3 3 2 1 1 1 1 
36 33 30 26 23 21 20 19 18 16 15 14 10 9 9 7 7 7 7 7 7 6 6 5 5 5 5 3 3 3 3 3 2 2 1 1 1 1 
34 33 28 26 22 21 17 17 16 16 14 14 10 9 7 7 7 7 7 7 7 6 6 5 5 5 5 3 3 3 3 2 2 2 1 1 1 1 
32 30 27 24 19 18 17 16 16 16 14 13 10 9 7 7 7 7 7 7 7 6 6 5 3 3 3 3 3 3 2 1 1 1 1 1 1 
32 28 22 22 16 15 15 14 14 13 13 13 9 9 7 7 6 6 6 6 6 6 6 5 3 3 3 3 3 2 1 1 1 1 1 
32 27 22 22 16 14 14 14 13 12 12 11 9 9 7 6 6 6 6 6 6 6 5 4 3 3 3 2 2 1 1 1 1 
32 27 22 22 14 14 14 14 12 12 12 11 9 8 7 6 6 6 6 6 6 6 5 4 3 3 3 1 1 1 1 1 
30 27 22 22 14 14 14 13 12 12 12 9 9 8 7 6 6 6 6 6 6 5 4 3 3 3 1 1 1 1 
30 27 22 22 14 14 13 13 11 11 9 9 9 8 6 6 6 5 5 5 4 3 3 3 2 1 1 1 1 1 
30 27 22 21 14 14 13 13 11 11 9 9 8 7 6 6 6 5 5 5 4 3 3 2 1 1 1 1 
28 25 22 20 14 14 13 11 11 11 8 8 7 6 5 5 5 5 5 4 3 3 3 2 1 1 1 1 
28 25 22 20 14 13 13 11 11 8 7 7 6 6 5 5 5 4 4 4 3 3 3 1 1 1 1 1 
28 24 22 19 14 13 12 11 10 8 7 6 5 5 5 5 5 4 4 3 3 3 3 1 1 
28 23 22 19 14 12 12 11 10 7 7 5 5 5 5 5 4 4 3 3 3 3 3 1 1 
27 23 22 19 14 12 12 11 9 7 7 5 5 5 5 4 4 3 3 3 3 2 2 1 1 
26 23 22 18 14 12 12 11 9 7 7 5 5 5 5 4 4 3 3 3 3 1 
25 23 21 16 14 12 11 8 8 7 5 5 5 5 4 4 4 3 3 3 2 1 
25 23 19 15 13 12 10 8 8 6 5 5 5 4 4 4 4 3 3 2 2 
24 23 19 15 12 11 10 8 7 6 5 5 4 4 4 4 3 3 3 2 1 
23 22 18 14 10 10 9 8 7 5 5 4 4 4 4 4 3 3 3 2 1 
23 22 18 14 10 10 9 8 6 5 5 4 4 4 4 3 3 3 2 2 
22 19 18 14 10 10 9 8 6 5 5 4 4 4 4 3 2 2 2 1 
20 19 18 11 10 10 7 7 6 5 5 4 4 4 3 3 2 1 
20 19 18 11 10 10 7 7 6 5 4 4 4 3 3 2 2 1 
20 19 15 10 10 10 7 7 6 4 4 4 4 3 2 2 2 
20 19 15 10 10 10 6 6 6 4 4 4 4 3 2 2 2 
20 19 15 10 10 10 6 6 6 4 4 4 3 3 2 1 1 
20 19 14 10 10 8 6 6 4 4 4 4 3 3 2 1 
19 15 13 10 9 8 6 6 4 4 4 4 3 3 2 
18 15 13 10 9 8 6 6 4 4 4 3 3 3 2 
18 15 13 10 8 7 6 6 4 4 4 3 3 2 2 
17 15 11 9 8 7 5 4 4 4 4 3 2 2 
17 14 10 9 8 7 5 4 4 4 4 3 2 2 
16 14 9 9 7 6 4 4 4 2 2 2 2 1 
15 14 9 9 7 5 4 4 3 2 2 2 2 1 
15 13 9 7 6 4 4 3 3 2 2 2 1 1 
15 13 8 6 6 4 4 3 3 2 2 2 1 1 
14 12 8 6 6 4 4 3 2 2 2 2 1 1 
14 12 8 6 6 4 3 3 2 2 2 2 1 1 
14 12 6 5 5 4 3 3 2 2 2 2 1 1 
14 12 6 4 4 4 3 3 2 2 2 2 1 1 
12 11 6 4 4 4 3 3 2 2 1 1 1 1 
12 9 6 4 4 4 3 2 2 2 1 1 1 1 
12 9 6 4 4 4 3 2 2 2 1 1 1 1 
11 9 6 4 4 4 3 2 2 1 1 1 1 
11 9 5 4 4 3 3 2 2 1 1 1 1 
11 9 5 4 4 3 3 2 2 1 1 1 
11 9 4 4 4 3 3 2 2 1 1 
11 9 4 4 4 3 2 2 2 1 
10 9 4 4 4 2 2 1 1 1 
10 8 4 4 4 2 1 1 1 1 
10 7 4 4 4 2 1 1 1 1 
10 7 4 4 4 2 1 1 
10 6 4 4 3 2 1 1 
10 6 4 4 3 2 1 1 
10 5 4 3 3 2 1 1 
10 5 4 3 3 2 1 1 
10 5 4 3 3 2 1 1 
10 4 4 3 3 2 1 
10 4 3 3 3 2 1 
8 4 3 3 2 2 1 
7 4 3 3 2 1 1 
7 4 3 3 2 1 1 
6 3 3 2 2 1 1 
6 3 3 2 2 1 1 
6 3 3 2 2 1 
6 3 2 2 2 
5 3 2 2 2 
4 3 2 2 1 
4 3 2 2 1 
4 3 2 2 1 
4 3 2 2 1 
4 3 2 2 1 
4 3 2 2 1 
4 3 2 1 1 
4 3 2 1 1 
4 3 2 1 1 
3 3 2 1 1 
3 3 2 1 1 
3 3 2 1 1 
3 3 2 1 
3 3 2 1 
3 3 2 1 
3 3 2 1 
3 2 2 1 
3 2 2 1 
3 2 2 1 
3 2 1 1 
2 1 1 1 
2 1 1 1 
2 1 1 1 
2 1 1 
2 1 1 
2 1 
2 1 
2 1 
2 1 
2 1 
1 1 
1 1 
1 1 
1 1 
1 1 
1 1 
1 1 
1 1 
