156 148 146 146 136 125 124 116 101 100 91 90 89 87 84 84 84 75 75 72 70 66 65 63 63 63 59 58 58 58 58 56 53 51 51 51 51 50 48 45 45 43 42 42 42 40 39 39 38 38 37 36 35 35 35 31 30 29 28 28 28 28 28 28 28 27 27 27 26 26 26 26 26 26 26 26 24 22 22 22 22 22 17 17 17 16 15 15 15 13 13 12 12 12 12 11 11 11 10 10 10 10 10 9 9 9 9 9 9 8 8 8 8 7 7 7 7 7 7 7 7 7 7 7 7 7 5 5 5 5 5 5 5 5 5 3 3 3 3 3 3 3 3 3 3 3 3 3 2 2 2 2 2 2 2 2 2 1 1 1 1 1 
144 143 141 123 123 119 109 103 98 98 91 86 81 81 77 71 70 69 67 67 65 64 61 61 57 56 55 54 54 54 52 52 50 50 48 48 48 46 46 42 42 40 39 39 39 38 38 36 36 36 36 33 32 31 31 30 29 29 28 28 28 27 27 27 27 27 27 26 25 25 25 24 23 19 18 18 18 18 18 16 16 15 15 15 15 14 13 12 12 11 10 10 10 9 9 9 9 9 9 9 8 8 8 8 8 7 7 6 6 6 6 6 6 6 6 5 4 4 4 4 3 3 3 3 3 3 3 3 3 3 3 3 2 2 2 2 2 2 1 1 1 1 
144 140 124 122 117 114 104 103 86 86 84 82 80 73 73 69 66 66 66 65 63 63 60 58 57 55 54 52 52 52 52 49 49 49 45 45 44 37 37 37 37 36 36 36 36 36 35 34 34 34 32 32 30 29 29 29 28 27 27 26 26 25 24 23 23 22 22 21 21 19 19 19 17 17 17 17 17 14 14 14 14 14 14 14 12 11 11 11 11 10 10 9 8 8 8 8 8 8 6 6 6 6 6 6 5 5 5 5 5 4 4 4 4 4 4 4 4 3 3 3 3 3 3 3 3 3 3 3 3 3 3 2 1 1 1 1 
135 120 118 118 111 106 97 90 86 83 77 77 75 72 70 67 65 63 63 63 60 59 57 54 52 50 50 50 50 48 46 45 43 42 42 40 38 37 37 36 36 36 35 35 35 33 31 31 30 30 30 30 29 29 28 28 26 26 26 25 25 23 20 20 20 20 20 20 19 18 17 17 17 17 17 17 15 14 14 13 13 13 11 10 9 9 9 9 9 7 7 7 6 6 6 6 6 6 6 6 6 6 5 5 5 5 5 5 5 4 4 3 3 3 3 3 3 3 3 3 2 1 1 1 1 1 1 1 1 1 1 1 1 1 1 1 
121 118 118 113 104 94 93 89 86 79 77 77 75 70 65 65 63 62 60 60 51 50 46 46 46 46 46 46 44 44 41 40 40 40 40 38 37 37 37 35 34 32 30 30 28 28 28 28 28 27 27 25 25 25 25 25 24 24 23 21 21 20 20 19 19 19 19 19 19 17 17 17 17 17 16 13 13 13 12 12 11 11 11 9 9 9 9 9 8 7 7 7 6 6 6 6 6 6 6 5 5 5 5 5 5 5 3 3 3 3 3 3 3 3 1 1 1 1 1 1 1 1 1 1 1 1 1 1 1 1 1 1 1 
121 118 115 100 92 91 90 89 84 77 75 75 72 70 65 64 58 57 56 55 50 48 46 46 46 45 45 45 44 42 41 40 40 40 38 37 37 37 35 34 33 30 30 30 28 28 27 27 27 26 26 25 25 24 23 23 23 23 23 21 20 19 19 19 18 18 18 18 18 17 17 17 17 14 14 13 11 11 10 10 10 9 9 9 8 8 8 7 7 7 7 6 6 6 6 6 6 6 6 5 5 5 5 5 5 5 3 3 3 3 3 3 3 3 1 1 1 1 1 1 1 1 1 1 1 
117 113 99 98 89 88 88 80 80 75 75 73 67 62 62 60 58 54 54 53 50 46 46 45 44 44 44 44 42 42 40 40 37 37 36 32 32 32 32 32 31 30 30 29 28 27 24 24 24 24 23 23 22 22 22 22 21 20 20 20 20 18 18 18 18 17 17 17 17 15 14 13 11 11 11 11 11 11 9 8 8 8 8 8 7 6 6 6 6 6 6 6 6 6 6 6 5 5 5 5 5 5 5 4 3 3 3 3 3 3 3 3 2 2 1 1 1 1 1 1 1 
116 112 99 98 86 86 83 78 71 71 68 68 58 56 56 56 55 54 51 51 47 46 45 44 44 44 44 42 41 41 38 37 35 34 34 32 31 31 31 30 30 27 27 27 26 26 24 23 23 23 23 21 20 19 19 18 18 18 18 18 18 18 17 17 16 16 14 14 14 14 13 13 11 11 11 9 8 8 8 8 7 7 7 7 7 6 6 6 6 6 6 6 4 4 4 4 4 4 4 4 4 4 2 2 2 1 1 1 1 1 1 1 1 1 1 1 1 1 1 1 1 
116 104 99 98 85 83 80 74 71 71 68 65 56 55 53 51 51 51 50 49 47 45 45 42 41 41 40 39 37 37 37 35 32 32 32 32 31 30 30 26 26 26 26 26 25 24 23 23 23 22 22 19 19 19 18 18 17 17 17 17 17 17 16 16 15 15 12 11 11 11 11 10 10 10 10 9 8 8 8 7 7 7 7 6 6 6 6 5 5 4 4 4 4 4 4 4 4 4 2 2 2 2 2 2 2 1 1 1 1 1 1 1 1 1 1 1 1 1 1 1 
116 103 98 92 83 80 71 70 70 70 66 62 56 51 50 49 48 48 46 45 44 44 44 42 40 40 39 38 37 36 36 35 32 32 32 32 30 30 29 26 26 26 26 25 23 23 23 23 20 20 19 18 18 18 18 18 17 16 16 16 15 15 12 12 11 11 11 11 11 10 10 10 10 8 8 7 7 7 7 6 6 6 6 6 6 5 5 4 4 2 2 2 2 2 2 2 2 1 1 1 1 1 1 1 1 1 1 1 1 1 1 1 1 1 
110 102 93 89 81 79 71 70 66 66 63 59 55 50 50 49 48 48 44 44 44 43 39 38 37 37 36 35 35 34 33 32 31 30 30 30 30 29 28 26 25 24 24 24 22 22 22 21 19 19 18 18 18 17 17 17 16 16 16 15 14 13 12 12 11 11 11 9 9 9 9 8 8 8 7 7 7 7 6 6 6 6 5 5 5 5 4 4 3 2 2 2 2 2 2 2 2 1 1 1 1 1 1 1 1 1 1 1 1 1 1 
102 102 92 89 75 75 71 69 66 66 60 58 55 50 49 49 48 48 44 44 43 41 37 37 36 36 36 34 31 31 31 31 31 29 29 28 28 27 26 24 23 23 23 21 21 21 19 19 18 18 17 16 16 16 16 16 16 15 14 14 14 9 9 7 7 6 6 6 6 6 6 6 6 6 6 6 5 5 5 5 4 4 4 4 3 3 2 1 1 1 1 1 1 1 1 1 1 1 1 1 1 1 1 1 1 1 1 
96 95 91 89 73 73 69 69 66 61 59 58 51 50 49 49 48 48 44 41 37 37 36 36 35 35 34 33 31 31 31 31 30 26 26 26 25 25 25 22 22 22 22 18 17 17 17 17 17 16 16 14 14 14 14 14 14 14 13 12 12 9 9 7 7 6 6 6 6 6 6 6 6 6 6 6 5 5 4 4 4 4 4 3 3 2 1 1 1 1 1 1 1 1 1 1 1 1 1 1 1 1 1 1 1 1 
96 87 87 86 73 73 69 65 60 59 57 54 51 49 49 47 46 45 44 40 37 37 36 35 34 33 33 32 31 30 29 27 27 26 26 25 25 24 24 22 21 21 20 18 17 17 17 17 15 15 15 14 14 14 13 13 13 12 12 11 11 9 7 7 6 6 6 6 6 6 6 5 5 5 5 5 5 4 4 4 4 3 3 3 3 2 1 1 1 1 1 1 1 1 1 1 1 1 1 1 1 1 1 1 1 
95 84 83 83 72 71 68 61 60 58 56 54 50 48 47 47 45 44 43 39 37 37 36 34 34 33 32 31 29 28 27 27 26 26 26 24 24 20 20 19 19 19 18 18 17 15 15 15 15 15 15 14 14 12 12 12 12 11 11 11 11 9 7 6 6 6 6 6 6 6 5 5 4 4 4 4 4 4 4 4 3 3 2 2 2 2 1 1 1 1 1 1 1 1 1 1 1 1 1 1 1 1 1 
94 84 79 79 71 71 67 59 58 57 55 53 47 46 45 44 44 43 43 37 37 36 35 32 32 30 30 27 27 27 27 27 26 26 24 23 21 20 19 19 19 18 18 17 16 15 15 15 15 15 13 13 12 12 12 12 12 11 11 10 9 7 7 6 6 6 6 5 5 5 4 4 4 4 4 4 4 4 4 3 3 3 2 2 2 1 1 1 1 1 1 1 1 1 1 1 1 1 1 
94 81 78 77 71 71 66 59 58 57 54 52 46 46 44 44 43 43 40 37 36 36 35 29 28 28 28 26 25 24 23 23 23 21 21 21 20 20 19 18 17 17 16 16 16 15 15 15 15 15 13 13 12 12 12 11 11 11 11 8 8 7 7 6 6 5 5 5 4 4 4 4 4 4 4 4 3 3 3 3 2 2 2 2 2 1 1 1 1 1 1 1 1 1 1 1 1 1 1 
90 79 78 76 67 67 65 59 58 52 50 50 45 45 44 44 42 42 39 36 35 33 30 28 27 26 25 25 25 23 22 21 19 19 19 19 19 18 18 17 17 16 16 16 16 15 13 13 13 13 12 12 12 12 12 11 11 9 9 8 6 6 6 6 6 5 5 5 4 4 4 4 4 3 3 3 3 2 2 2 2 1 1 1 1 1 1 1 1 1 1 1 1 1 1 
80 78 78 71 67 66 60 58 52 50 49 49 45 45 44 41 40 39 38 36 32 32 29 27 25 24 24 24 22 22 20 19 19 19 19 19 18 18 18 16 16 16 16 16 15 15 13 13 13 13 12 12 12 11 11 10 10 9 8 8 6 6 6 6 6 5 5 5 4 4 4 3 3 3 3 2 2 2 2 2 2 1 1 1 1 1 1 1 1 1 1 
80 78 76 67 66 65 58 55 52 49 49 49 45 44 44 41 40 37 36 35 32 32 28 27 25 24 24 24 22 22 19 19 19 19 19 16 16 16 15 15 15 15 15 15 14 14 12 12 12 12 11 10 10 10 10 9 9 9 8 7 6 6 6 6 6 5 5 5 4 4 3 3 3 3 2 2 1 1 1 1 1 1 1 1 1 1 1 
79 75 72 67 66 63 56 55 51 49 49 47 45 44 43 40 38 36 34 33 32 30 28 25 24 24 24 23 22 22 19 19 18 18 18 16 16 15 15 15 13 11 11 11 11 11 10 10 10 10 10 10 10 10 9 9 8 8 7 6 6 6 5 5 4 4 4 4 3 3 2 2 1 1 1 1 1 1 1 1 1 1 1 1 
79 75 71 67 63 61 55 53 49 48 46 44 44 43 41 39 36 35 33 32 29 29 28 25 24 24 23 21 20 20 19 19 18 18 17 16 15 15 15 14 12 11 11 11 10 10 10 10 10 10 10 9 9 9 7 7 7 7 6 6 5 4 4 4 4 4 3 3 3 3 2 1 1 1 1 1 1 1 1 1 1 1 1 
73 71 67 64 62 55 54 53 48 48 43 43 41 39 37 37 36 34 32 31 29 28 27 24 24 23 22 20 20 20 17 17 16 16 15 15 15 15 12 12 12 11 11 10 10 10 10 10 10 9 9 9 9 9 7 7 7 7 6 6 5 4 4 3 3 3 3 3 3 3 2 1 1 1 1 1 1 1 1 1 1 1 
72 67 65 64 60 54 54 51 47 46 43 43 40 39 36 36 35 34 31 31 29 26 25 24 24 23 21 19 19 18 17 16 16 16 15 15 12 11 11 11 11 10 10 10 10 10 10 10 9 9 9 9 9 7 7 7 6 6 6 6 5 4 3 3 3 2 2 2 2 2 1 1 1 1 1 1 1 1 1 1 
69 65 63 61 59 54 52 48 47 46 43 43 36 36 36 35 35 33 29 28 26 26 25 24 22 21 20 19 18 18 16 16 16 16 13 13 12 11 11 11 11 10 10 10 10 10 9 9 8 8 7 7 7 6 6 6 6 5 5 5 3 3 2 2 2 2 2 1 1 1 1 1 1 1 1 1 1 
69 64 63 61 58 52 50 46 44 44 43 39 36 36 36 34 34 32 28 28 25 25 25 24 22 21 20 17 16 16 16 16 14 14 13 11 11 11 11 11 10 10 10 10 10 9 9 9 7 7 7 7 7 5 5 5 5 5 5 4 3 2 2 2 1 1 1 1 1 1 1 1 1 1 
68 60 60 60 58 52 50 43 40 39 39 39 36 35 35 34 31 27 27 26 25 24 24 22 22 21 20 17 16 16 16 15 13 13 12 11 11 11 11 10 10 10 9 9 9 9 9 9 7 7 7 7 6 5 5 5 4 4 4 3 3 1 1 1 1 1 1 1 1 1 1 1 
68 57 57 56 54 51 48 42 40 39 39 39 36 34 33 27 27 27 27 26 24 24 24 21 20 20 20 17 16 16 12 12 12 12 11 11 11 11 11 10 10 10 9 9 9 9 9 9 7 6 6 6 6 5 5 5 4 3 3 3 3 1 1 1 1 1 1 1 1 1 1 
67 57 57 55 53 48 47 41 38 37 36 32 32 32 28 27 26 25 23 23 23 22 22 20 19 19 17 17 16 15 12 12 12 12 11 11 11 11 10 10 10 10 9 9 9 8 8 7 7 6 6 6 5 4 2 2 2 2 2 2 2 1 1 1 1 1 
67 57 56 54 52 48 46 40 36 36 35 32 32 32 28 27 25 25 23 23 21 20 19 19 17 17 16 16 15 14 12 12 12 12 11 11 11 10 10 10 8 8 8 8 7 7 7 7 6 6 5 5 4 2 2 2 2 2 2 1 1 1 1 
67 56 56 52 51 47 44 40 36 36 35 32 32 31 23 23 23 22 22 22 19 19 19 19 17 16 16 14 14 14 12 12 12 12 11 11 11 10 10 10 8 8 8 7 7 7 6 5 5 5 5 4 4 2 2 2 1 1 1 1 1 1 1 
65 56 56 52 49 47 42 39 36 33 31 26 26 26 22 22 22 22 22 22 19 19 19 18 17 16 15 14 14 13 12 12 11 11 11 11 9 9 8 8 8 8 8 7 7 7 6 5 5 5 4 4 3 2 2 2 1 1 1 1 1 1 1 
65 56 53 49 46 44 37 35 35 31 29 26 26 26 22 22 22 22 22 22 19 18 17 17 16 16 14 14 14 12 12 12 11 11 11 11 9 9 8 7 7 7 7 6 6 5 5 5 4 3 3 3 2 2 2 1 1 1 1 1 1 
63 56 53 49 45 42 37 34 34 31 28 26 25 25 22 22 22 22 22 22 17 17 17 16 16 16 14 13 12 12 12 12 11 11 11 10 9 8 8 7 7 7 6 6 6 4 3 2 2 2 2 2 2 2 1 1 1 1 1 1 1 
59 56 51 48 41 41 35 34 34 31 28 26 24 24 22 22 22 21 19 19 17 17 17 16 16 14 12 12 12 12 12 11 10 10 10 9 7 7 7 7 7 6 6 5 4 4 3 2 2 2 1 1 1 1 1 1 1 
52 50 49 48 41 40 35 34 33 30 28 26 24 21 21 21 21 20 19 19 17 17 16 16 14 13 12 12 12 12 11 10 10 10 9 9 7 7 7 7 6 6 5 5 4 3 3 2 2 1 1 1 1 1 1 1 
51 48 48 44 41 38 35 34 32 29 23 23 23 21 21 21 21 20 18 18 17 16 13 12 11 10 10 10 10 10 10 9 9 9 8 7 7 6 6 6 6 5 5 4 4 3 2 1 1 1 1 1 1 1 1 1 
50 48 47 42 40 37 34 33 31 28 23 23 21 21 21 21 21 20 18 17 16 16 12 12 10 10 10 9 9 9 9 9 9 8 8 7 7 6 5 5 5 3 3 3 3 1 1 1 1 1 1 1 1 1 1 1 
49 48 45 40 39 36 31 31 30 28 23 21 21 21 20 20 20 20 18 16 16 13 11 11 10 10 10 9 9 9 9 8 8 8 7 7 7 6 5 5 5 3 3 3 2 1 1 1 1 1 1 1 1 1 
47 47 42 40 39 33 31 29 29 25 23 21 20 20 19 19 18 18 17 16 13 13 11 10 10 10 10 9 9 8 8 8 7 7 7 7 7 6 5 5 5 3 3 2 1 1 1 1 1 
47 45 42 39 35 31 31 29 28 25 22 21 19 19 19 19 18 17 15 15 13 13 11 10 10 10 9 9 9 8 8 8 7 7 7 6 6 5 4 4 4 3 3 2 1 1 1 1 1 
47 43 42 37 33 31 30 29 28 25 22 21 19 19 19 19 18 17 15 15 13 10 10 10 10 10 9 9 9 8 8 8 7 7 6 6 6 5 4 4 3 3 2 1 1 1 1 1 1 
47 43 42 37 33 29 28 27 26 25 21 21 19 19 18 18 18 17 15 13 13 10 10 10 10 10 9 9 9 8 8 7 7 7 6 4 4 4 3 3 2 2 2 1 1 1 1 1 
46 42 41 35 31 25 25 25 25 24 21 21 19 19 18 18 17 17 14 13 13 10 10 9 8 8 8 8 8 8 8 7 7 6 6 4 4 3 2 2 2 2 2 1 
46 41 41 34 30 25 25 25 25 24 20 20 19 19 18 18 17 17 13 13 12 10 10 8 8 8 8 8 8 8 7 7 6 6 6 4 4 2 2 2 2 2 2 1 
43 41 39 34 30 25 25 25 24 23 20 20 19 19 18 18 17 16 13 11 11 10 10 8 8 8 8 8 8 8 7 7 6 3 3 3 2 2 2 2 2 2 2 1 
40 39 38 34 28 25 25 24 23 23 20 20 18 18 18 16 14 13 13 11 9 9 9 8 8 8 8 8 8 8 6 6 3 3 3 3 2 2 2 2 2 1 1 1 
40 39 38 34 26 25 25 24 23 21 20 20 18 18 18 16 14 11 11 9 8 8 8 8 8 8 8 8 8 7 6 5 3 3 3 2 
39 39 37 34 26 24 24 23 23 21 20 19 18 18 18 15 14 11 11 9 8 8 8 8 8 8 8 8 7 5 4 4 3 3 3 2 
39 38 36 33 26 24 23 23 23 21 20 19 18 18 18 15 14 11 11 9 8 8 8 8 8 8 8 7 5 5 4 4 2 2 2 1 
39 37 35 31 24 23 23 21 21 20 20 18 17 16 16 11 11 11 11 9 8 8 8 8 8 7 7 5 5 5 3 3 2 2 2 1 
39 36 35 31 24 23 23 21 21 20 20 17 17 16 15 11 11 11 11 9 8 8 8 8 7 7 6 5 5 5 3 3 2 2 2 1 
39 34 34 31 24 23 21 20 20 19 19 17 16 16 14 11 11 11 10 9 8 8 7 6 6 6 6 5 5 4 3 2 2 2 1 1 
39 34 33 29 24 22 21 20 19 18 17 17 16 15 14 11 11 11 10 8 8 8 7 6 5 5 5 5 4 4 3 2 2 1 1 1 
37 34 30 28 23 22 20 20 19 18 17 17 16 14 13 11 10 10 10 8 8 7 5 5 5 5 5 5 4 3 2 2 1 1 1 
36 33 30 28 23 21 20 19 19 17 17 16 16 14 13 11 9 9 9 8 6 6 5 5 5 4 4 4 4 3 1 1 1 1 1 
35 32 30 28 23 20 20 19 19 17 16 15 15 14 12 10 9 9 9 8 6 5 5 5 5 4 3 3 3 3 1 1 1 
35 31 29 27 23 20 20 19 19 17 16 14 14 14 8 8 8 7 7 6 6 5 5 5 5 4 3 3 3 3 1 1 1 
35 31 29 27 23 19 19 19 19 17 15 14 14 13 8 8 8 7 7 6 6 5 5 5 5 4 3 3 3 2 1 
35 30 29 27 22 19 19 18 18 16 14 13 13 12 8 8 8 6 6 6 6 5 5 5 4 4 3 2 2 1 
34 30 28 27 22 19 18 18 18 16 14 13 13 11 7 7 5 5 5 5 5 5 5 5 3 3 3 2 2 1 
34 30 28 26 22 18 18 18 17 16 14 13 11 10 7 7 5 5 5 5 5 5 4 4 3 3 3 2 2 1 
34 30 28 25 22 18 18 18 15 15 14 13 11 10 6 6 5 5 5 5 5 4 4 4 3 3 3 2 1 1 
34 29 27 24 21 18 18 17 14 14 13 11 11 10 6 6 5 5 5 5 5 4 4 4 3 3 2 2 1 
34 28 26 24 21 18 18 15 14 14 13 11 11 9 6 6 5 5 5 5 4 4 4 4 3 3 2 1 1 
34 28 24 21 20 17 17 15 13 12 11 11 10 9 6 6 5 5 5 5 4 4 4 4 3 2 1 
33 28 24 21 19 17 17 15 13 11 11 11 9 9 6 6 5 4 3 3 2 2 2 2 2 2 1 
32 28 23 19 18 17 17 14 13 11 11 10 9 7 6 6 3 3 3 3 2 2 2 2 2 
31 24 23 19 18 17 16 14 10 10 10 9 9 7 6 5 3 3 3 3 2 2 2 2 2 
31 23 23 19 18 17 16 14 10 10 10 8 8 7 5 4 3 3 3 2 2 2 2 2 1 
30 23 21 19 18 17 16 14 10 10 10 8 8 6 5 3 3 3 2 2 2 2 2 2 1 
29 23 21 18 18 17 16 14 10 10 8 8 8 6 5 2 2 2 2 2 2 2 1 
29 22 19 18 18 16 12 12 9 7 7 7 7 6 3 2 2 2 2 2 2 1 1 
24 21 19 18 17 16 12 10 9 7 7 7 7 6 2 2 2 2 2 2 2 1 1 
24 20 16 16 14 13 9 8 7 7 6 6 5 5 2 2 2 2 2 1 1 1 1 
24 20 15 15 14 12 9 8 7 6 6 5 4 4 2 2 2 2 2 1 1 1 1 
24 20 15 14 14 11 8 7 7 6 6 5 4 4 2 2 2 2 2 1 1 1 1 
23 19 15 14 13 10 8 7 7 6 5 4 4 4 2 2 2 2 2 1 1 1 1 
21 19 15 14 13 10 7 7 7 6 5 4 3 3 2 2 2 1 1 1 1 1 1 
21 18 14 13 13 10 7 7 6 6 4 3 3 3 2 2 1 1 1 1 1 1 1 
18 17 13 13 12 10 7 7 6 5 4 3 2 2 2 1 1 1 1 1 1 1 1 
17 17 12 12 11 10 7 7 6 4 4 2 2 2 2 1 1 1 1 1 1 1 
17 14 12 12 11 10 7 6 5 3 3 2 2 2 1 1 1 1 1 1 1 
16 13 12 12 10 9 7 6 5 3 3 2 2 2 1 1 1 1 1 1 1 
14 12 10 10 10 8 7 6 5 3 2 2 2 2 1 1 1 1 1 1 1 
13 11 10 10 10 8 7 6 4 3 2 2 2 1 1 1 1 1 
12 11 10 10 10 7 6 5 4 3 2 2 2 1 1 1 1 
12 11 10 8 8 6 5 4 4 3 2 2 2 1 1 
11 11 10 8 8 5 5 4 3 3 2 2 2 1 1 
11 10 9 7 7 5 5 4 3 3 1 1 1 1 1 
11 10 9 7 7 5 5 3 3 3 1 1 1 1 1 
11 10 8 7 7 4 4 3 3 3 1 1 1 1 1 
10 8 8 7 7 4 4 3 3 3 1 1 1 1 1 
10 8 7 7 6 4 4 3 3 3 1 1 1 1 1 
10 8 6 6 5 4 4 3 2 2 1 
10 8 6 5 5 3 3 3 2 1 
10 8 6 5 3 3 3 3 2 1 
10 7 6 5 3 3 3 3 2 1 
10 7 6 5 3 3 2 2 2 1 
9 7 5 5 3 3 2 2 2 
8 6 5 5 3 3 2 2 1 
7 6 5 5 3 3 2 2 1 
7 6 5 5 3 3 2 2 1 
7 6 5 5 3 3 2 2 1 
7 5 5 5 3 3 2 2 1 
6 5 5 5 3 3 2 2 1 
6 5 5 5 3 2 2 2 1 
6 5 5 4 3 2 2 2 1 
6 5 4 3 3 2 2 1 1 
6 5 4 3 2 2 1 1 
5 5 3 2 2 2 1 1 
5 5 3 2 2 2 1 1 
5 4 3 2 2 1 
5 4 2 2 2 1 
5 4 2 2 2 1 
5 4 2 2 2 1 
5 4 2 2 2 1 
5 4 2 2 2 1 
5 3 2 2 2 1 
5 3 2 2 2 1 
5 3 2 2 2 1 
5 3 2 2 2 1 
3 3 2 2 2 1 
3 3 2 2 2 1 
3 3 2 1 1 1 
3 3 2 1 1 1 
3 3 1 1 1 1 
3 3 1 1 1 1 
3 2 1 1 1 1 
2 2 1 1 1 1 
2 1 1 1 1 1 
2 1 1 1 1 1 
2 1 1 1 1 1 
2 1 1 1 1 1 
2 1 1 1 1 
2 1 1 1 1 
2 1 1 1 
2 1 1 1 
2 1 1 1 
2 1 1 
2 1 1 
2 1 1 
2 1 1 
2 1 1 
2 1 
2 1 
2 1 
2 1 
2 1 
2 1 
2 1 
2 1 
2 1 
2 1 
2 1 
2 
2 
2 
2 
2 
2 
