180 159 143 142 137 122 122 120 120 113 107 107 97 95 95 92 89 88 88 86 81 79 79 79 79 79 74 74 69 67 67 67 63 62 58 58 58 56 56 54 53 53 53 51 47 47 47 46 45 44 43 42 37 35 34 34 32 30 29 29 29 29 29 28 28 25 25 24 24 22 22 22 20 20 20 20 20 19 19 18 18 18 16 16 16 15 15 15 15 13 13 13 13 12 12 12 12 12 11 10 9 9 9 9 9 9 9 9 9 9 9 9 9 9 9 9 9 9 8 8 7 7 7 5 5 5 5 5 5 5 5 5 5 5 4 4 4 4 3 3 3 3 3 3 3 3 3 3 2 2 2 2 2 2 2 2 1 1 1 1 1 1 1 1 1 1 1 1 1 1 1 1 1 1 1 1 1 
146 144 139 137 123 115 111 108 108 106 101 101 95 90 89 87 85 83 79 79 79 79 79 73 73 72 70 69 66 61 61 60 60 60 57 55 55 52 48 47 46 44 44 43 43 43 43 38 33 31 30 30 30 30 30 30 30 30 29 26 26 26 26 26 25 24 22 20 19 19 19 18 18 18 18 18 18 17 17 17 16 16 16 16 16 15 14 14 13 13 13 13 12 10 10 10 10 10 10 9 9 9 9 9 8 8 8 8 8 8 7 7 7 7 7 7 7 7 7 7 6 6 5 5 4 4 4 4 4 4 4 4 4 4 3 3 3 2 2 1 1 1 1 1 1 1 1 1 1 1 1 
142 124 120 111 111 109 103 102 99 96 95 93 91 86 80 78 76 70 70 68 68 68 68 68 67 65 61 60 60 60 59 57 55 55 55 52 50 49 41 41 38 38 37 37 37 35 34 34 33 30 30 30 30 30 30 28 28 24 24 24 24 24 23 23 23 19 19 19 18 18 18 18 18 17 16 16 16 16 16 16 16 15 14 14 14 14 14 13 12 12 12 12 10 9 8 8 8 6 6 6 6 6 6 6 6 6 6 6 6 6 5 5 5 5 5 5 5 5 5 5 5 3 2 2 2 2 1 1 
136 122 116 111 104 102 101 100 87 87 85 80 80 78 76 73 72 68 68 68 68 65 65 63 63 62 60 59 58 58 57 54 49 47 46 46 46 41 39 38 37 35 35 35 34 33 31 31 31 28 28 28 24 24 23 23 22 21 20 20 20 20 20 19 19 19 19 18 18 18 18 17 17 17 16 16 16 15 14 14 14 14 14 13 13 11 11 10 10 10 10 9 9 8 8 8 8 6 6 6 6 6 6 6 6 6 6 5 5 5 3 3 3 3 3 3 3 3 2 2 1 1 1 1 1 1 
133 117 109 109 99 98 97 91 87 84 83 77 75 70 65 65 64 64 64 63 62 62 62 58 58 57 56 55 51 51 50 50 46 46 45 44 44 36 35 35 33 33 33 31 31 30 29 29 29 25 24 22 21 21 21 21 21 20 20 20 20 19 18 18 18 18 18 18 18 17 17 16 16 16 16 16 15 14 14 13 13 13 13 13 11 11 10 10 10 10 9 8 8 8 7 7 7 6 6 6 6 6 6 6 5 5 5 5 5 4 3 3 3 3 3 3 3 3 2 1 1 1 1 1 
127 111 105 103 92 91 85 85 82 81 76 72 72 68 65 64 64 63 63 63 61 58 57 57 54 53 53 52 49 47 47 47 44 42 41 39 38 35 35 34 33 33 29 29 28 28 28 25 25 24 22 21 21 21 20 20 20 20 20 19 19 19 18 18 17 17 17 17 17 17 16 16 15 15 14 13 13 13 12 12 11 11 11 10 10 8 7 7 7 6 6 6 6 5 4 4 4 4 4 4 4 4 4 3 3 3 3 3 3 3 3 3 3 3 3 3 3 2 1 1 
120 111 100 97 91 91 78 76 76 76 74 71 71 67 65 64 64 61 59 57 57 57 53 53 52 50 47 47 47 45 44 44 43 42 40 39 38 35 35 34 33 32 28 28 25 25 25 24 23 21 21 21 20 20 20 20 19 18 18 18 18 18 18 18 17 17 17 17 16 16 15 14 14 14 13 13 11 10 9 9 9 9 8 8 7 7 7 7 7 5 5 5 5 4 4 4 3 3 2 2 2 2 2 2 2 2 1 1 1 1 1 1 1 1 1 1 1 1 1 1 
120 110 97 95 91 90 76 76 76 75 73 71 70 65 64 63 59 59 57 57 56 52 52 52 49 45 45 45 42 41 41 41 41 40 39 39 37 35 35 31 31 29 28 25 24 23 23 22 22 21 21 21 20 20 20 20 18 18 18 18 18 17 17 17 17 16 16 15 14 14 14 13 10 10 9 8 8 8 8 8 8 7 7 7 6 5 5 5 5 5 5 5 3 3 3 3 2 2 2 2 2 2 2 2 1 1 1 1 1 1 1 1 1 1 1 1 1 1 1 1 
110 108 96 95 91 83 76 76 75 74 73 70 70 65 64 60 59 57 55 55 55 52 51 45 44 44 41 41 41 39 37 37 37 37 34 33 32 30 25 25 25 25 23 22 22 22 21 20 20 20 20 20 20 19 18 18 16 16 16 16 16 16 16 16 13 13 13 13 12 10 10 9 8 8 8 8 8 8 8 8 7 7 6 6 6 5 5 5 5 4 4 4 2 2 2 2 2 2 2 2 2 2 1 1 1 1 1 1 1 1 1 1 1 1 1 1 
110 105 94 89 89 77 76 76 71 71 70 64 63 63 62 57 57 56 55 55 53 51 51 45 44 42 41 41 40 39 37 37 35 32 32 29 29 25 25 25 22 22 21 21 21 21 21 20 20 20 20 20 20 18 17 17 16 16 16 16 16 16 15 15 13 13 13 12 11 10 9 9 8 8 8 6 6 4 4 4 4 4 4 4 4 4 4 4 4 4 4 2 2 2 2 2 2 2 2 1 1 1 1 1 1 1 1 1 1 1 1 1 1 1 1 
110 101 90 89 83 75 75 75 68 67 67 63 63 60 56 56 54 53 53 52 52 46 46 45 44 42 40 40 39 38 37 32 30 30 29 28 27 25 24 24 22 21 21 20 20 20 20 20 19 19 19 19 17 17 17 17 16 15 14 13 13 13 13 13 12 12 11 10 9 9 9 8 8 7 7 5 4 4 3 3 3 3 3 3 3 3 3 3 3 3 3 2 2 2 2 1 1 1 1 1 1 1 1 1 1 1 1 1 1 1 1 
104 100 89 89 83 74 74 74 68 67 67 61 60 60 56 54 53 53 51 47 46 45 43 41 41 41 40 37 36 36 31 30 29 29 29 26 26 23 22 22 21 21 21 20 20 20 20 19 18 18 18 18 17 14 13 13 13 12 12 12 12 12 12 12 12 10 10 9 9 9 8 7 6 6 5 4 4 4 3 3 3 3 3 3 3 3 3 3 3 3 3 1 1 1 1 1 1 1 1 1 1 1 1 1 1 1 1 1 1 
95 95 89 81 76 72 69 69 67 66 64 61 59 59 55 53 52 49 48 46 45 43 40 40 38 37 37 37 36 34 30 30 29 29 28 26 26 22 22 21 21 21 21 20 20 20 20 18 16 14 14 14 14 13 13 13 12 12 12 12 11 11 11 9 9 7 7 7 7 7 6 6 6 4 4 3 3 3 3 3 3 3 3 3 3 3 2 2 2 2 2 1 1 1 1 1 1 1 
95 92 87 78 73 72 69 68 65 65 64 60 55 52 51 51 50 48 47 46 44 38 38 37 37 37 35 35 32 31 29 29 29 29 24 23 22 22 22 21 21 21 21 20 20 20 17 15 15 14 13 13 13 13 12 12 12 12 12 11 11 11 10 9 9 7 7 7 6 5 5 5 4 4 4 3 3 3 3 3 2 2 2 2 2 2 2 2 2 2 2 1 1 1 1 1 1 
95 87 86 78 72 72 69 66 62 58 56 56 55 51 50 49 49 47 45 43 42 38 37 37 36 33 33 33 30 29 29 28 28 28 24 23 22 22 21 21 20 20 19 19 19 19 17 15 15 13 13 13 13 13 12 12 12 12 11 11 11 10 10 9 7 7 6 5 5 5 5 5 4 4 4 3 3 3 3 3 2 2 2 2 2 2 2 2 1 1 1 1 1 1 
95 87 85 77 72 71 65 61 60 56 56 55 51 51 46 46 46 42 42 41 39 36 36 35 35 33 33 32 30 29 28 28 27 26 23 23 22 22 21 20 20 19 19 19 19 18 17 14 13 13 13 13 13 12 12 12 12 11 10 10 10 8 7 6 6 6 6 5 5 5 5 4 4 3 3 3 3 3 3 2 2 2 2 2 2 2 1 1 1 1 1 1 1 
92 86 80 77 69 69 64 61 60 54 53 53 49 49 46 46 44 42 42 39 39 36 36 35 35 33 31 30 30 29 28 26 26 25 23 22 22 22 20 20 20 18 18 18 16 16 16 14 13 13 13 13 12 11 11 11 10 10 10 10 10 7 7 6 6 6 5 5 5 4 4 4 3 3 3 3 3 3 3 2 2 2 2 2 2 1 1 1 1 1 1 1 
90 86 79 71 69 68 62 61 58 54 53 51 49 49 46 46 44 40 40 39 38 36 36 34 34 33 30 28 27 26 26 26 25 22 22 20 19 19 19 19 18 17 16 16 16 16 14 14 13 12 11 10 10 10 10 9 9 8 8 6 6 6 6 6 6 4 4 4 4 3 3 3 3 3 3 3 3 3 2 2 1 1 1 1 1 1 1 1 1 1 
90 84 77 70 65 64 60 56 56 53 52 51 47 43 43 43 41 35 35 34 34 34 33 33 32 31 30 27 26 24 23 22 22 22 22 19 19 19 17 17 17 16 14 14 14 14 14 13 13 11 10 10 10 10 8 8 8 8 6 6 6 6 6 6 5 4 4 4 4 3 3 3 3 3 2 2 2 2 2 2 1 1 1 1 1 1 1 1 1 1 
87 81 71 65 64 62 58 56 49 49 48 48 47 43 43 40 38 35 35 34 34 34 33 31 30 30 23 23 23 21 20 20 20 19 19 19 18 18 16 16 15 15 13 13 13 13 13 12 12 11 10 10 9 9 8 8 4 4 4 4 4 4 4 4 3 3 3 3 3 3 2 2 2 2 2 2 2 2 1 1 1 1 1 1 
87 74 64 64 63 62 54 52 49 47 47 46 43 43 42 40 36 35 34 32 32 32 32 29 29 27 23 22 22 19 17 17 17 17 17 17 15 15 15 15 15 13 13 13 13 13 11 11 10 10 9 9 8 8 7 6 4 4 4 4 3 3 3 3 3 3 3 3 2 2 2 2 2 2 2 2 2 2 1 
84 73 64 64 62 61 53 51 49 47 45 45 43 38 36 35 35 35 32 32 31 31 31 29 29 25 22 22 19 19 17 17 17 17 17 17 15 15 15 15 14 13 13 12 12 12 11 11 10 9 6 6 6 6 5 4 4 4 4 4 3 3 3 3 3 3 3 3 2 2 2 2 2 2 2 
83 69 60 58 55 54 51 48 46 46 45 44 43 37 36 35 32 32 32 31 30 29 29 29 28 25 22 21 18 18 17 16 16 16 16 15 15 15 14 13 13 11 11 9 9 9 9 8 8 8 6 5 5 5 5 4 4 4 3 3 3 3 2 2 2 2 2 2 1 1 1 1 1 1 1 
77 66 60 57 55 54 51 48 45 45 44 44 43 37 36 35 32 31 31 30 29 28 28 28 27 22 22 21 18 18 17 16 16 16 15 13 13 13 10 8 8 8 7 7 7 7 7 7 7 7 5 5 5 5 5 3 3 3 3 2 2 2 2 2 2 2 2 2 1 1 1 1 1 
75 65 60 57 55 51 50 48 44 44 43 43 39 36 33 33 32 30 30 26 25 24 24 24 24 22 21 21 17 17 17 15 15 13 13 13 13 12 9 7 7 7 7 7 7 7 7 7 7 6 5 5 5 5 4 3 3 2 2 2 2 2 2 2 2 2 2 1 1 1 1 1 1 
75 65 60 55 55 51 47 47 44 44 42 40 38 36 33 33 32 30 28 25 25 24 24 23 23 21 21 17 16 16 16 15 15 13 13 13 13 11 9 7 7 7 7 7 7 7 7 7 7 6 5 5 4 4 4 3 2 2 2 2 2 2 2 2 2 2 2 1 1 1 1 1 1 
75 64 59 55 53 49 45 45 42 41 41 40 37 36 33 33 31 29 28 25 24 24 23 23 21 19 16 16 16 15 10 10 10 10 9 9 9 9 9 7 7 7 7 7 7 7 7 7 7 5 4 4 4 3 3 2 2 2 2 2 2 2 2 2 2 2 1 1 1 1 1 1 
71 63 58 55 53 49 45 43 41 40 40 40 37 35 33 33 31 28 28 24 24 23 23 21 21 19 16 16 15 15 10 10 10 10 9 9 9 9 7 7 7 7 7 6 6 6 6 5 5 5 4 3 3 3 3 2 2 2 2 2 2 2 2 2 2 2 1 1 1 1 1 1 
68 61 58 55 51 49 44 43 39 39 39 38 37 35 33 32 31 28 27 24 23 23 23 20 17 17 14 14 13 13 10 10 10 8 8 8 8 8 7 7 7 5 5 5 4 4 4 4 4 4 3 3 3 2 2 2 2 2 2 2 2 2 2 2 2 2 1 1 1 
66 60 56 54 49 47 44 42 39 39 38 38 36 34 33 32 30 26 26 24 21 21 21 19 17 17 14 14 13 13 10 10 9 8 8 7 7 6 6 6 6 5 5 4 4 4 4 4 4 3 3 3 3 2 2 2 2 2 2 2 2 1 1 1 1 1 1 
63 59 53 50 49 47 43 38 38 38 37 36 34 30 28 28 27 25 25 23 21 19 18 18 17 15 14 13 13 11 10 10 8 8 7 7 7 6 6 6 6 5 4 4 4 4 4 4 3 3 2 2 2 2 2 2 2 2 1 1 1 1 1 1 1 
59 58 53 50 48 47 40 38 38 37 35 34 33 29 27 27 27 23 22 21 20 18 18 16 15 14 13 11 10 10 9 9 8 8 7 6 6 5 5 4 4 4 4 4 4 4 4 3 3 3 2 2 2 2 2 2 2 1 1 1 1 1 1 1 
58 58 53 49 48 44 40 37 36 36 35 33 30 28 27 27 27 22 21 20 20 17 17 16 15 13 13 9 9 9 9 9 8 7 6 6 6 4 4 4 4 4 4 4 4 3 3 3 3 2 2 2 2 2 1 1 1 1 1 1 1 1 
56 55 53 49 48 44 37 36 35 35 35 33 30 28 27 27 26 22 18 18 16 16 15 14 14 13 12 9 9 7 6 6 6 6 6 6 6 4 4 4 4 4 4 4 3 3 3 3 2 2 2 2 1 1 1 1 1 1 1 1 1 1 
55 52 52 49 47 44 37 36 35 35 31 31 30 28 27 26 25 21 17 16 14 14 14 14 13 12 11 9 9 6 6 6 6 6 6 6 5 4 4 4 4 4 4 4 3 3 2 2 2 2 2 1 1 1 1 1 1 1 
55 52 49 47 47 42 37 36 35 34 31 30 30 28 27 26 22 21 16 16 14 14 14 14 13 11 9 8 7 6 6 6 6 6 6 5 4 4 4 4 4 4 3 3 3 3 2 2 2 2 2 1 1 1 1 1 
55 52 49 47 46 41 37 35 35 32 30 29 29 26 26 24 22 21 16 16 14 13 13 13 13 11 9 6 6 6 6 6 6 5 5 4 4 4 4 4 4 3 3 3 3 3 2 2 1 1 1 1 1 1 1 1 
55 51 46 45 44 41 37 33 33 31 30 29 26 25 25 23 22 19 14 14 13 13 13 13 12 11 9 6 6 6 6 6 5 5 4 4 4 4 3 3 3 3 3 3 2 2 2 2 1 1 1 1 1 1 
55 51 46 42 42 40 36 33 31 31 29 28 26 25 25 23 20 18 14 13 11 11 11 11 10 9 9 6 6 6 6 6 5 5 4 3 3 3 3 3 3 3 3 3 2 2 1 1 1 1 1 1 1 
54 51 46 42 40 39 35 33 31 29 29 27 26 25 23 22 20 17 14 11 11 11 11 11 9 9 9 6 6 6 6 6 5 5 4 3 3 3 3 3 3 2 2 2 1 1 1 1 1 1 1 1 1 
53 49 46 40 39 37 34 31 29 27 27 26 25 22 21 21 20 16 12 11 11 9 9 9 8 8 8 6 5 5 5 5 5 4 3 3 3 3 3 3 3 2 2 2 1 1 1 1 1 1 1 1 1 
53 49 45 40 39 36 32 31 28 27 27 26 24 21 21 19 14 14 11 11 9 9 8 8 8 7 7 6 5 5 5 5 5 4 3 3 3 3 3 3 3 2 2 1 1 1 1 1 1 1 
50 47 44 40 38 34 32 31 28 27 26 25 23 21 21 19 13 13 11 11 8 7 7 6 6 5 5 5 5 5 4 4 4 3 3 3 3 3 3 3 3 2 2 1 1 1 1 1 1 
50 46 43 39 37 33 32 30 27 27 24 24 21 21 21 19 13 13 11 9 8 7 7 5 5 5 5 5 4 4 4 4 3 3 3 3 3 3 3 2 2 2 2 1 1 1 1 1 
50 46 42 38 36 31 31 29 27 26 23 19 19 19 19 18 13 13 11 9 7 7 7 5 5 4 4 4 4 4 4 4 3 3 3 3 3 3 3 2 2 1 
48 45 34 34 33 30 29 28 25 25 23 19 19 19 18 18 13 12 11 8 7 7 5 4 4 4 4 4 4 4 4 4 3 3 3 3 3 2 2 2 1 1 
48 45 34 33 33 27 27 27 25 24 20 19 18 18 18 16 12 12 11 8 7 6 4 4 4 4 4 4 4 4 3 3 3 3 3 3 2 2 2 1 1 1 
46 42 33 31 29 27 26 25 23 23 20 19 18 18 17 15 11 11 9 8 7 6 4 4 4 4 4 4 3 3 3 3 3 3 2 2 1 1 1 1 1 1 
45 42 32 31 29 27 26 25 22 22 20 19 18 18 16 14 11 11 8 7 6 6 4 4 4 4 4 4 3 3 3 3 3 3 1 1 1 1 1 1 1 1 
45 40 32 31 29 27 26 24 21 20 19 18 16 16 16 14 11 10 7 6 6 5 4 4 4 4 4 4 3 3 3 3 3 3 1 1 1 1 1 1 1 
44 38 32 28 28 26 25 24 21 19 18 15 15 14 14 12 11 10 7 5 5 5 4 4 4 4 4 4 3 3 3 3 3 3 1 1 1 1 1 1 
44 35 32 28 27 25 23 21 18 18 15 14 14 14 14 11 10 9 7 5 5 5 4 4 4 4 4 3 3 3 3 3 3 2 
44 31 28 27 26 25 21 20 17 16 15 14 14 14 13 11 9 9 7 5 5 4 4 4 4 4 4 3 3 3 3 3 3 2 
42 29 28 26 24 23 20 18 16 16 14 14 14 14 10 9 9 8 6 5 5 4 4 4 4 4 3 3 3 3 3 3 2 1 
41 28 26 24 23 23 19 18 16 15 14 14 13 12 9 9 7 7 6 5 5 4 3 3 3 3 3 3 3 3 2 2 1 1 
41 27 24 24 23 20 18 17 15 13 13 13 12 12 8 8 7 7 5 5 4 4 3 3 3 3 3 3 3 3 1 1 1 
38 27 24 22 22 20 18 16 13 13 13 13 12 12 8 8 6 5 5 5 3 3 3 3 3 3 3 3 3 2 1 1 
38 27 24 22 22 20 17 15 13 13 12 12 12 11 7 7 6 5 5 3 3 3 3 3 3 3 3 3 3 2 1 1 
38 27 24 22 22 20 17 14 13 13 12 12 10 9 6 6 6 5 5 3 3 3 3 3 3 2 2 2 2 2 
36 27 24 22 19 19 16 14 13 12 12 12 10 9 6 6 6 5 3 3 3 3 3 3 2 2 2 2 1 1 
36 27 24 22 19 19 15 14 12 12 11 11 8 8 6 6 6 5 3 3 3 3 3 2 2 1 1 1 1 1 
34 27 23 21 19 18 15 14 12 12 11 11 8 8 6 6 6 5 3 3 3 3 2 1 1 1 1 1 1 1 
30 26 22 21 19 18 15 13 12 9 8 8 8 8 6 6 6 5 3 3 3 3 2 1 1 1 1 1 1 
29 26 22 21 19 18 15 12 12 9 8 8 7 7 6 6 4 4 3 3 3 3 2 1 1 1 1 1 1 
29 26 22 21 19 18 14 11 11 8 8 8 7 7 6 5 4 4 3 3 3 3 2 1 1 1 1 1 
29 26 21 21 19 13 11 10 10 8 8 7 7 6 6 5 4 3 3 3 3 3 2 1 1 1 1 1 
29 25 20 19 17 11 10 9 9 8 8 7 6 6 5 5 4 3 3 3 3 3 2 1 1 1 1 1 
28 25 20 19 16 11 9 9 8 7 7 7 6 6 5 5 4 3 3 2 2 1 1 1 1 1 1 
26 24 20 19 14 10 9 8 8 7 7 6 6 6 5 4 4 3 3 2 2 1 1 1 1 1 1 
25 23 20 18 14 10 9 8 8 7 7 6 6 6 4 4 3 3 2 2 2 1 1 1 1 1 1 
25 23 19 16 14 10 9 8 7 7 6 6 6 6 4 4 3 2 2 2 2 1 1 1 1 1 1 
25 23 19 14 13 8 7 7 6 6 6 6 6 4 4 3 2 2 2 2 2 1 1 1 
25 22 19 13 12 8 7 7 6 6 6 6 5 4 4 3 2 2 2 2 2 1 
24 21 15 13 11 8 7 7 6 6 6 6 5 4 4 3 2 2 2 2 2 1 
24 21 14 13 11 8 7 7 6 6 6 5 5 4 4 3 2 2 2 2 1 1 
24 18 14 13 11 8 7 7 6 6 6 5 5 4 3 3 2 2 2 2 1 1 
23 18 14 13 11 8 7 7 6 6 6 5 4 4 3 3 2 2 2 2 1 1 
21 17 14 11 9 7 7 7 6 6 6 5 4 4 3 3 2 2 2 1 1 1 
21 17 12 10 9 7 7 7 6 6 6 5 3 3 3 3 2 2 1 1 1 1 
21 13 12 10 9 7 7 6 6 5 4 4 3 3 3 2 2 2 1 1 1 1 
21 12 11 10 9 7 7 6 5 5 4 3 3 3 3 2 2 2 1 1 
20 12 11 10 9 7 7 6 5 5 4 3 3 3 3 2 2 2 1 1 
18 12 11 10 9 7 6 6 5 5 4 3 2 2 2 2 1 1 1 1 
18 12 11 10 9 7 6 6 5 5 4 3 2 2 2 1 1 1 1 1 
18 11 11 9 9 7 6 5 5 4 4 3 2 2 1 1 1 1 1 1 
18 11 11 9 9 7 6 5 5 4 4 3 2 2 1 1 1 1 1 1 
17 11 11 9 9 7 6 5 5 2 2 2 1 1 1 1 1 1 1 1 
17 11 10 9 9 6 6 5 5 2 1 1 1 1 1 1 1 1 
17 11 10 9 9 6 6 5 5 1 1 1 1 1 1 1 1 1 
17 11 10 9 9 6 5 5 5 1 1 1 1 1 1 1 1 
16 11 10 7 7 6 5 5 3 1 1 1 1 1 1 1 1 
16 11 10 7 7 5 5 4 3 1 1 1 1 1 1 1 
15 11 10 7 7 5 5 3 3 1 1 1 1 1 1 
15 11 10 7 7 5 5 3 3 1 1 1 1 1 1 
15 10 10 7 7 5 5 3 1 1 1 1 1 
15 10 10 6 6 5 5 2 1 1 1 1 1 
14 10 10 6 5 4 4 2 1 1 1 1 
14 10 10 5 5 4 4 1 1 1 1 
13 10 8 5 4 4 4 1 1 1 
13 10 8 5 4 4 3 1 1 1 
13 10 8 4 4 4 3 1 1 1 
13 10 5 4 4 4 2 1 1 1 
13 10 5 4 4 4 2 1 1 1 
12 9 5 4 4 4 2 1 1 1 
12 7 5 4 4 2 2 1 1 1 
11 7 5 4 2 2 1 1 1 
8 5 5 3 2 2 1 1 1 
8 5 5 3 2 2 1 1 1 
7 5 5 3 2 2 1 1 1 
7 5 4 3 2 2 1 1 1 
7 5 4 2 2 2 1 1 1 
5 5 4 2 2 2 1 1 1 
5 5 4 2 2 1 1 1 1 
5 5 4 2 2 1 1 1 1 
5 5 3 2 2 1 1 1 
5 5 2 2 2 1 1 1 
5 3 2 2 2 1 1 
5 3 2 2 2 1 1 
5 3 2 2 2 1 1 
5 3 2 2 2 1 
5 3 2 2 2 1 
4 3 2 2 
4 3 2 2 
4 3 2 1 
4 3 2 1 
4 3 1 
4 1 
4 1 
4 1 
4 
4 
4 
4 
4 
4 
4 
4 
4 
3 
3 
3 
3 
3 
2 
2 
2 
