186 166 162 154 134 119 113 112 111 111 106 106 106 98 96 95 92 90 90 81 79 78 76 74 72 64 64 64 58 54 54 51 47 46 46 46 43 42 42 42 42 42 41 41 41 41 38 38 37 36 35 35 35 35 35 35 34 32 32 32 30 30 30 30 30 30 29 29 28 28 28 24 24 24 24 23 22 21 21 21 21 21 21 21 21 21 17 17 16 14 14 14 14 14 14 14 14 14 13 13 12 12 12 12 11 10 9 9 8 8 8 8 8 8 8 8 7 7 7 7 6 6 6 6 6 6 6 5 5 5 4 4 4 4 4 2 2 2 2 2 2 2 2 2 2 2 2 2 2 2 2 2 2 2 2 2 2 2 2 2 2 2 1 1 1 1 1 1 1 1 1 1 1 1 1 1 1 1 1 1 1 1 
174 154 129 127 118 114 109 109 105 105 104 102 97 96 92 91 88 87 85 77 74 74 72 69 62 61 57 57 57 54 51 47 46 46 44 44 42 42 41 41 41 41 41 39 39 38 38 35 35 33 31 31 31 30 30 30 30 29 29 28 28 28 28 28 28 25 25 24 24 22 21 20 19 19 18 17 16 16 16 15 15 15 15 14 14 14 14 14 14 14 13 12 12 12 11 11 11 10 8 7 7 7 7 7 7 7 7 7 7 7 7 7 6 6 6 6 6 6 5 5 5 5 5 4 4 4 3 3 3 3 3 3 3 3 3 2 2 2 2 1 1 1 1 1 1 1 1 
148 120 111 110 106 98 98 97 95 95 87 87 83 82 81 78 78 77 76 75 73 73 70 69 59 54 54 52 52 51 46 46 46 45 43 43 42 41 41 41 41 40 39 38 38 34 34 34 30 30 30 29 28 27 27 26 26 26 26 26 26 26 26 24 23 22 22 22 21 20 20 18 16 16 16 16 15 14 14 14 14 14 14 14 13 12 12 12 12 11 11 9 9 9 8 8 8 8 7 7 7 7 7 7 7 6 6 6 6 6 6 6 6 6 6 6 5 5 5 5 5 5 4 3 3 3 3 3 3 3 3 3 3 3 3 1 
142 117 100 99 95 94 93 93 90 90 84 83 80 79 78 74 71 71 71 67 67 67 63 56 56 48 48 48 48 48 46 44 44 44 43 42 42 41 40 37 37 37 37 36 33 33 33 31 29 28 28 28 27 26 26 26 26 26 26 26 25 25 23 22 22 20 19 17 17 17 15 14 14 14 13 13 13 13 13 13 13 13 13 12 12 12 12 10 9 9 9 9 9 9 8 8 7 7 7 7 6 6 6 6 6 6 6 4 4 4 4 4 4 4 4 4 4 4 4 4 4 3 3 3 2 2 2 2 2 2 2 2 1 1 1 1 
135 113 99 95 92 90 90 90 86 83 76 76 76 73 72 72 71 69 69 67 67 64 54 50 49 48 48 47 47 46 45 44 44 40 38 38 38 36 34 33 32 32 32 32 32 32 31 31 29 28 26 26 26 26 26 26 26 25 23 23 22 20 20 20 17 17 17 17 16 16 14 14 14 14 13 13 13 13 13 12 12 12 11 11 10 9 9 9 9 9 9 9 8 7 7 7 7 6 6 6 6 5 5 5 4 4 4 4 4 4 4 4 3 3 3 3 3 3 3 3 3 2 2 2 2 2 1 1 1 1 1 1 1 1 1 
125 105 97 94 91 90 82 80 78 77 75 74 73 73 70 68 66 61 61 59 59 58 49 48 48 47 47 47 45 44 43 42 40 37 37 35 34 32 32 32 32 32 32 32 32 31 30 29 27 26 25 24 24 24 24 24 24 23 21 19 19 19 19 19 17 17 17 17 16 16 14 14 13 13 13 13 13 13 13 12 12 12 11 10 9 9 9 8 8 8 8 8 7 7 6 6 6 6 6 5 5 4 4 4 4 4 4 4 3 3 3 3 3 3 3 3 3 3 3 2 2 2 1 1 1 1 1 1 1 1 1 1 1 1 
125 103 95 94 89 87 77 77 77 74 72 72 72 69 66 63 62 58 56 56 56 52 49 45 45 45 44 43 43 42 42 40 39 37 36 34 33 32 32 32 32 31 30 29 28 28 27 27 25 25 24 24 24 24 23 22 21 18 18 17 17 17 17 16 15 15 15 15 13 13 13 13 13 13 13 13 13 13 12 11 11 10 10 9 9 8 7 7 7 7 7 7 7 7 4 4 4 4 4 4 4 4 4 4 4 4 4 4 3 3 3 3 3 2 2 2 2 2 2 1 1 1 1 1 1 1 1 1 1 1 1 1 
124 101 92 87 87 78 77 72 69 67 65 62 62 62 59 59 59 56 56 51 51 50 46 45 44 44 44 41 40 40 40 39 39 37 35 34 33 31 31 31 31 30 29 29 27 27 27 26 24 24 24 23 23 23 20 19 19 18 17 17 17 17 17 15 15 15 13 13 13 12 12 12 12 12 12 12 11 11 11 11 10 9 9 9 9 8 7 7 7 7 7 6 5 5 4 4 4 4 4 4 4 4 4 3 3 2 2 2 2 2 2 2 2 2 2 2 2 1 1 1 1 1 1 1 1 
121 94 89 87 86 76 75 70 68 66 64 62 62 62 59 59 57 56 52 46 45 45 44 41 41 41 40 40 40 40 40 37 37 36 33 32 31 31 31 28 28 28 28 27 26 25 25 25 24 22 22 21 21 21 20 19 19 18 17 17 15 14 14 14 14 14 13 13 13 12 12 12 11 11 11 10 10 10 10 10 10 9 8 8 8 7 6 6 6 6 5 5 5 5 4 4 4 3 3 3 3 3 3 2 1 1 1 1 1 1 1 1 1 1 1 1 1 1 1 1 1 1 1 1 1 
110 92 85 85 82 76 72 67 66 64 62 60 59 57 57 55 53 53 46 45 44 42 42 41 40 39 39 37 37 36 36 36 36 34 32 32 31 31 30 27 27 26 25 24 24 23 23 20 20 19 18 18 17 17 17 16 16 16 16 15 14 14 14 13 13 13 13 12 12 11 10 10 10 10 10 9 9 9 8 8 7 7 7 7 6 5 5 5 5 5 4 4 4 4 4 3 3 2 2 2 2 2 2 2 1 1 1 1 1 1 1 1 1 
109 91 83 83 80 72 70 67 64 62 62 60 59 57 57 52 48 46 46 44 42 42 42 39 39 38 38 37 36 35 35 34 34 33 32 31 30 28 28 27 25 25 25 24 22 22 21 20 20 19 16 16 15 15 15 15 15 15 15 15 14 13 13 13 13 13 11 11 11 9 9 8 8 8 8 8 8 6 6 6 6 6 6 5 5 4 4 4 4 4 3 3 3 3 3 3 3 2 2 2 1 1 1 1 1 1 1 1 1 1 1 
105 90 83 81 78 72 68 67 60 60 58 57 55 53 46 46 45 45 44 42 40 40 40 38 38 37 37 37 35 34 32 31 31 31 31 29 28 27 26 26 20 20 19 19 19 19 17 17 17 17 16 16 15 15 15 15 14 14 13 13 11 11 11 11 11 11 11 9 9 9 8 8 7 7 7 6 6 6 6 6 6 5 5 5 4 3 2 2 2 2 2 2 2 2 2 2 2 2 2 1 1 1 1 1 1 1 1 1 1 1 1 
103 87 81 80 74 66 65 65 59 59 57 57 54 47 45 44 43 43 42 40 39 38 38 37 37 36 34 31 31 31 31 31 31 31 29 27 27 25 24 23 20 19 19 19 19 18 17 17 16 16 16 15 15 15 15 14 13 12 10 10 10 10 10 9 9 9 8 8 8 8 7 7 6 6 6 6 6 5 4 4 4 4 4 4 3 3 2 2 1 1 1 1 1 1 1 1 1 1 1 1 1 
103 84 80 80 71 66 64 64 59 57 57 55 54 47 45 44 41 41 40 39 39 38 38 36 35 35 33 31 31 31 31 30 30 30 27 27 26 24 23 22 20 19 19 18 17 17 16 15 15 15 15 14 14 14 14 12 12 12 10 10 10 10 9 9 8 8 8 8 8 7 7 6 6 5 5 5 5 4 4 4 3 3 3 3 3 3 1 1 1 1 1 1 1 1 1 1 1 1 1 
101 84 80 73 69 65 64 62 59 56 49 49 48 47 43 42 41 40 39 39 38 38 37 35 33 33 31 31 31 31 30 30 30 29 27 26 26 22 22 22 19 19 19 18 16 15 15 15 15 15 14 14 14 14 13 12 12 12 10 10 10 10 9 8 8 8 7 7 7 6 5 5 5 5 3 3 3 2 2 2 2 2 2 2 2 2 1 1 1 1 1 1 
97 84 79 73 69 63 63 61 56 50 48 48 46 44 42 41 40 39 39 36 35 35 34 34 33 32 31 31 30 29 28 27 26 26 25 25 25 22 21 21 19 19 18 16 15 15 15 14 14 14 14 14 14 13 12 11 11 11 10 10 10 9 9 8 8 8 6 6 5 5 5 5 4 4 3 3 3 2 2 2 2 2 2 2 2 2 1 1 1 1 1 
94 82 77 73 68 62 51 48 47 46 46 46 42 41 40 40 40 37 37 35 34 33 33 32 31 31 28 28 28 24 21 21 21 21 21 21 21 21 21 20 19 18 18 15 14 14 14 14 14 14 14 13 13 11 10 10 10 10 9 9 8 7 7 7 7 7 6 6 5 5 5 5 4 4 2 2 2 2 2 2 1 1 1 1 1 1 1 1 
92 82 77 67 62 61 49 48 46 45 45 43 41 41 38 38 38 37 37 34 34 33 31 31 31 30 28 28 28 24 21 21 21 21 21 21 20 19 19 18 18 14 13 13 13 13 12 12 11 11 11 11 11 10 10 8 8 8 8 8 7 7 6 5 5 5 5 5 5 4 3 3 3 3 2 2 1 1 1 1 1 1 1 1 1 1 1 1 
83 75 72 65 61 59 48 46 44 43 43 42 37 37 35 34 33 33 33 32 32 32 30 30 29 29 28 26 26 23 21 21 21 20 20 19 19 18 15 14 14 14 13 12 12 12 11 11 11 11 11 11 9 9 9 8 8 8 7 7 7 5 5 5 5 5 5 4 3 3 3 3 3 2 2 2 1 1 1 1 1 1 1 1 1 1 
79 75 71 61 56 54 47 45 44 43 43 40 37 36 33 33 33 33 33 32 32 29 28 27 27 27 23 23 21 20 20 20 20 19 19 19 17 16 14 14 14 14 13 12 11 11 11 11 11 11 11 11 9 9 9 8 8 6 6 6 5 5 5 4 4 4 4 3 3 3 3 3 2 2 2 1 1 1 1 1 1 1 1 1 1 
72 72 69 61 55 54 47 44 43 39 39 38 37 35 33 33 32 32 32 29 28 27 27 27 27 27 23 23 21 20 20 20 19 19 19 17 16 16 14 14 13 13 12 12 11 11 11 11 10 9 9 9 9 7 7 7 7 6 6 6 5 5 5 4 4 4 4 3 3 3 3 2 2 2 1 1 1 1 1 1 1 1 1 1 1 
72 71 65 57 55 53 46 43 43 39 39 36 36 35 33 31 30 29 29 28 27 27 27 25 25 25 22 22 20 18 18 18 17 17 16 16 16 16 14 14 12 12 12 11 10 10 10 10 9 9 9 9 7 7 7 7 7 6 6 5 5 5 4 4 4 3 3 3 3 3 2 2 2 1 1 1 1 1 1 1 1 1 1 
72 68 65 56 55 50 45 43 42 39 39 36 35 34 32 31 28 28 28 27 26 26 26 25 24 23 22 22 20 16 16 16 16 16 16 16 16 14 14 14 12 11 11 11 9 9 9 9 9 9 9 7 7 6 6 5 5 5 5 5 5 5 3 3 3 3 3 3 3 3 2 1 1 1 1 1 1 1 1 1 1 
72 66 64 55 52 48 45 43 42 39 39 36 35 34 30 30 28 28 28 27 26 26 25 25 23 21 21 21 20 16 16 16 16 15 15 14 14 14 14 14 12 11 11 10 9 9 9 7 7 7 7 7 7 6 5 4 4 4 4 4 4 4 3 3 3 3 3 2 2 2 2 1 1 1 1 1 1 1 1 1 1 
64 63 61 55 52 45 45 42 42 37 36 36 34 31 30 30 28 28 28 26 26 26 25 24 21 21 20 20 20 16 16 16 16 15 14 14 14 14 12 12 11 11 11 9 8 8 8 7 7 7 7 6 5 5 4 4 4 4 4 4 4 3 3 3 3 3 3 2 2 1 1 1 1 1 1 1 
61 61 61 55 52 45 45 42 39 37 36 36 31 31 29 29 28 28 25 25 25 25 24 21 21 21 20 20 19 16 16 16 14 14 14 14 14 12 12 11 11 11 11 9 8 8 8 5 5 5 5 5 4 4 4 4 4 4 4 4 3 3 3 3 2 2 2 2 1 1 1 1 1 1 1 1 
61 59 59 55 52 45 43 41 37 36 36 35 31 31 29 29 26 26 25 25 25 25 24 20 20 20 19 19 17 15 15 14 14 14 14 14 14 12 12 11 11 11 11 8 8 7 7 5 5 5 5 5 4 4 4 4 3 3 3 3 3 3 2 2 2 2 2 2 1 1 1 1 1 1 1 
61 59 59 54 49 45 42 40 37 35 35 30 30 30 28 27 25 24 24 24 23 23 22 20 20 19 19 19 17 15 15 14 14 14 12 11 11 11 11 10 10 9 9 7 7 7 7 5 5 5 5 5 4 4 4 3 3 3 3 3 2 2 2 2 2 2 1 1 1 1 1 1 1 1 1 
60 58 58 52 49 43 41 39 37 34 33 30 30 30 27 25 25 24 23 23 22 22 22 20 20 17 17 17 17 15 13 13 13 13 11 11 11 10 10 10 10 9 8 7 7 7 5 5 5 3 3 3 3 3 3 3 3 3 3 2 2 2 2 2 2 1 1 1 1 1 1 1 
60 56 55 52 47 43 40 37 35 34 31 30 29 29 25 25 25 24 23 22 22 21 21 20 20 17 17 16 14 13 13 13 13 13 11 11 11 10 9 8 8 8 8 7 7 6 5 5 5 3 3 3 3 3 3 3 3 3 3 2 2 2 2 1 1 1 1 1 1 1 
60 56 55 52 47 43 38 35 35 33 31 30 29 27 25 24 24 24 23 22 22 21 21 18 18 17 16 15 14 13 13 13 13 11 10 9 8 8 8 8 8 7 6 6 6 4 4 4 4 3 3 3 3 3 3 3 3 3 2 2 2 2 1 1 1 1 1 1 1 1 
59 56 54 50 47 43 37 35 35 32 31 30 28 26 25 22 22 22 22 21 20 19 19 17 17 17 15 14 12 12 12 12 12 11 9 9 8 8 7 7 7 7 5 4 3 3 3 3 3 3 3 3 3 3 3 3 3 3 2 2 1 1 1 1 1 1 1 1 1 1 
59 53 52 49 47 41 37 35 32 31 30 28 26 26 25 22 22 22 20 20 20 19 19 17 17 17 15 14 12 12 12 12 12 11 9 8 8 8 7 7 6 6 4 3 3 3 3 3 3 3 3 3 3 3 3 2 2 1 1 1 1 1 1 1 1 1 1 
58 52 51 46 46 41 37 35 32 31 30 27 26 23 23 22 22 21 20 19 19 19 19 17 16 15 15 14 12 12 12 12 11 10 8 8 8 8 7 6 5 5 3 3 3 3 3 3 3 3 3 3 3 3 2 2 2 1 1 1 1 1 1 1 1 1 1 
58 52 49 46 43 38 37 33 32 31 27 27 26 23 23 22 22 19 19 18 18 18 17 16 16 14 13 13 12 11 11 11 11 10 8 6 6 6 5 5 4 4 3 3 3 3 3 3 3 3 3 3 3 2 2 2 2 1 1 1 1 1 1 1 1 1 
57 51 49 44 43 37 36 33 26 26 26 26 26 23 23 22 22 19 18 18 18 17 15 15 14 13 12 12 12 11 10 10 10 8 6 6 6 6 5 4 3 3 3 3 3 3 3 3 3 3 3 3 3 2 2 2 1 1 1 1 1 1 
52 51 49 44 41 36 36 33 26 26 26 25 25 23 23 22 22 19 18 16 16 14 13 13 12 12 12 12 11 11 10 10 9 8 6 6 6 6 3 3 3 3 3 3 3 3 3 3 3 3 2 2 2 2 1 1 1 1 1 1 1 
51 51 45 42 41 36 36 33 26 26 26 25 23 22 22 22 22 19 15 14 14 13 13 13 12 12 12 12 10 10 9 8 7 6 6 6 5 5 3 3 3 3 3 3 3 3 3 3 3 2 2 2 2 1 1 1 1 1 1 1 1 
51 50 45 41 39 36 34 33 26 26 26 24 23 22 22 22 19 15 15 14 14 13 12 12 12 12 12 11 9 9 8 8 7 6 6 5 5 5 3 3 3 3 3 3 3 3 3 3 3 2 2 2 2 1 1 1 1 1 
51 49 44 39 38 35 34 33 26 24 24 24 23 22 22 22 19 15 15 14 14 12 12 12 11 11 10 10 9 8 8 8 7 6 6 5 5 4 3 3 3 3 3 3 3 3 3 3 3 2 2 2 2 1 1 1 1 1 
50 49 43 38 38 35 34 29 26 24 23 23 23 22 21 19 18 14 13 13 12 12 12 11 11 11 10 9 8 8 8 7 7 6 6 5 5 4 3 3 3 3 3 3 3 3 2 2 2 2 2 2 1 1 1 1 
50 48 43 38 38 34 34 29 24 24 23 22 22 22 20 19 18 13 13 12 12 12 12 11 10 10 8 8 8 8 8 7 6 6 6 5 5 4 3 3 3 3 3 3 3 3 2 2 2 2 2 1 1 1 1 1 
44 44 43 37 35 34 29 28 24 24 22 21 20 20 19 19 18 13 13 12 12 12 12 10 10 10 8 8 8 8 8 6 6 6 6 5 5 4 3 3 3 3 3 3 3 2 2 2 2 2 1 1 1 1 1 1 
44 44 42 35 35 29 29 28 24 24 22 21 19 19 17 15 14 13 12 12 12 12 11 10 10 10 8 8 8 8 7 6 6 6 6 5 4 4 3 3 3 3 3 3 2 2 2 2 2 1 1 1 1 1 
44 44 42 35 35 28 27 27 23 23 22 19 19 16 15 14 14 13 12 12 12 12 11 10 10 8 8 8 8 8 6 6 6 6 6 5 4 4 3 3 3 3 2 2 2 2 2 2 1 1 1 1 1 1 
44 44 42 35 33 28 27 27 23 22 19 18 17 16 15 14 14 13 12 11 11 11 10 10 9 8 8 8 8 7 6 6 6 5 5 4 4 4 3 3 3 3 2 2 2 2 2 2 1 1 1 1 
44 40 40 35 32 27 27 27 22 21 19 17 16 16 14 14 13 12 12 11 11 11 9 9 9 8 8 7 7 7 6 6 6 5 5 4 4 4 3 3 3 2 2 2 2 2 
44 39 39 35 31 27 26 26 22 19 17 16 16 13 13 13 12 12 11 11 11 11 9 9 8 8 8 7 7 6 5 5 5 5 5 4 4 4 3 3 2 2 2 2 2 1 
44 39 37 35 31 27 26 25 20 19 16 16 16 13 13 12 12 11 11 11 10 10 9 9 8 8 7 7 7 6 5 5 4 4 4 4 3 3 3 3 2 2 2 1 1 
43 39 35 34 31 27 26 25 19 19 16 16 16 13 12 12 12 11 11 11 9 9 9 9 8 7 7 6 6 4 4 4 4 4 4 4 3 3 2 2 2 2 2 
43 37 35 34 29 27 25 23 19 17 16 16 13 13 12 12 11 11 11 10 9 9 9 9 8 7 6 6 5 4 4 4 4 4 4 3 2 2 2 2 2 2 1 
43 37 35 33 28 27 25 23 19 17 16 16 13 12 12 12 11 11 9 9 9 9 8 8 8 7 6 6 5 4 4 4 3 3 3 3 2 2 2 1 1 
41 35 34 31 25 23 23 22 18 17 15 15 13 12 12 12 10 10 9 9 9 9 8 7 7 6 6 5 5 4 3 3 3 3 3 2 2 2 2 
40 35 33 31 25 23 20 20 18 17 15 15 13 12 12 12 10 10 9 9 9 9 8 7 7 5 5 5 4 4 3 3 3 3 3 2 2 1 1 
38 35 33 30 23 23 20 18 17 17 15 14 13 12 12 10 10 10 9 9 8 7 7 6 6 5 4 3 3 3 3 2 2 2 2 1 1 1 
37 33 32 30 23 19 19 18 17 15 15 14 12 12 12 10 10 9 9 6 6 6 6 6 5 5 4 3 3 3 3 2 2 2 2 1 1 1 
35 32 31 25 22 19 18 18 17 15 15 14 12 12 12 9 8 8 8 6 6 6 6 5 5 4 3 3 3 3 2 2 2 2 1 1 1 
33 31 25 23 22 19 18 18 16 15 15 14 12 12 11 9 8 8 8 6 6 6 5 5 4 4 3 3 3 3 2 2 2 2 1 1 1 
33 31 23 23 22 19 18 18 16 15 15 12 12 12 10 9 8 8 8 6 6 5 5 4 3 3 3 3 3 3 2 2 2 2 1 1 1 
33 25 21 21 21 19 18 18 15 15 14 11 10 10 9 8 8 8 8 6 6 5 5 4 3 3 3 3 3 3 2 2 2 2 1 1 
32 24 21 21 20 19 17 16 15 13 13 10 9 9 9 8 8 8 6 6 6 5 5 4 3 3 3 3 3 2 2 2 2 1 1 
31 21 21 21 19 19 17 15 15 13 11 9 9 9 9 8 8 7 6 6 6 5 3 3 3 3 3 3 3 2 2 2 1 1 
30 21 20 19 19 19 17 14 13 12 11 9 9 9 8 8 8 7 6 6 6 3 3 3 3 2 2 2 2 2 2 2 1 
30 21 20 18 17 16 16 14 13 11 11 9 8 8 8 7 6 6 6 5 5 3 3 3 3 2 2 2 2 2 2 1 1 
29 21 20 18 17 16 16 14 13 11 11 9 8 8 8 6 6 6 6 5 3 3 3 3 3 2 2 2 2 2 1 1 1 
28 21 19 18 17 16 15 13 12 11 9 9 8 7 6 6 6 6 5 5 3 3 3 3 3 2 2 2 2 2 1 1 1 
28 21 19 17 17 16 15 13 12 10 9 9 7 6 6 6 6 5 5 4 3 3 3 3 2 2 2 2 2 1 1 1 1 
27 19 18 17 17 14 14 13 10 10 9 7 7 6 5 5 5 5 4 4 3 3 3 3 2 2 2 2 1 
26 19 18 16 16 14 14 12 10 10 9 6 6 5 5 5 5 5 4 4 3 3 3 2 2 2 2 2 
26 19 17 16 15 14 14 11 8 8 8 6 5 5 5 5 5 4 4 4 3 3 2 2 2 2 1 
26 19 17 15 14 14 13 11 8 8 8 6 5 5 5 5 5 4 4 3 3 3 2 2 2 2 1 
26 17 17 15 14 14 12 11 8 8 8 6 5 5 5 5 5 4 4 3 3 2 2 2 1 1 1 
26 17 16 15 14 12 11 11 8 8 8 6 5 5 5 5 5 4 4 3 2 2 2 1 1 1 1 
26 16 15 14 14 12 11 9 8 8 6 6 5 5 5 5 5 3 3 3 2 2 2 1 1 1 1 
26 16 15 14 12 11 11 9 8 8 6 5 5 5 5 5 5 3 3 2 2 1 1 1 1 1 1 
26 16 15 14 12 11 11 8 8 8 5 5 5 5 5 5 5 3 2 2 2 1 1 1 1 1 
26 16 14 14 11 11 10 8 8 8 5 5 5 5 4 4 4 3 2 2 2 1 1 1 1 1 
26 16 14 14 11 11 9 8 8 8 5 5 5 5 4 4 3 3 2 2 2 1 1 1 1 1 
24 16 14 13 11 11 8 8 8 7 5 5 4 4 4 4 3 3 2 2 1 1 1 1 1 
22 15 14 13 11 10 8 8 8 7 5 5 4 4 4 3 2 1 1 1 1 1 1 1 
22 14 14 12 11 10 8 8 8 7 5 4 4 3 3 2 1 1 1 1 1 1 1 1 
21 14 13 12 10 9 8 8 8 7 4 4 3 3 3 1 1 1 1 1 1 1 1 1 
21 14 13 10 10 9 8 8 7 6 4 3 3 3 3 1 1 1 1 1 1 1 1 
20 14 12 10 9 9 8 7 6 6 4 3 2 1 1 1 1 1 1 1 1 1 
20 14 12 9 9 9 6 6 6 6 4 3 2 1 1 1 1 1 1 1 1 1 
19 14 12 9 9 9 6 6 5 5 4 3 2 1 1 1 1 1 1 1 1 1 
19 13 12 8 8 8 5 5 5 5 4 3 1 1 1 1 1 1 1 1 1 1 
19 12 10 8 8 8 5 5 4 3 3 3 1 1 1 1 1 1 1 1 1 1 
19 12 10 8 8 8 5 5 3 3 3 2 1 1 1 1 1 1 1 1 
17 11 10 8 8 8 5 5 3 3 3 2 1 1 1 1 1 1 1 1 
17 11 10 8 7 7 5 5 3 3 3 2 1 1 1 1 1 1 
17 11 10 8 7 7 5 5 3 3 2 1 1 1 1 1 1 1 
16 10 10 8 7 7 5 5 3 3 2 1 1 1 1 1 1 1 
16 10 9 8 7 6 5 3 3 3 2 1 1 1 1 1 1 1 
16 10 9 7 7 6 5 3 3 2 2 1 1 1 1 1 1 1 
15 9 9 7 7 6 5 3 3 2 2 1 1 1 1 1 1 1 
15 9 9 7 7 6 5 3 2 1 1 1 1 1 1 1 1 1 
15 9 9 7 7 6 5 2 1 1 1 1 1 1 1 1 1 1 
15 9 9 7 7 6 4 2 1 1 1 1 1 1 1 1 1 
15 9 8 7 7 6 3 2 1 1 1 1 1 1 1 1 
14 9 8 7 7 5 3 2 1 1 1 1 1 1 1 
14 9 8 7 7 5 3 2 1 1 1 1 1 
14 9 7 7 6 4 3 2 1 1 1 
12 9 7 7 6 3 3 2 1 
12 9 7 7 6 3 3 2 1 
12 9 7 7 6 3 3 2 1 
12 9 7 7 6 3 3 2 1 
12 9 7 6 6 3 2 1 1 
12 7 6 6 6 3 2 
12 6 6 5 5 3 2 
11 6 6 5 4 3 2 
10 6 6 5 4 3 
10 6 6 5 4 1 
9 6 6 4 4 1 
9 5 5 4 3 1 
8 5 5 4 3 
8 5 5 4 2 
8 5 5 3 1 
8 5 5 3 1 
6 5 5 2 1 
6 5 5 2 1 
6 5 4 1 1 
6 5 4 1 1 
6 5 4 1 1 
6 5 3 1 1 
6 5 2 1 1 
6 5 2 1 
6 5 2 1 
6 5 1 1 
6 5 1 1 
6 4 1 1 
6 4 1 1 
6 4 1 1 
6 4 1 1 
6 4 1 1 
6 3 1 1 
6 3 1 1 
6 3 1 
5 3 1 
5 3 1 
5 3 1 
5 2 1 
5 2 
5 2 
4 2 
3 2 
3 2 
3 2 
3 1 
2 1 
2 1 
2 1 
2 1 
1 1 
1 1 
1 1 
1 1 
1 1 
1 1 
1 1 
1 1 
1 1 
1 1 
1 1 
1 1 
1 1 
1 1 
1 1 
1 1 
1 1 
1 1 
1 1 
1 
1 
1 
1 
1 
1 
1 
1 
1 
1 
1 
1 
1 
1 
1 
1 
1 
1 
1 
