157 149 134 130 130 124 123 122 116 110 110 103 102 93 89 85 84 82 82 80 80 79 72 72 72 72 68 66 66 65 65 64 64 62 61 61 59 58 58 57 57 55 54 51 50 49 48 46 45 44 42 40 37 37 34 34 34 34 34 32 32 31 31 28 28 27 27 27 27 27 27 27 27 27 24 24 24 21 21 21 21 21 21 19 19 19 19 18 17 14 13 13 13 13 13 13 13 13 13 13 13 11 11 11 10 10 10 10 9 8 8 8 8 8 7 7 6 6 6 6 6 5 5 5 5 5 5 5 5 5 4 4 4 4 4 4 4 4 3 3 2 2 1 1 1 1 1 1 1 1 1 1 1 1 1 1 1 1 1 1 1 1 1 1 1 1 1 1 1 1 1 1 1 1 1 1 1 1 1 
152 140 129 126 126 119 117 110 104 100 97 96 93 91 88 84 82 79 78 77 76 71 71 69 69 68 65 55 54 53 53 53 52 52 52 50 50 48 47 46 44 44 43 41 40 37 37 34 34 34 33 33 33 33 33 33 33 30 30 30 29 29 29 28 28 26 26 26 25 24 24 21 21 21 21 21 21 20 20 19 19 18 18 18 18 16 16 16 13 13 13 13 13 13 13 12 12 12 12 11 11 10 10 10 9 9 9 9 8 8 8 8 7 7 7 6 6 6 5 5 4 3 3 3 2 2 2 2 2 2 2 2 1 1 1 1 1 1 
138 127 119 117 115 115 108 107 99 96 95 91 89 89 86 80 80 78 76 73 72 70 69 69 66 66 60 55 53 51 50 50 50 50 48 48 46 43 41 41 41 40 40 38 37 37 34 34 33 33 33 33 33 33 32 31 31 30 29 27 27 27 25 25 24 24 24 23 23 23 23 21 21 17 16 16 16 16 16 16 15 15 15 13 12 12 12 8 8 8 8 8 8 8 8 8 8 8 8 8 7 7 7 7 7 6 6 5 5 5 5 5 5 5 4 4 4 4 4 2 2 2 2 2 2 1 1 1 1 
132 126 109 108 105 96 95 95 95 93 93 91 84 83 83 80 76 75 74 72 67 64 63 63 61 59 59 53 52 50 50 50 49 48 47 46 43 41 40 40 39 36 35 35 35 35 34 33 33 33 33 32 32 32 30 29 28 28 28 27 25 24 24 24 23 22 21 21 20 19 17 17 17 16 16 16 16 16 16 16 15 15 14 12 12 11 11 8 8 8 8 8 8 7 7 7 7 7 5 5 5 5 5 4 4 4 4 4 4 4 4 4 4 4 3 3 3 3 2 2 
125 117 109 106 103 95 95 94 94 92 88 87 83 81 81 76 75 70 65 65 65 64 62 59 59 58 58 52 50 49 47 47 47 44 43 42 41 40 39 39 37 35 35 35 35 35 34 29 29 29 27 27 25 25 25 25 22 22 22 22 22 21 21 21 21 19 18 17 16 15 15 15 14 14 14 13 13 13 13 11 11 11 11 10 10 10 10 8 6 6 6 6 6 6 6 6 5 5 4 4 4 4 4 4 4 4 4 4 4 4 3 2 2 2 2 2 2 2 1 1 
118 116 96 96 95 94 93 93 93 88 82 81 79 77 77 74 72 63 63 59 59 57 51 50 47 47 47 45 43 43 43 43 42 40 40 40 39 39 39 36 36 35 35 35 34 33 32 28 27 27 27 26 25 25 25 24 22 22 22 22 22 21 20 20 18 17 16 16 14 13 13 13 13 13 13 11 11 11 11 11 10 10 10 10 10 10 8 7 6 5 4 4 4 4 4 4 4 4 4 4 4 4 4 4 4 4 4 4 3 3 2 2 2 2 2 2 1 
116 115 95 94 94 92 92 89 89 80 79 78 73 73 69 68 67 62 56 56 55 55 50 50 47 47 46 45 43 43 43 43 42 40 40 39 38 35 34 34 34 33 33 29 29 29 29 27 27 27 25 24 24 23 22 22 22 18 18 18 16 15 15 15 15 14 13 13 13 13 13 13 13 13 11 11 11 11 11 11 9 7 7 7 7 7 7 6 6 4 4 4 4 4 4 4 4 4 4 4 4 4 4 4 3 2 2 2 2 2 
115 115 95 94 91 87 86 82 82 77 72 70 68 64 64 64 60 57 56 56 49 48 48 48 47 47 46 43 43 42 42 42 42 40 40 36 36 35 33 33 33 31 30 28 27 27 27 27 26 26 22 22 22 22 22 19 18 18 17 16 16 15 15 15 13 13 13 13 10 10 10 10 9 9 9 9 9 9 9 9 7 7 7 6 6 6 6 6 5 4 4 4 4 4 4 4 3 3 3 2 2 2 1 1 1 1 
115 112 94 86 83 81 80 80 77 76 70 68 65 63 58 58 57 57 56 54 49 48 48 48 46 44 44 43 43 42 42 41 39 38 35 33 30 30 27 26 26 26 25 24 23 23 23 22 22 22 22 22 22 22 18 18 16 16 16 15 15 14 14 12 12 12 12 12 10 10 10 9 9 9 8 8 8 8 8 8 7 7 7 6 6 5 5 4 4 4 4 4 4 4 4 3 3 2 2 2 2 2 1 1 1 1 
112 109 94 85 82 80 76 75 73 71 69 65 65 61 57 57 57 55 53 52 48 47 47 47 46 44 43 42 42 41 41 40 38 37 35 28 27 27 26 26 25 23 23 23 21 21 21 21 21 21 21 21 20 18 18 16 16 16 14 14 14 14 13 12 11 11 10 10 10 8 8 8 8 8 8 8 8 8 7 7 7 7 6 6 6 4 4 4 4 4 4 4 4 4 4 2 2 2 2 2 1 1 1 1 1 
109 100 88 83 81 75 72 71 71 68 68 65 64 56 56 55 53 52 51 50 47 47 46 44 42 42 42 40 40 36 36 35 34 34 33 28 27 27 26 25 25 23 23 23 21 21 21 21 19 18 18 17 17 17 14 14 14 14 14 14 14 13 12 10 10 10 10 10 8 8 8 8 8 7 6 6 6 6 4 4 4 4 4 4 4 4 4 4 4 4 2 2 2 1 1 1 1 1 1 1 1 1 1 
94 92 87 72 72 72 71 71 69 65 65 62 58 56 55 53 53 51 49 49 47 45 44 43 42 41 37 36 36 36 36 31 30 30 30 27 27 26 26 25 24 23 23 21 21 20 18 18 18 17 17 16 14 14 14 14 14 14 14 14 11 11 11 10 10 10 8 8 8 8 8 6 6 6 6 6 5 4 4 4 4 4 4 4 4 2 2 1 1 1 1 1 
94 92 86 72 72 72 70 69 66 65 65 59 57 56 54 53 52 51 49 47 47 44 42 38 38 38 37 36 35 34 33 30 29 29 29 27 27 24 23 23 23 23 23 21 18 18 18 18 17 17 16 16 14 14 14 14 14 14 12 11 11 11 10 10 10 9 8 7 7 7 7 6 6 6 4 4 4 4 4 4 4 4 4 4 4 2 2 1 1 
93 90 81 72 72 70 67 67 65 65 65 57 56 51 51 50 50 49 49 46 43 41 40 38 37 37 36 35 34 34 33 30 29 29 28 26 26 23 23 23 23 21 20 19 18 17 17 17 17 16 16 16 14 14 14 13 12 12 12 11 11 11 10 9 9 8 6 6 5 5 5 5 5 5 4 4 4 4 4 4 4 4 4 4 3 2 1 1 1 
90 87 80 72 71 68 67 66 65 64 60 55 51 50 50 49 49 48 46 43 42 39 38 37 35 35 33 33 33 33 32 29 28 28 25 25 24 21 21 21 20 20 18 18 17 16 16 16 16 16 16 16 14 14 14 12 12 12 10 9 9 9 7 5 5 5 5 5 5 4 4 4 4 4 4 4 4 4 4 4 3 3 3 3 3 1 1 1 1 
90 83 76 72 68 64 64 61 61 59 59 53 50 50 50 48 42 42 40 40 39 38 37 35 35 34 33 33 30 30 29 28 26 26 25 25 24 21 20 20 19 19 16 16 16 16 16 16 16 16 16 16 13 13 13 11 11 10 9 7 7 7 7 5 5 5 4 4 4 4 4 4 4 4 4 4 4 3 3 3 3 2 2 2 2 1 1 
88 83 72 72 67 63 62 61 61 59 59 51 50 50 50 45 42 40 40 40 36 36 35 33 33 33 32 31 30 29 28 28 26 26 23 23 22 21 19 18 18 17 16 16 16 16 16 15 12 12 12 11 11 11 11 10 10 10 9 7 7 7 6 5 5 4 4 4 4 4 4 4 4 4 3 3 3 2 2 2 2 2 2 2 1 1 1 
88 78 72 66 65 62 62 61 59 57 55 51 50 47 46 42 41 40 38 36 35 35 34 33 32 31 29 28 28 27 27 25 25 23 23 22 21 19 17 17 16 16 16 16 16 16 15 14 12 11 11 11 11 11 11 9 9 9 8 6 6 6 6 5 4 4 4 4 4 4 3 3 3 3 3 2 2 2 2 2 2 2 2 1 1 1 1 
84 78 71 65 64 62 59 58 56 52 46 43 43 43 43 41 41 39 38 35 35 34 34 30 28 27 27 27 27 22 20 20 19 19 19 18 17 17 17 17 16 16 16 15 15 13 13 12 11 11 11 11 11 11 9 8 8 7 7 6 6 6 6 5 4 4 4 4 3 3 3 3 3 3 3 2 2 2 2 2 2 2 1 1 1 1 1 
83 78 71 63 63 60 58 58 53 50 45 43 43 43 43 41 38 37 37 35 34 32 29 29 27 27 27 27 25 22 20 20 19 18 17 17 17 16 16 15 15 15 15 14 14 13 13 12 11 11 11 11 11 10 8 8 8 7 6 6 6 4 4 4 4 4 4 4 3 3 3 3 2 2 2 2 2 2 1 1 1 1 1 1 1 1 
83 75 71 63 60 59 53 52 48 47 45 43 42 42 40 40 38 37 35 35 31 28 28 28 27 27 27 23 23 21 20 19 19 17 17 16 16 15 15 15 15 15 14 13 13 13 12 12 11 10 10 10 10 10 8 7 6 5 5 5 5 4 4 4 4 4 4 4 3 2 2 2 2 2 2 2 2 2 1 1 1 1 1 1 1 1 
83 74 69 61 60 58 52 52 46 46 44 43 42 41 40 39 37 35 34 33 31 28 28 27 26 25 25 23 23 21 17 17 16 15 15 15 15 15 15 14 14 14 14 13 13 13 12 11 11 9 9 9 9 8 8 6 6 5 5 4 4 4 4 4 4 3 3 3 3 2 2 2 1 1 1 1 1 1 1 1 
78 74 69 61 60 56 52 52 46 45 44 43 42 40 39 35 33 33 33 31 30 28 28 26 24 24 24 23 20 20 17 17 16 15 15 15 14 14 14 14 13 12 11 11 11 10 10 10 10 9 8 8 8 8 6 5 5 5 5 4 4 4 3 3 3 3 3 1 1 1 1 1 1 1 
76 65 64 59 59 51 47 47 45 45 42 41 40 40 38 35 32 32 31 29 29 27 27 24 24 23 22 21 20 19 17 16 16 14 14 14 13 13 13 12 12 11 11 11 11 9 9 9 7 7 7 7 7 6 6 5 4 4 4 4 4 4 3 3 3 3 2 1 1 1 1 
76 65 63 59 57 47 45 45 43 43 42 41 38 38 36 35 32 32 30 29 28 27 25 24 22 22 20 20 20 18 17 16 15 14 14 14 13 13 13 11 11 11 11 10 9 9 9 9 7 7 7 7 7 6 5 5 4 4 4 4 4 4 1 1 1 1 1 1 1 
68 63 63 58 54 47 45 43 43 43 41 40 38 37 36 33 31 30 28 28 28 25 24 23 22 22 20 20 18 17 16 15 15 14 14 14 13 13 11 11 11 11 10 9 8 8 8 7 7 7 7 7 6 5 5 4 4 4 4 4 3 2 1 1 1 1 1 1 1 
67 63 62 57 51 44 43 43 42 42 41 39 38 35 32 32 31 29 28 26 26 23 23 22 22 21 20 19 18 17 15 15 15 14 14 13 13 12 11 11 10 10 10 9 8 8 8 7 7 7 7 7 6 5 4 4 4 4 2 2 2 2 1 1 1 1 1 1 1 
67 61 60 53 51 43 43 43 40 40 40 38 37 34 32 31 28 26 26 25 23 22 22 22 22 21 18 18 17 17 15 15 14 14 14 13 13 12 10 10 10 9 9 9 8 7 7 7 7 6 6 6 4 4 4 4 3 2 2 2 1 1 1 1 1 1 1 
66 60 60 50 50 43 43 41 40 39 39 35 35 32 32 30 27 25 25 25 23 22 22 22 21 19 17 17 17 16 15 15 14 14 13 12 12 11 10 10 9 9 8 8 8 7 7 7 6 6 5 5 4 4 4 4 3 2 2 2 1 1 1 1 1 1 
66 60 55 50 46 43 42 41 39 39 39 34 33 28 26 26 26 25 24 24 23 22 21 21 21 18 17 17 16 16 15 14 14 13 13 12 11 10 10 10 9 8 8 7 7 7 7 6 6 6 5 5 4 4 4 3 3 2 2 2 1 1 1 1 1 1 
65 59 55 49 46 42 40 40 39 38 38 31 30 27 26 26 25 25 23 22 22 22 19 18 17 16 15 15 15 14 14 14 13 12 12 11 10 10 10 9 9 8 7 7 7 6 6 5 5 4 4 4 4 4 3 3 3 2 2 1 1 1 1 1 
63 59 50 47 42 41 38 38 37 37 35 30 29 27 26 25 25 24 23 21 21 19 18 17 17 15 15 15 13 13 13 13 12 12 12 11 10 10 10 9 8 7 7 7 5 5 5 4 3 3 3 3 3 3 2 2 2 2 2 1 1 1 1 
63 59 46 46 42 41 34 34 33 31 29 28 28 27 26 24 22 22 21 21 21 19 14 14 14 14 14 14 13 13 13 12 12 12 12 11 10 9 9 9 7 7 6 6 5 5 5 4 3 3 2 2 2 1 1 1 1 1 1 
62 59 45 42 40 39 34 34 31 29 28 28 27 26 26 22 22 22 21 21 21 19 14 14 14 14 14 13 13 13 12 12 12 11 11 10 10 9 9 7 7 7 6 4 4 4 3 3 3 3 1 1 1 1 1 1 1 1 
62 56 45 41 40 38 34 32 31 29 28 26 26 25 24 22 22 21 18 18 17 15 14 14 14 14 13 13 13 13 12 12 11 11 10 10 10 9 8 6 6 6 5 4 4 3 3 3 3 3 1 1 1 1 1 1 1 1 
61 51 44 41 40 38 30 30 30 28 28 26 26 23 22 21 19 18 17 16 15 15 14 14 13 13 13 13 12 12 11 11 10 10 9 9 9 8 8 6 6 5 3 3 3 3 3 3 2 2 1 1 1 1 1 
61 50 43 41 40 38 30 30 29 28 27 26 24 23 22 18 18 17 16 16 15 14 14 14 13 13 12 11 11 11 11 10 10 9 9 9 8 8 7 6 6 3 3 3 3 3 3 3 2 2 1 1 1 1 1 
59 49 43 41 40 35 30 29 28 28 25 25 22 22 19 16 16 15 15 15 14 13 13 13 12 12 12 11 11 10 10 10 10 9 8 8 8 7 7 6 4 3 3 3 3 3 3 2 2 2 1 1 
59 47 40 40 37 35 30 29 28 26 25 23 21 20 17 16 15 15 14 14 14 13 13 13 12 12 11 11 11 10 10 10 10 8 8 8 8 5 5 5 4 3 3 3 3 3 3 2 2 1 1 1 
59 47 38 36 33 33 30 28 28 24 23 19 19 16 16 16 15 14 14 12 12 12 12 12 12 12 11 10 8 8 8 8 8 8 8 6 5 4 4 3 3 3 3 3 3 3 2 2 1 
58 47 37 36 33 33 30 28 24 23 23 19 19 16 15 15 13 13 12 12 12 12 12 12 12 12 11 10 8 8 8 8 5 5 5 4 4 4 4 3 3 3 3 3 3 2 2 2 1 
50 47 36 36 32 32 28 28 24 23 23 19 19 16 15 15 13 13 12 12 12 12 12 12 12 11 10 9 8 8 8 8 5 5 4 4 4 4 4 3 3 3 3 3 3 2 1 1 
50 44 36 36 29 29 28 28 24 23 22 18 18 15 15 15 13 13 12 12 12 12 12 12 12 11 10 8 8 8 8 8 4 4 4 4 4 4 4 3 3 3 3 1 
47 44 36 36 29 29 24 24 22 22 22 18 16 15 14 13 13 12 12 12 12 12 12 11 10 9 8 8 7 7 7 6 4 4 4 4 4 3 3 3 2 1 1 1 
47 40 36 36 29 28 24 23 22 22 20 16 16 15 14 13 12 12 12 12 11 11 11 11 10 9 7 7 7 7 7 6 4 4 4 4 3 3 2 2 2 1 1 1 
47 38 36 33 29 28 24 23 22 22 19 16 16 14 13 13 12 12 12 11 11 11 10 10 10 8 7 6 6 6 5 5 4 4 4 3 3 2 2 2 2 1 1 1 
45 37 36 33 29 27 23 23 22 20 19 16 16 13 13 13 12 12 12 11 11 9 9 9 8 7 7 6 5 5 5 5 3 3 2 2 2 2 2 2 2 1 1 1 
42 37 36 33 29 27 23 22 22 20 19 16 15 13 13 13 12 12 12 10 8 8 8 8 8 7 6 6 5 5 5 4 2 2 2 1 1 1 1 1 1 1 1 1 
42 37 36 33 28 27 22 22 22 20 18 15 14 13 12 12 12 12 11 8 7 7 7 7 7 6 6 6 5 4 4 3 2 2 2 1 1 1 1 1 1 1 
42 31 30 30 28 25 22 21 21 20 18 15 14 13 12 12 12 10 9 8 7 7 7 7 7 6 5 5 5 4 3 3 2 2 2 1 1 1 1 1 1 1 
42 30 30 30 26 25 20 20 19 19 16 15 14 13 12 11 10 9 9 7 7 7 7 7 6 5 5 5 5 4 3 3 2 2 2 1 1 1 1 1 1 1 
35 30 30 30 26 23 20 20 19 18 14 14 14 13 12 10 10 9 9 7 7 7 6 6 5 5 5 5 5 4 3 2 2 2 2 1 1 1 1 1 1 1 
34 30 30 30 25 20 20 20 19 18 14 13 13 13 12 10 9 8 8 7 7 7 5 5 5 4 4 4 4 4 3 2 2 2 2 1 1 1 1 1 1 
34 30 29 27 23 20 20 18 18 16 14 13 12 12 12 10 9 8 8 7 7 7 5 5 5 4 4 4 4 4 3 2 2 2 1 1 1 1 1 1 
34 29 26 25 22 19 19 16 15 15 14 13 12 12 11 10 8 8 7 7 7 6 5 5 5 4 4 4 4 3 2 2 2 2 1 1 1 1 
31 28 26 25 22 18 18 16 15 15 13 13 12 11 10 10 8 8 7 7 7 6 5 4 4 4 4 3 3 3 2 2 2 2 1 1 1 
29 28 25 23 22 18 17 15 15 15 13 13 12 11 9 9 8 7 7 7 6 6 5 4 4 3 3 3 3 2 2 2 2 1 1 1 1 
28 26 23 23 21 17 17 15 15 14 13 13 11 11 9 8 8 7 6 6 4 4 4 3 3 3 3 3 2 2 1 1 1 
28 26 23 22 21 17 17 15 15 13 12 12 11 9 8 8 5 5 5 5 4 4 3 3 3 3 2 2 2 2 1 1 1 
28 26 20 20 20 17 16 15 14 11 9 9 9 9 7 7 5 5 5 5 4 4 3 3 3 3 2 2 1 1 1 1 1 
28 26 20 20 20 16 15 14 14 11 9 9 9 9 6 6 5 5 5 4 4 4 3 3 3 2 2 2 1 1 1 1 
27 26 20 20 20 15 15 12 10 10 9 9 9 9 6 6 5 5 5 4 4 3 3 3 3 2 2 2 1 
26 26 20 20 18 15 15 11 10 9 9 8 8 6 6 6 5 5 5 4 4 3 3 3 3 1 1 1 1 
26 26 20 19 17 15 14 11 10 9 9 8 8 6 6 5 5 5 5 4 4 3 3 3 2 1 1 1 1 
26 24 19 19 16 15 14 11 9 9 8 8 8 6 5 5 5 4 4 4 4 3 3 2 1 1 1 1 1 
24 24 19 18 15 14 12 11 9 8 8 8 8 6 5 5 5 4 4 4 4 2 2 2 1 1 1 
24 24 19 18 14 12 12 10 9 8 8 8 7 6 5 5 5 4 4 4 3 2 2 1 1 1 
24 21 17 15 14 12 12 10 9 8 8 8 7 5 5 5 4 4 4 4 3 1 1 1 1 
23 21 17 15 14 12 12 10 8 8 8 8 7 5 5 5 4 4 4 4 1 1 1 1 1 
22 20 17 15 14 12 11 9 8 8 8 8 5 5 5 5 4 4 4 1 1 1 1 1 1 
20 19 16 15 14 11 11 9 8 8 8 6 5 5 5 5 4 4 4 1 1 1 1 1 
18 17 16 15 14 11 11 9 8 8 7 6 5 5 5 4 4 4 2 1 1 1 1 1 
17 15 15 14 13 11 11 9 8 8 7 5 5 5 5 4 4 4 2 1 1 1 1 1 
16 15 15 14 13 11 10 9 8 8 7 5 5 5 4 4 4 4 2 1 1 1 1 1 
16 15 15 13 13 11 9 9 8 7 7 5 5 5 4 4 2 2 2 1 1 1 1 1 
16 15 14 13 13 11 9 9 7 6 6 5 5 5 4 4 2 1 1 1 1 1 1 
16 13 13 13 13 11 9 8 7 6 5 5 5 4 4 4 1 1 1 1 
16 13 13 13 13 11 9 7 7 6 5 4 4 4 3 2 1 1 1 1 
16 13 13 13 11 11 9 7 6 5 5 4 4 4 2 2 1 1 1 1 
16 13 13 13 11 11 9 7 6 5 5 3 3 3 2 2 1 1 1 
14 13 13 13 11 9 8 5 5 4 4 3 3 3 2 1 1 1 1 
14 13 13 13 10 8 5 5 4 4 4 3 2 2 2 1 1 1 1 
14 13 13 13 10 8 5 5 4 4 2 2 2 2 1 1 1 1 1 
14 13 13 12 10 8 5 5 3 3 2 2 2 1 1 1 
14 13 13 10 8 8 5 5 3 3 2 2 2 1 1 
14 13 12 10 6 6 5 3 3 2 2 2 1 1 
14 12 12 8 6 6 3 3 3 2 2 2 1 1 
14 12 11 8 6 5 3 3 3 2 2 2 1 1 
14 11 11 8 6 5 3 3 2 2 2 1 1 1 
14 10 9 8 6 5 3 2 2 2 2 1 1 1 
14 10 9 6 6 4 3 2 2 2 1 1 1 1 
14 10 8 6 6 4 3 2 2 2 1 1 
13 9 8 6 5 4 3 2 2 2 1 1 
12 9 8 6 5 4 2 2 2 2 1 1 
12 9 6 6 4 3 2 2 2 2 1 1 
12 9 6 5 4 2 2 2 1 1 1 1 
12 9 6 5 4 2 2 1 1 1 1 1 
11 9 6 5 4 2 2 1 1 1 1 
11 7 5 5 4 2 2 1 1 1 1 
11 7 5 5 4 2 2 1 1 1 1 
11 7 5 5 4 2 2 1 1 1 
8 7 5 4 3 2 2 1 1 1 
7 7 5 4 3 2 2 1 1 1 
7 7 5 4 2 2 2 1 
7 7 3 3 2 2 2 
7 6 3 3 2 2 2 
7 6 3 3 2 2 2 
7 6 3 3 2 2 2 
4 4 3 3 2 2 2 
4 4 3 3 2 2 1 
4 4 3 3 2 2 
4 4 3 3 2 2 
4 4 3 2 2 1 
4 4 3 2 2 1 
4 4 3 2 2 1 
4 3 3 2 1 1 
4 3 3 2 1 1 
3 3 3 2 1 1 
3 3 3 2 1 1 
3 3 3 1 1 1 
3 3 3 1 1 1 
3 3 3 1 1 1 
3 3 2 1 1 1 
3 3 2 1 1 1 
3 3 1 1 1 1 
3 3 1 1 1 1 
3 3 1 1 1 1 
3 3 1 1 1 1 
3 3 1 1 1 1 
3 3 1 1 1 1 
3 3 1 1 1 
3 3 1 1 
3 3 1 1 
3 2 1 1 
2 2 1 1 
2 2 1 1 
2 2 1 
2 1 1 
2 1 1 
1 1 1 
1 1 1 
1 1 1 
1 1 1 
1 
1 
1 
1 
1 
1 
1 
1 
1 
1 
1 
