170 154 144 140 132 132 130 116 115 103 99 94 94 94 92 87 87 85 85 82 82 81 79 79 77 77 77 75 70 69 65 65 64 64 57 55 55 55 55 55 54 51 51 51 50 50 48 48 48 45 45 45 44 44 38 37 35 34 33 31 31 31 31 29 29 29 28 28 28 28 25 25 25 24 23 23 23 23 23 22 22 22 19 19 18 16 15 15 15 15 15 14 14 14 12 12 12 12 12 11 9 9 8 8 8 7 7 7 7 7 7 7 7 7 7 7 7 7 7 7 6 6 6 5 5 5 5 4 4 4 4 4 4 4 4 4 4 3 3 3 3 3 3 3 3 3 3 3 3 2 2 1 1 1 1 1 1 
150 132 117 117 116 114 101 96 96 95 95 93 93 92 90 85 82 82 76 75 75 75 74 71 69 63 63 63 60 58 58 57 57 56 53 53 50 49 49 49 49 49 47 47 46 40 40 40 38 38 37 37 35 35 33 32 31 31 31 30 30 29 29 28 27 25 25 24 20 20 20 20 20 20 20 19 19 19 19 19 19 19 18 18 16 16 15 15 14 14 13 13 10 10 10 10 10 10 9 9 8 8 8 7 7 7 7 7 7 7 6 5 5 5 5 5 5 5 5 5 5 5 5 5 5 5 4 4 4 4 4 4 4 4 3 3 3 3 3 3 3 3 3 2 2 2 1 1 1 
144 127 117 116 110 106 100 96 93 89 84 81 80 80 79 78 77 76 75 74 74 72 67 67 62 61 60 57 57 57 56 56 55 53 51 49 49 48 47 47 46 46 45 44 41 40 40 38 37 35 35 35 34 32 31 30 30 30 26 26 25 25 24 24 23 22 21 20 20 20 20 20 20 20 18 17 16 15 15 15 15 15 15 15 13 13 13 13 13 12 12 12 10 10 10 10 10 9 8 8 7 7 7 7 7 7 7 7 7 7 5 5 5 5 5 5 5 5 5 5 5 5 5 5 5 3 3 3 3 3 3 3 3 3 2 2 2 1 1 1 1 1 1 1 1 1 1 1 1 
139 125 115 115 109 106 100 88 84 82 82 80 80 78 77 76 76 72 71 67 66 63 63 63 59 57 57 56 56 52 52 50 48 47 47 47 45 45 45 44 44 43 43 40 39 37 37 37 36 35 35 33 31 30 28 27 26 25 25 25 25 22 22 21 21 20 20 20 19 19 19 19 19 19 17 16 15 15 15 15 15 14 13 13 13 13 13 13 13 12 11 10 10 10 10 10 9 9 8 8 7 7 7 7 7 7 6 6 6 6 5 5 5 5 5 5 5 5 5 4 4 4 4 4 3 3 3 3 2 2 2 2 2 1 1 1 1 1 1 1 1 1 1 1 1 
138 120 115 108 102 102 96 87 82 82 82 78 78 76 74 74 72 69 68 66 64 63 63 59 58 54 48 48 48 48 48 46 45 45 45 43 42 40 40 39 39 37 37 36 34 34 34 34 32 30 30 30 30 27 26 25 25 25 24 24 24 22 22 21 20 19 19 19 19 18 18 17 15 14 14 12 12 11 11 11 9 8 8 8 8 8 8 8 8 7 7 7 7 6 6 6 6 6 6 6 6 6 5 5 4 4 4 4 4 3 3 3 3 3 3 3 2 2 1 1 1 1 1 1 1 1 1 1 1 1 1 1 1 1 1 1 1 1 1 
138 119 108 101 98 94 94 83 82 80 80 78 72 71 71 71 70 67 66 66 63 60 54 54 52 51 48 48 48 47 45 45 44 43 36 36 36 34 33 32 32 27 27 27 27 25 25 25 25 25 25 25 24 23 23 23 23 23 23 22 22 22 20 20 20 19 19 18 18 17 14 14 14 12 11 11 11 11 11 8 8 8 8 8 8 8 8 8 7 7 6 6 6 6 6 6 6 4 4 4 4 4 2 2 2 1 1 1 1 1 1 1 1 1 1 1 1 1 1 1 1 1 1 1 1 1 1 1 1 1 1 1 1 1 1 1 
133 114 102 100 95 86 86 83 81 77 77 77 71 71 66 66 63 63 63 61 57 56 54 54 50 49 48 46 46 44 43 42 38 38 36 35 31 30 29 28 28 26 25 25 25 25 25 24 24 24 24 24 22 21 20 18 18 18 18 18 18 18 18 18 18 17 16 16 15 15 13 13 13 11 11 11 11 10 10 8 8 8 8 8 8 8 7 7 7 6 6 5 4 4 4 4 4 4 2 2 2 2 1 1 1 1 1 1 1 1 1 1 1 1 1 1 1 1 1 1 1 1 1 1 
117 105 98 95 90 85 85 81 79 77 72 67 63 63 63 62 59 59 58 56 54 54 54 48 48 47 45 41 39 39 39 37 37 37 34 32 30 28 28 27 26 25 25 25 25 25 24 23 22 22 22 22 22 20 18 18 18 18 18 18 17 16 16 16 16 16 16 16 14 14 12 12 11 11 10 10 8 7 7 7 7 7 6 6 6 6 6 6 4 4 4 4 4 4 4 4 4 3 2 2 2 2 1 1 1 1 1 1 1 1 1 1 1 1 1 1 1 1 
117 105 97 91 87 82 77 77 77 76 68 60 59 58 58 57 56 52 52 52 52 48 48 46 46 46 45 41 39 39 38 33 33 30 30 29 28 28 28 26 26 25 25 25 24 23 23 22 22 22 21 20 20 17 17 17 17 17 17 17 16 16 14 13 13 11 11 11 11 11 11 10 9 9 9 9 8 7 7 7 5 5 5 5 5 5 5 4 4 4 4 4 4 3 2 2 2 2 2 2 1 1 1 1 1 1 
117 105 96 90 81 78 77 77 76 75 64 56 55 52 52 52 51 51 51 50 49 47 45 44 44 43 38 38 37 37 34 33 31 30 29 28 27 25 24 24 24 24 24 24 23 22 20 20 19 19 19 17 17 17 16 15 15 15 15 14 12 11 11 10 10 10 10 10 9 9 9 9 7 7 7 7 7 6 6 6 5 5 3 3 3 3 3 3 3 3 2 2 2 2 2 2 2 2 
109 102 90 89 78 77 76 75 75 72 62 56 53 52 52 51 51 50 49 49 47 45 44 43 43 40 38 37 37 35 32 29 28 28 27 27 25 24 24 24 24 24 20 20 20 20 19 17 17 17 17 17 16 16 16 15 15 14 12 11 11 10 10 10 10 9 8 8 8 7 7 7 7 5 5 5 5 5 5 4 4 4 3 3 3 3 3 2 2 2 2 2 1 1 
108 102 90 86 78 77 76 74 74 68 60 56 53 52 52 51 49 49 47 47 45 41 41 40 40 38 37 37 33 33 28 28 28 27 27 26 25 24 24 24 24 22 20 18 18 18 18 15 15 15 15 12 12 11 10 10 10 10 10 9 9 9 9 8 8 8 8 8 8 7 7 7 7 5 5 5 3 3 3 3 3 3 3 3 3 3 2 2 2 1 1 
105 100 86 84 78 74 73 67 65 65 57 54 53 52 52 51 49 45 45 45 44 41 40 40 35 35 35 34 33 31 28 28 28 27 26 23 23 23 20 19 19 18 18 18 18 18 17 15 14 13 13 11 10 10 10 9 9 8 8 7 7 7 7 7 7 7 7 7 7 7 7 7 6 5 5 5 3 3 3 3 3 3 2 2 2 2 1 1 1 1 
105 97 82 81 77 72 70 66 64 62 57 54 52 52 51 51 48 45 45 45 42 41 40 39 35 35 30 30 30 30 28 28 28 26 25 22 21 18 18 18 18 18 18 18 18 16 15 15 14 13 13 10 10 9 9 9 9 8 7 7 7 7 7 7 7 7 7 7 7 7 7 7 5 4 4 4 3 3 3 3 3 2 
102 95 76 75 73 71 69 66 62 62 57 52 51 50 50 50 47 45 43 43 39 38 36 35 32 30 30 29 29 28 28 26 26 25 24 22 19 18 18 18 18 18 18 17 17 14 13 13 13 11 11 10 10 9 9 9 8 7 7 7 7 7 7 7 7 7 6 6 6 6 6 6 4 4 4 4 3 3 3 3 3 1 
100 88 75 72 71 70 68 65 60 59 57 52 51 50 50 48 45 45 41 41 38 38 35 35 31 30 30 29 29 28 28 26 25 25 24 21 19 18 18 18 18 18 18 17 14 13 13 13 12 8 8 8 7 7 7 7 7 7 7 7 7 7 7 6 6 5 5 5 5 5 5 5 4 4 4 3 3 3 3 3 2 
86 83 74 72 70 70 68 64 59 57 56 51 51 49 48 44 40 36 36 36 34 34 29 29 29 29 29 28 27 27 26 22 22 22 22 21 18 18 18 18 18 17 16 14 13 13 13 12 11 8 8 7 7 7 7 7 7 7 7 7 7 5 5 5 5 5 5 5 5 5 5 5 3 3 3 3 3 2 2 2 1 
81 76 74 71 70 69 58 58 58 54 50 48 47 44 44 41 38 36 35 34 33 33 29 29 29 29 28 27 27 25 24 21 21 21 19 19 18 18 18 18 17 17 15 14 13 13 13 9 9 7 7 7 7 7 7 7 6 6 6 6 5 5 5 5 5 5 5 4 4 4 4 3 3 3 3 3 3 2 2 1 
78 76 72 71 69 65 58 57 57 52 47 47 47 44 44 36 35 31 30 30 30 29 29 29 28 27 27 27 26 23 23 21 20 20 18 18 18 18 17 16 16 16 14 13 13 13 11 9 9 7 7 7 7 7 5 5 5 5 5 5 5 5 5 4 4 4 4 4 4 4 4 3 3 3 3 3 2 2 1 1 
78 73 72 64 63 63 57 56 56 50 47 47 44 43 43 34 33 29 29 29 29 28 28 28 27 25 24 23 23 23 22 19 18 18 18 18 16 16 16 16 15 14 14 13 11 10 9 9 8 7 7 7 7 7 5 5 5 5 5 4 4 4 4 4 3 3 3 3 2 2 2 2 2 2 2 2 1 1 1 
75 71 70 64 63 58 57 55 53 49 47 47 43 42 41 33 31 29 29 28 28 28 28 28 26 23 23 23 23 22 20 19 18 18 18 16 16 16 16 15 15 14 13 10 10 8 8 8 8 7 5 5 5 5 4 4 4 4 4 4 3 3 3 3 3 3 3 2 2 2 2 2 2 2 2 1 1 1 1 
75 71 69 58 58 58 55 54 53 49 47 47 43 42 40 33 30 29 29 28 28 28 27 25 23 23 23 23 23 21 20 19 18 17 17 16 15 14 14 14 12 12 12 10 8 8 8 7 7 7 5 5 5 4 4 4 3 3 3 3 3 2 2 2 2 2 2 2 2 2 2 2 1 1 1 1 
70 69 68 58 57 56 51 50 50 48 47 45 42 41 39 33 29 29 28 28 28 28 27 23 23 23 23 23 23 20 20 18 18 17 15 13 13 13 13 13 12 12 12 9 8 8 8 7 4 4 4 4 4 4 4 4 3 3 3 3 2 2 2 2 2 2 2 2 2 2 2 2 1 1 1 1 
69 67 64 58 55 52 50 50 50 48 46 45 41 40 39 32 29 28 28 28 28 26 25 23 23 23 23 23 22 20 20 18 16 16 13 13 12 12 12 12 12 12 12 8 8 8 8 6 4 4 4 4 4 3 3 3 3 3 3 3 2 2 2 2 2 2 2 2 2 1 1 1 
67 66 63 55 55 51 50 49 47 46 46 43 41 40 36 30 28 28 28 28 26 25 24 23 23 23 23 22 21 20 19 18 16 16 13 12 12 12 12 12 12 11 11 8 8 8 8 6 4 4 4 4 3 3 3 3 3 3 3 2 2 2 2 2 2 2 2 2 2 1 1 1 
67 63 62 55 54 51 49 48 47 46 45 43 41 40 35 30 28 28 28 26 23 23 23 23 23 22 22 21 19 19 18 17 15 15 13 12 10 10 10 9 9 9 9 8 8 7 6 5 4 4 4 4 3 3 3 3 3 3 2 2 2 2 2 2 2 2 2 2 2 1 
67 62 60 54 54 51 46 46 45 44 43 40 38 36 33 29 28 28 25 25 23 23 23 23 22 21 21 21 19 17 17 16 15 15 13 12 10 9 9 9 9 9 9 7 7 7 5 4 4 4 4 4 3 3 3 3 3 3 2 2 2 2 2 2 2 2 2 1 1 
67 60 58 53 52 50 46 45 44 42 40 36 35 34 31 29 28 28 25 25 23 23 22 21 21 20 19 18 17 17 15 15 15 14 13 12 10 9 9 9 9 9 8 7 7 7 5 4 4 4 3 3 3 3 3 3 3 2 2 2 2 2 2 2 2 2 2 1 
67 58 55 53 52 47 44 43 40 40 39 36 34 32 29 28 28 28 25 25 23 23 22 21 20 20 19 17 17 15 15 15 14 12 12 12 9 9 9 8 8 7 7 7 6 6 4 4 3 3 3 3 3 3 3 3 3 2 2 2 2 2 1 1 1 1 1 
66 56 54 52 51 47 42 42 40 40 39 34 33 32 29 28 28 27 25 24 23 23 21 18 15 15 15 15 15 15 14 14 12 12 11 11 8 8 8 7 7 7 7 6 5 5 4 4 3 3 3 3 3 3 3 3 2 2 2 2 2 2 1 1 1 1 1 
60 54 53 51 50 46 42 39 39 39 39 33 32 31 28 28 27 27 25 24 23 22 18 15 14 14 14 14 14 14 14 13 11 10 10 10 8 8 7 7 7 7 6 5 5 5 4 3 3 3 3 3 3 2 2 2 2 2 2 2 2 2 1 1 1 
55 54 52 49 48 42 41 39 39 38 38 28 27 27 27 27 24 24 24 23 22 22 17 14 14 14 14 13 13 13 12 12 11 9 9 8 8 8 7 7 7 7 6 5 5 5 2 2 2 2 2 2 2 2 2 2 2 2 2 2 1 
53 53 52 47 45 42 41 39 38 38 37 27 27 27 27 26 24 24 24 22 22 19 16 14 14 14 14 13 13 13 12 12 9 9 9 6 6 6 6 6 6 6 5 5 5 4 2 2 2 2 2 2 2 2 2 2 2 2 1 1 1 
53 52 49 47 45 42 39 38 38 37 35 27 27 26 26 25 24 21 21 21 20 19 14 14 14 14 13 12 12 12 11 10 9 9 9 6 6 6 6 6 6 6 5 5 4 4 2 2 2 2 2 2 2 2 2 1 1 
52 52 49 47 44 40 38 38 38 35 34 27 27 25 25 24 24 21 21 20 18 16 14 14 14 14 12 12 12 10 8 8 8 7 7 6 6 6 6 5 5 5 4 4 4 4 2 2 2 2 2 2 2 2 2 1 1 
52 52 47 47 40 39 38 38 36 33 32 27 26 24 24 24 23 20 20 20 18 15 14 14 14 13 12 12 12 7 7 7 7 7 7 6 6 6 6 5 5 4 4 4 4 3 2 2 2 2 2 2 2 2 2 1 1 
52 51 47 46 39 39 36 36 34 32 32 27 24 24 24 24 22 20 19 19 18 15 14 14 14 12 12 11 11 7 7 7 7 7 7 6 6 6 6 5 5 4 4 4 4 3 2 2 2 1 1 1 1 1 
52 51 46 45 37 36 35 34 33 32 30 27 24 24 24 23 21 20 19 19 15 15 14 14 11 11 11 10 7 7 7 7 7 7 6 6 6 6 6 5 5 4 4 4 3 2 2 1 1 1 1 1 1 1 
52 51 45 42 37 35 34 34 32 31 30 26 24 24 23 23 21 20 19 17 15 15 14 13 11 11 10 10 7 7 7 7 7 7 6 6 6 6 5 4 4 4 4 4 3 2 2 1 1 1 1 1 1 1 
52 47 45 41 36 34 34 33 30 30 30 26 24 24 23 22 21 20 18 17 15 15 14 13 11 11 10 10 7 7 7 7 7 6 5 4 4 4 4 3 3 3 3 3 2 2 2 1 1 1 1 1 1 1 
49 46 45 40 36 34 33 30 30 29 29 26 24 24 23 22 19 19 16 15 15 15 14 13 11 11 10 9 7 7 7 7 6 5 5 4 4 4 3 3 3 3 3 3 2 2 1 1 1 1 1 1 
49 46 42 40 34 34 31 30 29 29 28 26 23 23 21 21 19 19 16 15 15 10 7 7 7 7 6 6 6 6 6 5 5 5 5 4 3 3 3 3 3 3 3 2 2 1 1 1 1 1 1 1 
49 45 41 40 34 34 29 29 29 29 26 21 20 19 19 19 19 16 15 14 11 9 7 7 7 6 6 6 6 6 5 5 5 4 4 4 3 3 3 3 3 3 2 2 2 1 1 1 1 1 1 
48 45 41 38 34 32 29 29 28 20 19 19 19 18 16 16 15 15 15 13 8 8 7 6 6 6 6 6 6 6 5 4 4 4 4 4 3 3 3 3 3 2 1 1 1 1 1 1 1 1 
47 45 41 36 34 31 29 27 26 19 19 19 18 17 15 15 15 14 14 13 8 7 7 6 6 6 6 6 6 6 5 4 4 4 4 3 3 3 3 3 2 1 1 1 1 1 1 
44 42 38 35 33 30 29 26 25 19 19 18 18 17 15 14 12 12 12 11 8 7 6 6 6 6 6 6 6 5 4 4 4 4 3 3 3 3 3 3 2 1 1 1 1 
44 42 37 33 33 30 29 25 24 19 18 17 17 16 15 14 12 12 12 9 7 7 6 6 6 6 6 6 5 5 4 3 3 3 3 3 3 3 3 2 1 
44 42 36 32 30 30 27 25 24 19 17 16 16 14 13 13 12 11 10 9 6 6 6 6 6 5 5 5 5 4 4 3 3 2 2 2 2 2 2 2 
43 42 34 32 30 28 27 24 23 19 16 16 16 13 13 11 10 10 9 7 6 6 6 6 5 5 4 4 4 3 3 2 2 2 2 2 2 2 
43 41 34 32 29 28 24 24 22 17 15 15 15 13 11 9 9 8 8 7 6 6 5 5 5 4 4 4 3 3 2 2 2 2 2 2 2 1 
43 39 34 32 29 28 24 24 19 16 15 14 13 11 11 9 8 8 7 6 6 6 5 5 4 4 4 4 3 3 2 2 2 2 2 2 1 1 
42 38 33 30 29 28 22 22 19 16 14 14 12 11 10 9 8 8 7 6 6 5 5 4 4 4 4 4 3 3 2 2 2 1 1 1 1 1 
42 38 33 29 28 27 22 22 19 16 14 14 11 11 10 9 8 8 6 6 6 5 5 4 4 3 3 3 3 1 1 1 1 1 1 1 1 1 
41 36 32 29 28 27 21 21 18 15 14 13 11 10 10 8 8 8 6 6 6 5 5 4 4 3 3 3 3 1 1 1 1 1 1 1 1 1 
41 34 32 29 25 25 21 21 17 15 13 11 11 10 10 8 7 6 6 6 6 5 5 4 4 3 3 3 2 1 1 1 1 1 1 1 1 1 
40 33 31 28 25 23 20 18 16 13 13 11 11 10 10 8 7 6 6 6 5 5 5 4 3 3 2 2 2 1 1 1 1 1 1 
40 32 31 28 24 22 19 15 15 13 13 11 11 10 10 8 6 6 6 5 5 5 3 3 3 2 2 2 2 1 1 1 1 1 1 
39 30 30 28 23 22 19 15 15 13 13 11 10 10 7 7 6 6 6 5 5 4 3 3 3 2 2 2 2 1 1 1 1 1 1 
33 28 28 27 23 20 19 15 15 13 13 11 9 9 7 7 6 6 6 5 5 4 3 3 2 2 2 2 2 1 1 1 1 1 
33 28 28 26 23 20 17 14 13 13 11 10 9 9 7 6 6 6 6 5 4 4 3 3 2 2 2 2 2 1 1 1 1 1 
33 28 28 26 21 20 17 13 13 13 10 10 9 8 7 6 6 5 4 4 4 4 3 2 2 2 1 1 1 1 1 1 1 1 
33 28 27 26 20 19 17 13 13 10 9 9 8 7 6 6 5 5 3 3 3 3 3 2 2 2 1 1 1 1 1 1 1 
33 28 27 25 20 19 17 13 13 10 9 9 7 7 6 6 4 4 3 3 3 3 3 2 2 2 1 1 1 1 1 1 1 
33 28 25 25 20 19 16 13 13 10 9 8 7 6 6 3 3 3 3 3 3 3 2 2 2 2 1 1 1 1 1 1 
33 28 25 25 20 17 16 12 12 8 8 7 6 5 5 3 3 3 3 3 3 3 2 2 1 1 1 1 1 1 
31 28 25 21 18 17 14 11 11 8 8 5 5 5 5 3 3 3 3 3 2 2 2 2 1 1 1 1 1 1 
31 28 25 21 18 17 14 11 11 8 8 5 5 5 4 3 3 3 3 2 2 2 2 1 1 1 1 1 1 
31 28 24 19 17 17 14 11 11 8 7 5 5 5 4 3 3 3 2 2 2 1 1 1 1 1 1 1 1 
30 28 24 19 17 17 14 11 9 8 6 5 5 5 4 3 3 3 2 2 1 1 1 1 1 1 1 1 
28 26 23 19 17 17 14 11 9 8 6 5 5 5 3 3 3 3 2 2 1 1 1 1 1 1 1 1 
28 26 23 17 17 17 13 10 9 8 5 5 5 4 3 3 2 2 2 2 1 1 1 1 1 1 1 
28 26 23 17 17 14 11 10 8 6 5 5 5 4 3 3 2 2 2 2 1 1 1 1 1 1 1 
27 18 17 17 16 14 10 9 6 6 5 5 3 3 2 2 2 1 1 1 1 1 1 1 1 1 
26 17 17 17 16 12 10 8 6 5 5 4 3 3 2 2 2 1 1 1 1 1 1 1 1 1 
25 17 17 14 14 12 10 8 6 5 5 4 3 3 2 2 2 1 1 1 1 1 1 
25 17 17 14 14 12 10 8 6 5 5 3 3 2 2 2 2 1 1 1 1 1 
25 17 17 14 14 11 10 8 6 4 4 3 3 2 2 2 2 1 1 1 1 1 
24 17 17 14 14 11 10 6 5 3 3 3 3 2 2 2 1 1 1 1 1 1 
23 17 17 14 14 11 10 6 5 3 3 3 3 2 2 1 1 1 1 1 1 1 
23 16 16 14 14 11 10 6 5 3 3 3 3 2 2 1 1 1 1 1 1 1 
22 16 15 14 11 11 10 6 5 3 3 3 2 2 2 1 1 1 1 1 1 
21 16 14 14 11 10 10 5 5 3 3 3 2 2 2 1 1 1 1 1 1 
21 16 14 14 11 10 10 5 4 3 2 2 2 2 2 1 1 1 1 1 
21 15 14 14 11 10 9 5 4 2 2 2 2 2 2 1 1 1 1 1 
21 15 14 13 11 10 9 5 4 2 2 2 2 2 2 1 1 1 1 1 
20 15 14 12 11 9 9 5 4 2 2 2 2 2 2 1 1 1 1 1 
19 15 14 12 11 9 9 4 3 2 2 2 2 2 2 1 1 1 1 1 
19 15 13 12 11 9 8 4 3 2 2 2 2 2 1 1 1 1 1 1 
19 15 13 10 10 8 8 4 3 2 2 2 2 2 1 1 1 1 
19 13 13 10 10 8 7 4 3 2 2 2 2 1 1 1 
18 13 13 10 10 8 7 4 2 2 2 2 2 1 1 1 
17 12 12 10 10 8 7 4 2 2 2 2 2 1 1 1 
17 12 12 10 10 7 7 4 2 2 2 1 1 1 
17 12 12 10 8 6 6 4 2 2 2 1 1 
17 12 12 9 8 6 5 4 2 2 2 1 1 
17 12 10 9 6 6 5 4 2 2 1 1 1 
15 12 10 9 6 6 4 4 2 2 1 1 1 
15 12 10 9 6 6 4 3 2 2 1 1 1 
15 12 9 9 6 6 4 3 2 2 1 1 1 
15 12 9 8 6 6 4 2 2 2 1 1 
15 12 9 8 6 6 4 2 2 2 1 1 
14 12 9 8 6 5 3 2 2 2 1 1 
14 11 9 8 5 5 3 2 2 2 1 1 
13 11 9 7 5 4 2 2 2 2 1 1 
13 11 9 6 5 3 2 2 2 1 1 1 
13 10 8 6 4 3 2 2 2 1 1 
12 9 8 6 4 2 2 2 2 1 1 
10 9 7 5 4 2 2 2 2 1 
10 9 6 5 4 2 2 2 2 1 
10 8 5 5 4 2 2 2 1 
10 7 5 5 4 2 2 2 
10 6 5 5 2 2 1 1 
10 6 5 3 2 2 1 1 
8 6 5 3 2 1 1 1 
8 6 5 2 2 1 1 
7 5 3 2 2 1 1 
7 4 3 2 2 1 1 
7 4 3 2 1 1 1 
7 4 3 2 1 1 1 
6 4 2 2 1 1 1 
6 4 2 2 1 1 
6 4 2 1 1 1 
6 4 2 1 1 1 
6 3 2 1 1 
6 3 2 1 1 
6 3 2 1 
6 3 2 1 
5 3 2 
5 3 2 
5 3 1 
5 3 1 
5 3 1 
5 2 1 
5 2 1 
4 2 1 
4 2 1 
4 1 1 
4 1 1 
4 1 
4 1 
3 1 
3 1 
3 1 
3 1 
3 1 
3 1 
3 1 
3 
3 
3 
2 
2 
2 
2 
2 
2 
2 
2 
2 
2 
2 
2 
2 
2 
2 
1 
