162 156 139 139 137 136 132 129 127 124 115 113 102 96 95 92 88 86 84 83 77 77 75 71 71 70 70 70 67 63 63 63 62 61 60 58 58 57 55 55 54 53 53 53 47 47 47 46 46 45 43 43 42 42 42 41 38 38 36 35 35 33 32 32 32 32 32 32 32 30 28 27 27 27 27 26 23 23 22 21 21 20 18 18 18 17 17 17 17 17 16 16 14 13 13 13 13 13 13 13 13 12 10 10 10 9 9 8 8 8 8 8 6 5 5 5 5 5 5 5 5 5 5 5 5 5 5 5 5 4 2 2 2 1 1 1 1 1 1 1 1 1 
145 145 125 124 123 108 108 103 100 97 97 95 92 92 91 90 80 80 80 78 77 73 73 69 69 69 68 67 64 63 61 59 57 57 54 54 54 54 54 51 50 48 48 48 45 44 43 41 41 39 39 39 38 36 36 36 36 35 34 34 32 31 30 30 30 29 29 28 28 25 22 22 22 22 21 21 19 19 19 19 17 17 16 16 16 14 13 13 13 13 10 10 10 10 10 10 9 8 8 8 8 8 8 8 8 8 8 8 8 7 6 6 4 4 4 4 3 3 3 3 3 3 3 3 3 3 3 3 2 2 2 2 1 1 1 1 1 
145 132 124 122 111 108 108 101 99 97 92 92 90 90 87 84 75 74 73 70 68 68 68 63 63 62 62 60 60 56 55 55 55 54 51 51 50 50 47 46 45 45 44 43 42 41 39 38 38 36 35 34 34 34 30 30 24 24 24 24 23 23 23 23 23 22 22 22 22 22 22 21 21 21 20 20 19 18 18 17 14 14 14 14 14 13 13 12 12 10 10 10 10 10 9 8 8 8 7 7 6 6 6 6 6 6 6 5 5 4 3 3 3 3 3 3 3 3 3 3 3 3 3 3 3 3 3 3 2 2 2 2 1 1 1 1 1 
145 131 123 114 111 104 104 99 97 90 87 85 83 81 75 73 73 70 69 65 64 62 57 57 55 53 53 53 53 49 48 47 47 45 45 44 43 43 42 41 41 41 38 37 34 32 31 31 29 29 29 27 27 24 24 24 23 23 23 22 22 22 22 22 21 21 20 20 20 19 18 18 18 18 18 17 15 15 15 13 13 13 13 13 13 13 12 12 10 10 9 9 9 8 8 8 7 7 6 6 6 6 5 5 5 5 5 5 5 4 3 3 3 3 3 3 3 3 2 2 2 2 2 2 2 2 2 2 1 1 1 
132 122 120 112 102 102 99 97 96 88 84 79 78 76 73 73 67 67 64 62 60 59 57 55 53 52 52 52 52 49 48 43 43 41 41 40 39 39 39 38 38 38 33 33 33 31 31 31 29 29 29 27 26 24 24 22 22 22 21 19 19 19 19 19 18 18 18 18 18 18 18 18 18 18 16 15 14 13 13 13 11 10 9 8 7 6 6 6 6 6 6 6 6 6 6 6 6 6 6 6 6 5 5 5 5 5 5 5 4 4 3 3 3 3 3 2 2 2 2 2 2 2 2 1 1 1 
127 121 114 110 102 99 98 91 90 81 78 76 76 72 71 70 65 61 60 57 57 56 54 54 52 52 52 51 47 47 47 42 42 41 39 39 39 39 38 37 37 36 32 32 31 31 30 30 29 29 26 26 25 24 24 22 22 19 19 18 18 18 18 18 18 18 17 17 17 16 16 15 14 13 13 13 12 12 12 12 10 8 7 6 6 6 6 6 6 6 6 6 6 6 6 6 6 5 4 4 4 4 4 4 4 4 4 3 3 3 3 3 3 2 2 2 2 2 2 2 2 1 1 
126 120 109 103 99 95 86 83 80 78 78 73 72 71 71 65 65 61 60 57 57 55 54 53 52 52 51 50 46 45 45 41 41 41 39 39 38 38 38 37 35 34 31 31 29 26 26 24 24 24 24 24 24 22 22 22 21 19 19 17 17 17 16 16 16 16 16 13 13 13 13 13 13 13 13 13 12 12 11 10 8 7 6 6 6 6 6 6 6 6 6 6 5 5 5 5 4 4 4 4 4 4 4 3 3 3 3 3 2 2 2 2 2 2 2 2 2 2 1 1 1 1 
116 106 106 96 96 92 82 82 77 76 76 73 71 69 67 64 62 60 59 57 57 55 54 51 50 49 48 46 45 45 44 41 41 39 38 38 38 37 36 34 33 33 29 29 27 22 22 22 22 22 21 21 21 20 19 19 19 17 17 17 16 15 14 14 13 12 12 12 12 11 11 11 11 10 10 10 10 8 8 7 7 6 6 6 6 6 6 5 5 5 5 5 4 4 3 3 3 3 3 3 3 3 3 3 3 3 3 2 2 2 2 2 2 2 2 2 1 1 1 1 1 1 
107 98 93 90 90 85 82 80 75 75 75 71 67 62 62 58 58 58 55 55 55 52 51 49 48 46 44 42 42 42 42 40 40 36 36 35 34 33 32 32 32 30 29 25 24 22 22 22 20 20 20 19 19 19 19 18 18 17 16 13 13 12 12 12 12 12 11 11 10 10 10 10 10 10 10 10 7 7 7 7 6 5 5 5 5 5 5 5 5 5 4 4 3 3 3 3 3 3 3 3 3 2 2 2 2 2 1 1 1 1 1 1 1 1 1 1 1 
94 91 89 89 87 84 79 75 75 72 72 66 64 62 62 57 57 56 55 54 54 52 50 48 45 43 40 40 39 39 38 38 38 35 35 33 31 31 29 29 29 28 27 25 24 22 20 19 19 19 18 17 17 17 17 17 17 17 16 12 12 12 12 12 12 11 10 10 10 9 8 8 8 8 8 7 7 6 5 5 5 5 5 5 5 4 4 4 4 4 4 3 3 3 3 3 3 2 2 2 2 2 2 2 2 1 1 1 1 1 1 1 1 1 1 1 
92 90 89 87 81 81 73 72 69 64 64 64 63 62 59 56 53 53 52 49 48 47 46 45 45 43 40 39 39 39 38 38 36 34 33 32 30 25 25 22 22 22 22 22 22 22 19 18 18 18 17 17 17 16 16 15 15 14 12 12 10 10 10 10 10 10 10 10 10 8 8 8 8 8 7 6 5 5 5 5 5 4 4 4 4 4 4 4 4 4 3 3 3 3 3 3 2 2 2 2 2 2 2 1 1 1 1 1 1 1 1 1 
91 89 82 82 79 78 69 67 65 64 63 61 60 52 49 49 49 48 48 48 48 45 44 44 42 42 39 39 39 36 34 34 34 33 32 30 29 24 23 22 21 21 21 21 21 19 18 18 18 17 17 17 16 16 16 15 14 14 12 10 10 10 10 10 10 10 9 9 9 8 7 7 7 7 7 6 5 5 5 5 4 4 4 4 4 4 4 4 4 4 3 3 3 3 3 2 2 2 2 2 2 2 1 1 1 1 1 1 1 1 1 1 
89 88 82 82 76 74 68 67 65 64 61 59 54 48 48 48 48 47 47 46 46 45 44 42 41 39 36 35 34 34 34 32 29 29 27 27 26 24 22 21 21 21 20 19 19 18 18 18 17 17 17 17 15 15 15 12 12 12 11 10 10 10 10 9 9 9 9 8 8 8 7 6 6 6 6 5 5 5 5 5 4 4 4 4 4 3 3 3 3 3 2 2 2 2 2 2 2 2 2 2 2 1 1 1 
88 81 81 79 76 70 68 65 64 57 57 57 53 48 48 48 44 44 42 41 40 40 40 39 38 36 35 35 34 34 33 28 27 27 23 23 23 22 20 20 20 19 19 19 18 14 14 14 14 14 14 14 14 13 11 11 10 10 10 10 9 9 9 9 8 8 8 8 8 6 6 5 5 5 5 5 5 5 4 4 4 4 3 3 3 3 3 3 3 3 2 2 2 2 2 2 2 1 1 1 1 1 
83 81 79 75 75 70 67 65 61 56 56 55 50 48 46 44 44 43 40 39 39 39 39 37 36 35 31 31 31 29 27 25 24 24 23 22 22 21 19 19 19 19 19 16 15 14 13 13 13 12 12 12 11 11 11 10 10 10 10 9 9 9 9 9 8 8 8 8 8 6 5 5 5 5 5 5 4 4 4 4 4 4 3 3 3 3 2 2 2 2 2 2 2 2 2 2 1 1 1 
83 79 78 75 69 68 67 64 58 56 53 53 50 48 45 44 41 41 39 39 39 39 37 33 33 33 31 31 30 24 24 23 23 23 22 21 19 19 19 19 19 18 17 16 15 13 13 12 12 12 12 11 11 11 10 10 9 9 9 9 9 8 8 8 8 8 8 7 7 5 5 5 5 5 5 5 4 4 4 4 4 3 3 3 3 2 2 2 2 2 1 1 1 1 1 
82 78 75 73 68 67 65 61 57 54 53 50 48 45 45 42 41 41 39 37 36 34 34 31 31 30 27 26 26 24 23 22 21 21 21 21 19 19 18 17 17 17 16 15 15 13 13 12 12 12 11 10 10 10 10 10 9 9 9 9 9 8 8 8 8 6 6 6 5 5 3 3 3 3 3 3 3 3 2 2 2 2 2 2 2 2 2 2 1 1 1 
82 78 73 68 67 66 64 61 57 52 52 50 46 45 45 42 41 39 39 36 36 34 34 30 30 29 26 25 22 22 21 21 20 19 18 17 17 17 16 16 15 15 15 14 14 13 13 12 12 11 11 10 10 10 9 9 9 9 8 8 7 7 7 7 7 6 4 4 4 4 3 3 3 3 3 3 3 3 2 2 2 2 2 2 2 2 2 2 1 1 1 
81 75 70 68 66 63 62 60 55 52 52 47 45 45 45 42 41 39 38 36 35 34 32 29 29 27 25 23 20 20 20 19 18 18 16 16 16 15 15 15 15 14 14 14 14 12 12 11 10 10 10 10 9 9 9 9 9 9 8 7 7 7 7 6 6 4 4 4 2 2 2 2 2 2 2 2 2 2 2 2 2 2 1 1 1 1 1 1 1 1 
72 69 65 62 62 61 61 57 55 51 51 47 45 45 43 41 40 38 38 33 32 32 32 29 26 25 24 23 20 20 19 18 17 17 15 14 14 14 14 14 14 14 14 13 13 12 12 10 10 10 10 9 9 9 9 9 9 8 8 7 7 7 7 6 5 4 4 2 2 2 2 2 2 2 2 1 1 1 1 1 1 1 
70 63 60 60 59 59 55 55 52 51 50 47 45 44 42 39 39 36 35 33 32 32 31 29 25 23 23 23 19 19 19 18 15 14 14 14 14 14 13 13 13 13 13 11 11 11 10 10 10 10 10 9 9 9 8 8 7 7 6 6 6 6 4 4 4 4 3 2 2 2 2 2 2 2 2 1 1 1 1 
70 61 60 60 59 58 55 52 50 50 48 46 45 42 40 38 37 35 34 33 32 30 27 27 23 23 22 20 19 15 15 15 15 14 14 14 14 14 13 13 13 13 12 11 11 10 10 10 10 10 9 9 9 9 8 8 7 6 6 5 2 2 2 2 2 2 2 2 2 2 2 2 2 1 1 1 1 1 1 
64 61 60 60 57 55 52 49 49 48 47 44 43 42 37 37 35 34 34 33 32 28 27 26 23 22 22 19 19 15 14 14 14 14 14 13 13 12 12 12 12 12 12 11 10 10 10 10 10 9 8 8 8 8 8 7 5 4 4 3 2 2 2 2 2 2 2 2 2 2 1 1 1 1 1 1 1 1 1 
64 60 59 59 56 53 52 49 48 45 44 41 41 41 37 34 34 33 33 33 31 28 25 24 23 22 20 19 17 15 14 14 14 14 13 13 13 12 12 12 11 11 11 11 10 10 10 10 9 8 8 8 8 8 7 6 4 4 4 3 2 2 2 2 2 2 2 2 1 1 1 1 1 1 1 1 1 
64 60 59 58 55 53 50 49 47 45 42 39 39 38 37 33 33 33 31 31 30 28 24 24 20 19 18 18 17 15 14 14 14 13 13 13 13 12 11 11 11 10 10 10 10 10 9 8 8 7 6 6 6 6 6 6 4 4 3 2 2 2 2 2 2 2 2 2 1 1 1 1 1 1 
64 60 57 55 54 46 46 44 44 42 40 36 36 34 34 32 32 32 30 30 29 28 23 22 20 19 18 17 16 15 14 13 13 13 13 13 12 12 11 11 10 10 9 8 8 8 7 6 6 5 5 5 5 5 5 5 4 3 3 2 2 2 2 2 2 2 1 1 1 1 1 1 1 1 
62 59 57 52 47 46 43 43 43 40 39 36 36 34 34 32 30 29 29 28 28 24 22 22 19 19 18 17 16 15 14 13 13 13 13 12 12 12 11 11 10 9 9 8 8 7 7 6 5 5 5 5 5 5 4 4 4 3 2 2 2 2 2 2 2 1 1 
62 57 54 47 45 44 43 40 40 40 38 36 34 34 31 31 30 29 27 26 25 24 22 22 19 19 17 17 16 15 14 13 13 13 13 12 11 11 9 9 9 9 8 8 8 7 6 6 5 5 5 5 5 5 4 4 4 3 2 2 2 2 2 1 1 1 1 
59 56 53 45 42 42 41 40 39 38 38 36 34 33 31 30 26 26 25 25 25 23 20 20 19 18 17 16 16 14 13 13 13 12 12 12 11 10 9 9 9 9 8 8 7 7 5 5 5 5 5 5 4 3 3 3 3 3 2 2 2 2 2 1 1 1 
59 56 49 44 42 42 40 38 38 36 35 31 31 31 31 27 26 26 25 25 23 22 19 19 19 18 16 16 16 14 13 13 13 12 12 10 10 10 9 9 9 8 5 5 5 5 5 5 5 4 4 4 3 3 3 3 3 3 2 2 2 2 1 1 1 1 
58 55 49 44 41 40 38 37 37 36 33 31 31 31 30 26 25 25 25 25 20 20 19 19 17 17 16 14 14 14 13 13 13 12 12 10 10 9 9 8 6 5 5 5 5 5 5 4 4 4 4 4 3 3 3 3 3 3 2 2 2 2 1 1 1 1 
58 53 49 43 40 39 37 33 33 33 32 31 30 30 28 26 25 25 25 21 19 19 19 18 17 17 16 14 14 14 13 11 10 10 10 10 9 9 9 7 6 5 5 5 5 4 4 4 4 3 3 3 3 3 3 3 3 3 2 2 1 1 1 1 1 1 
54 50 47 43 40 35 34 33 33 33 32 30 29 29 27 25 25 24 24 20 19 19 17 17 17 16 15 14 14 12 11 11 10 10 10 10 9 9 9 7 6 5 5 5 5 4 4 4 4 3 3 3 3 3 3 3 3 2 2 2 1 1 1 1 1 1 
52 47 44 43 39 33 33 33 32 30 30 29 29 29 27 25 24 23 23 19 19 19 17 17 16 15 15 14 13 12 11 10 9 9 9 9 8 7 7 7 5 5 5 4 4 4 4 4 4 3 3 3 3 3 3 2 2 1 1 1 1 1 1 
47 44 43 42 36 33 33 33 32 30 28 28 28 28 25 24 24 21 21 19 19 18 17 15 15 15 15 14 11 11 11 10 9 9 9 7 6 6 5 5 5 4 4 4 4 4 4 4 3 3 3 3 3 3 2 2 2 1 1 1 1 1 1 
43 43 41 41 36 33 32 32 32 29 28 28 28 25 23 23 23 19 19 18 18 18 17 15 15 15 14 13 11 11 11 10 9 9 8 7 6 5 5 5 5 4 4 4 4 4 4 4 3 3 3 2 2 2 2 2 2 
43 42 40 40 34 33 31 31 31 29 28 26 26 25 23 23 19 19 18 16 16 16 15 15 15 15 13 12 11 10 10 9 9 8 8 6 6 5 5 5 5 4 4 2 2 2 2 2 2 2 1 1 1 1 1 1 1 
43 42 40 38 34 30 30 30 29 27 24 24 23 22 21 21 19 19 18 16 15 14 14 13 13 13 13 11 10 10 9 9 9 8 6 6 6 5 5 4 4 4 3 2 2 2 2 2 2 2 1 1 1 1 1 1 
42 42 40 36 33 30 28 27 25 23 23 23 22 18 18 18 18 15 15 15 15 14 14 13 13 12 12 10 10 10 9 9 8 8 6 6 5 5 4 4 3 3 2 2 2 2 2 2 1 1 1 1 1 
42 40 36 36 32 30 28 25 22 18 18 18 18 18 17 17 17 15 15 15 14 14 13 13 12 11 11 10 10 9 9 9 8 7 6 6 5 5 4 4 3 3 2 2 2 1 1 1 1 1 1 
41 40 36 33 32 28 26 25 20 18 18 18 18 18 17 16 15 15 15 15 14 13 13 13 12 8 8 8 8 8 8 8 8 6 6 6 5 5 4 4 3 2 2 2 1 1 1 
41 40 33 32 32 28 25 24 19 18 18 18 18 16 16 16 15 15 15 15 14 13 13 13 11 8 8 8 8 8 8 8 7 6 5 5 5 4 4 4 2 2 2 1 1 1 1 
38 38 33 30 26 26 25 24 19 18 18 17 17 16 16 16 15 14 14 14 13 13 13 13 10 8 8 8 8 8 8 7 6 6 4 4 4 4 3 3 2 2 2 1 1 1 
38 37 33 30 26 24 24 23 18 18 18 17 16 15 15 15 14 14 14 13 13 13 12 12 10 8 8 8 7 6 6 6 6 6 4 4 4 3 2 2 2 2 2 1 1 
38 36 33 30 26 23 22 20 18 18 16 16 15 15 15 14 14 14 13 12 12 12 11 11 10 8 8 7 7 6 6 6 6 5 4 4 3 3 2 2 2 2 1 1 1 
38 36 31 27 26 23 22 20 18 18 16 16 15 15 14 14 12 11 11 11 11 11 11 11 10 8 8 6 6 6 6 6 5 5 3 3 3 3 2 2 2 1 1 1 1 
38 36 31 27 26 22 21 20 17 17 16 14 14 14 14 13 12 11 11 11 11 11 10 9 9 8 8 6 6 6 6 6 5 5 3 3 3 3 2 2 2 1 1 1 1 
38 34 29 27 25 21 21 19 17 17 16 14 14 14 13 13 12 11 11 11 11 11 9 9 8 8 8 6 6 6 6 5 5 4 3 2 2 2 2 2 2 1 
36 34 29 26 24 21 21 18 17 17 16 14 14 14 13 12 11 11 11 11 11 10 9 9 8 8 7 5 5 5 5 5 5 4 3 2 2 2 2 1 1 1 
34 33 26 25 23 21 21 17 16 16 15 14 14 14 13 11 11 11 11 11 10 9 9 9 7 7 5 5 5 5 5 4 3 3 3 2 2 2 2 1 1 
33 32 25 24 22 21 21 17 16 15 14 14 14 14 13 11 11 11 11 10 9 8 8 8 6 6 5 5 4 4 4 4 3 3 2 2 2 2 1 1 1 
33 31 25 24 22 21 21 17 16 14 14 14 14 13 13 11 11 11 11 9 8 8 8 5 5 5 5 5 4 4 3 2 2 2 2 2 2 2 1 1 1 
33 28 23 23 21 20 20 17 16 14 14 13 13 13 13 11 11 11 11 9 8 8 7 5 5 5 5 4 4 4 2 2 2 2 2 2 2 1 1 1 1 
33 27 23 23 21 20 20 17 16 13 13 13 13 13 13 11 11 11 11 8 8 7 7 5 5 4 4 3 3 3 2 2 2 2 2 2 1 1 1 1 1 
31 27 23 21 20 20 19 16 16 13 13 13 13 13 12 11 11 11 10 8 8 7 5 5 4 4 3 3 3 2 2 2 2 2 2 2 1 1 1 1 1 
29 25 23 21 20 19 19 16 13 13 13 13 12 12 11 9 9 9 9 8 7 6 5 5 4 3 3 3 2 2 2 2 2 2 2 1 1 1 
29 24 22 21 20 19 19 15 13 13 13 12 12 11 11 9 9 8 8 8 7 5 4 3 2 2 2 2 2 2 2 2 2 1 1 1 1 1 
29 23 21 21 20 19 19 13 13 13 13 12 12 11 10 9 9 8 8 8 7 5 4 3 2 2 2 2 2 2 2 2 2 1 1 
28 21 21 20 20 18 17 13 13 13 12 11 10 10 10 9 9 8 8 8 7 4 3 3 2 2 2 2 2 2 2 2 2 1 1 
28 21 20 19 19 17 16 13 13 12 11 11 10 10 9 8 8 8 8 6 6 4 3 2 2 2 2 2 2 2 2 2 1 1 1 
28 20 19 19 19 16 16 13 13 12 11 11 10 9 9 8 8 8 8 6 5 4 2 2 2 2 2 2 2 2 2 1 1 1 
27 19 19 18 16 16 14 13 13 12 11 11 10 9 8 8 8 8 7 5 5 3 2 2 2 2 2 2 2 2 2 1 
27 19 17 16 16 15 14 11 10 10 10 10 9 9 8 8 7 7 7 5 5 3 2 2 2 2 2 2 2 1 
26 19 17 16 15 13 13 11 10 10 10 10 9 9 8 8 7 7 5 5 4 3 2 2 2 2 2 1 1 1 
26 19 17 16 15 13 13 11 10 10 10 10 9 9 7 7 7 6 4 3 3 3 2 2 2 2 2 1 1 1 
23 19 17 16 15 13 13 11 10 10 10 10 9 8 7 7 6 6 4 3 2 2 2 2 2 2 1 1 1 1 
23 19 17 16 14 13 13 11 10 10 10 10 9 8 6 6 6 6 4 2 2 2 2 2 2 1 1 1 
23 18 17 16 14 13 13 10 10 10 10 10 8 7 6 6 6 6 3 2 2 2 1 1 1 1 1 1 
23 18 17 16 14 13 13 10 10 10 9 9 8 6 6 6 6 4 3 2 2 1 1 1 1 1 1 1 
23 18 16 15 12 12 12 10 10 9 9 9 7 6 6 6 5 3 3 2 2 1 1 1 1 1 1 1 
21 18 16 15 12 12 12 10 10 9 9 8 7 6 6 6 5 3 3 2 2 1 1 1 1 
21 17 15 15 12 11 11 10 8 8 8 7 6 6 6 5 5 3 3 2 2 1 1 1 1 
21 17 15 14 12 11 11 10 8 8 8 7 6 6 5 5 5 3 3 1 1 1 1 1 
21 17 15 13 12 11 11 10 8 8 8 6 6 6 5 5 2 2 1 1 1 1 1 1 
20 17 14 13 12 11 11 10 8 8 8 6 6 6 5 5 2 2 1 1 1 1 1 1 
20 17 14 13 11 11 10 10 8 8 6 6 6 5 5 5 2 1 1 1 1 1 1 
20 17 14 13 11 11 10 8 8 8 6 6 5 5 5 5 2 1 1 1 1 1 
20 17 14 13 11 11 10 8 8 8 6 6 5 5 5 5 1 1 1 1 1 
19 16 14 12 11 11 9 8 8 8 6 5 5 5 5 4 1 1 1 1 
19 15 13 12 11 9 8 7 7 7 6 5 5 5 5 4 1 1 1 1 
19 13 13 11 10 8 8 7 7 7 6 5 5 5 4 4 1 1 1 1 
19 12 11 10 10 7 6 6 6 6 6 5 5 5 4 4 1 1 1 1 
18 12 11 10 9 6 6 6 6 5 5 5 5 5 4 2 1 1 1 1 
18 11 10 9 7 6 6 6 6 5 5 5 4 4 3 2 1 1 1 1 
18 11 10 9 7 6 6 6 6 5 5 5 4 3 3 2 1 1 1 
18 11 10 8 7 6 6 6 6 5 5 5 3 3 2 2 1 1 1 
18 11 10 8 7 6 6 6 6 5 5 3 3 2 2 1 1 1 
18 11 10 8 7 6 6 6 5 4 4 3 3 2 2 1 1 
16 11 10 8 6 6 6 6 5 4 4 3 3 2 
16 11 9 8 6 6 5 5 5 3 3 2 2 2 
15 10 8 8 6 6 5 5 4 3 2 2 2 1 
15 10 8 8 6 6 5 5 4 3 2 2 2 1 
15 10 8 8 6 6 5 5 4 3 2 2 2 1 
15 10 8 8 6 5 5 5 4 3 2 2 1 1 
15 10 7 7 6 5 5 5 3 3 1 
15 10 7 6 6 5 5 5 3 3 
15 9 7 6 6 5 5 5 3 3 
15 9 7 6 6 5 5 5 3 2 
15 9 6 6 6 5 5 4 3 2 
14 9 6 6 6 5 5 4 3 2 
12 9 6 6 5 5 5 4 3 1 
12 9 6 6 5 5 5 3 3 1 
12 8 6 6 5 5 4 3 2 1 
10 7 6 6 5 5 4 3 2 1 
10 7 6 5 5 5 4 2 2 1 
10 7 6 5 5 5 4 1 1 
10 7 6 5 5 5 3 1 1 
9 7 6 5 4 4 3 1 1 
9 7 6 5 4 3 3 1 1 
9 7 6 5 3 3 3 1 1 
9 7 5 5 3 3 3 1 1 
9 7 5 5 3 3 2 1 1 
9 7 5 4 3 3 2 1 1 
9 7 4 4 3 3 2 1 1 
9 6 4 4 3 3 2 1 
9 6 4 3 3 3 2 1 
9 6 3 3 2 2 1 1 
9 6 3 3 2 1 1 1 
9 5 3 3 1 1 1 1 
9 4 3 3 1 1 1 1 
9 4 2 2 1 1 1 1 
9 4 2 2 1 1 1 
8 4 2 2 1 1 1 
8 4 2 2 1 1 
7 4 2 2 1 1 
7 4 2 2 1 1 
7 4 2 2 1 1 
7 4 2 2 1 1 
7 4 2 2 1 1 
7 4 2 1 1 1 
6 3 2 1 1 1 
6 3 2 1 1 
6 2 2 1 
5 2 2 1 
5 2 2 1 
5 2 2 1 
5 2 2 1 
5 2 2 1 
5 2 2 1 
5 2 2 1 
5 2 2 
5 2 1 
4 2 1 
4 2 
4 2 
3 
