164 158 150 146 137 137 125 122 122 116 108 107 107 98 88 88 81 81 80 79 78 77 74 74 70 70 70 69 67 67 66 59 57 53 53 53 52 51 51 51 50 50 46 45 45 45 43 43 43 43 38 38 38 37 36 36 36 36 33 32 32 31 30 30 29 28 28 27 25 25 24 23 23 22 22 21 20 20 19 18 18 18 17 17 17 17 17 17 17 16 16 16 16 15 15 15 15 15 15 15 14 13 12 12 11 11 11 11 11 11 11 11 11 11 11 11 11 11 11 10 10 10 10 9 9 9 9 9 9 8 7 7 7 7 7 6 6 6 6 6 6 6 5 5 5 3 3 3 3 3 2 2 2 2 2 2 2 2 
156 150 144 142 121 114 114 114 107 107 104 93 90 90 88 87 81 78 78 75 74 71 71 70 70 68 65 61 61 60 60 57 56 53 52 50 48 48 48 48 48 47 45 45 45 44 43 43 40 40 38 36 34 34 32 30 30 30 30 29 28 28 27 27 27 25 24 24 24 23 22 21 21 19 19 18 18 18 18 18 18 16 16 16 16 16 14 14 13 13 13 13 13 12 12 11 11 11 11 11 11 11 11 11 11 11 9 7 7 7 7 7 6 5 5 5 4 4 4 4 4 4 4 4 3 3 3 3 3 3 3 3 3 2 2 2 2 2 1 1 1 1 1 1 1 1 1 1 
143 142 137 134 119 114 114 108 107 103 98 93 89 88 87 86 81 76 75 73 72 71 69 68 68 66 63 59 54 54 51 50 50 49 48 48 47 44 44 44 44 42 42 40 40 40 39 39 39 38 32 32 32 31 30 30 29 29 28 28 27 26 25 23 23 21 21 21 21 20 20 17 17 17 15 15 15 15 15 15 15 14 14 14 13 13 13 13 9 9 9 9 9 9 8 8 8 8 8 7 6 6 6 5 5 5 5 4 4 4 4 4 4 4 4 4 3 3 3 3 2 2 2 2 2 2 2 2 2 2 2 2 2 2 2 1 1 1 1 1 1 1 1 1 
138 133 128 121 118 114 105 101 101 99 93 92 88 86 80 80 71 71 70 70 68 68 67 60 60 60 57 56 54 52 51 48 45 45 45 45 44 43 43 43 41 40 40 40 39 39 38 37 37 36 32 31 30 28 28 28 28 27 27 25 24 23 20 18 18 18 17 17 16 15 15 15 15 15 15 15 14 11 10 10 10 10 10 10 10 9 9 9 9 9 9 9 7 7 7 7 7 7 7 6 6 5 5 5 5 5 4 4 4 4 4 4 3 2 2 2 2 2 2 2 2 2 1 1 1 1 1 1 1 1 1 1 1 1 1 1 1 1 1 
138 125 117 104 102 100 92 89 85 82 81 79 77 74 74 73 71 70 69 69 67 65 64 60 58 56 55 53 51 51 51 47 45 44 42 42 42 42 41 41 40 38 38 38 37 36 36 34 33 32 31 30 28 26 24 24 24 24 21 21 21 20 19 18 15 15 15 15 14 14 14 13 13 13 12 12 12 10 10 9 9 9 9 9 9 8 8 8 8 8 8 8 7 7 7 7 7 7 7 6 4 4 4 4 4 4 3 2 2 2 2 2 2 2 2 2 2 1 1 1 1 1 1 1 1 1 1 1 1 1 1 1 1 1 1 1 1 1 
133 124 110 103 101 93 89 88 84 82 80 79 77 74 73 72 69 68 67 66 65 63 61 59 58 56 54 52 51 49 47 45 44 41 41 41 40 39 39 39 39 38 36 36 35 35 32 27 27 27 27 27 25 23 23 23 23 22 20 20 20 19 18 17 15 15 15 15 14 14 14 13 13 11 10 10 10 10 10 9 8 8 8 8 8 8 8 7 4 4 4 4 4 4 4 4 4 4 4 2 2 2 2 2 2 2 2 2 2 2 2 2 2 2 1 1 1 1 1 1 1 1 1 1 1 1 1 
128 117 103 96 91 87 86 84 81 77 76 76 75 69 69 68 67 65 65 63 61 60 57 54 54 52 51 48 45 45 44 44 43 40 40 40 39 39 36 35 35 35 33 33 32 31 30 26 26 25 24 23 23 23 21 20 20 19 19 18 18 17 14 14 14 13 11 11 10 10 9 9 9 9 9 9 9 9 8 8 8 8 8 8 8 7 6 5 4 4 4 4 4 4 4 4 4 4 2 2 2 2 2 2 2 2 2 2 2 2 2 1 1 1 1 1 1 1 
128 116 101 87 83 82 82 82 78 77 75 75 71 69 67 67 66 64 62 60 59 58 54 54 51 50 50 46 44 44 43 40 40 40 40 38 36 36 35 34 33 33 32 31 31 29 24 24 24 24 23 23 22 22 19 19 19 18 18 17 16 15 14 12 12 11 11 10 9 9 9 9 9 9 9 9 9 9 8 8 8 8 7 7 7 7 5 4 4 4 4 4 4 4 4 3 3 2 2 2 2 2 2 2 2 2 2 2 2 2 1 1 1 1 
126 111 94 87 83 82 82 79 76 75 73 71 67 67 65 62 60 58 56 55 55 54 51 48 47 46 46 43 43 43 41 40 38 36 33 33 33 33 32 31 31 30 30 30 30 27 24 24 24 24 23 23 22 22 19 18 15 15 14 14 13 13 13 12 12 10 9 9 9 9 9 9 9 9 9 8 8 8 7 7 6 6 6 4 4 4 4 4 3 3 3 3 3 3 3 2 2 2 2 2 2 2 1 1 1 1 1 1 1 1 1 1 1 
120 110 91 86 82 82 80 76 76 74 71 68 65 63 61 59 58 57 56 54 49 49 49 46 43 43 43 43 42 42 38 38 33 33 31 31 31 30 30 29 29 29 28 28 26 26 24 24 22 22 22 21 21 21 17 15 14 14 14 14 13 13 12 12 11 9 9 9 9 9 9 9 9 8 8 8 8 6 6 6 6 6 5 3 3 3 2 2 2 1 1 1 1 1 1 1 1 1 1 1 1 1 1 1 1 1 1 1 1 1 1 
118 103 89 84 81 81 78 70 66 63 59 58 56 56 56 56 55 54 54 50 49 49 45 44 43 43 42 39 39 39 34 34 32 32 31 31 31 30 29 26 26 24 24 23 22 21 20 20 20 19 18 18 18 18 17 15 14 13 13 13 13 13 11 11 11 9 9 9 8 8 8 8 8 8 8 6 6 6 6 4 4 4 4 3 3 3 2 2 1 1 1 1 1 1 1 1 1 1 1 1 1 1 1 1 1 1 1 1 
112 99 86 83 81 81 69 69 64 63 59 57 56 54 54 54 53 53 48 47 47 46 44 43 42 39 39 32 32 32 29 27 26 26 24 24 23 21 21 21 20 20 20 17 17 17 17 17 16 15 15 15 14 14 14 14 14 13 13 13 13 12 11 10 9 8 8 8 8 7 7 7 7 6 5 5 5 5 5 4 3 2 2 2 2 2 2 2 1 1 1 1 1 1 1 1 1 1 
107 97 86 82 75 74 69 68 64 63 57 55 53 53 53 51 51 48 47 47 43 43 40 40 39 39 35 32 32 27 27 27 25 23 22 22 22 21 20 18 18 17 17 16 16 16 16 15 15 15 15 15 14 14 14 14 13 13 12 12 12 12 10 9 8 8 8 7 7 5 5 5 5 5 5 5 5 4 2 2 2 2 2 2 2 2 2 1 1 1 1 1 1 
106 92 85 73 73 73 68 67 64 63 57 55 53 53 51 48 48 48 47 45 41 40 39 36 33 33 32 30 29 27 26 23 22 21 21 21 20 20 17 17 14 14 14 14 13 13 13 13 13 13 13 13 13 13 13 13 13 12 11 11 9 8 8 8 8 7 7 6 6 5 5 5 5 5 5 5 5 4 2 2 2 2 1 1 1 1 1 1 1 1 1 1 1 
102 85 82 73 73 73 67 64 63 63 56 55 49 48 48 47 47 47 45 43 40 39 35 35 33 29 27 27 27 27 26 23 22 21 21 20 19 18 17 16 14 14 13 13 13 13 13 13 13 11 11 11 9 9 9 9 9 9 9 9 8 8 8 8 8 7 7 5 5 5 5 5 5 3 3 3 3 3 2 2 2 2 1 1 1 1 1 1 1 1 1 1 1 
100 84 82 72 71 68 65 61 52 52 52 51 49 48 47 46 43 43 43 41 37 37 32 32 31 29 27 26 25 24 23 20 19 18 18 18 15 15 15 15 14 14 13 13 13 13 13 13 13 11 11 10 9 9 9 9 9 9 9 8 8 8 8 7 7 7 7 5 5 5 5 5 4 3 3 2 2 2 2 2 1 1 1 1 1 1 1 1 1 1 1 
97 84 82 70 68 67 60 60 52 52 51 50 49 48 45 45 41 40 40 40 32 31 31 30 30 27 27 24 24 20 19 18 18 18 17 16 15 15 15 13 13 13 13 13 13 13 13 13 12 11 10 9 9 9 9 9 8 7 7 7 7 7 7 7 6 6 5 5 5 4 3 3 2 2 1 1 1 1 1 1 1 1 1 1 1 1 1 1 1 1 
93 84 77 70 63 62 58 53 52 52 49 49 49 47 44 41 39 39 39 39 32 31 31 30 29 27 27 22 20 19 18 18 18 16 16 15 15 15 13 13 13 13 13 13 13 11 10 10 10 9 9 9 8 8 8 8 7 7 7 7 7 7 7 5 5 5 5 5 5 3 1 1 1 1 1 1 1 1 1 1 1 1 1 1 1 1 1 1 1 1 
92 83 75 70 63 62 56 51 48 46 46 46 46 45 43 39 39 38 36 35 31 31 31 30 27 27 23 21 19 18 18 17 17 15 15 15 14 13 13 13 13 12 12 10 9 9 9 9 8 8 8 8 8 7 7 7 7 7 7 6 6 6 5 5 5 5 5 5 5 3 1 1 1 1 1 1 1 1 1 1 1 1 1 1 1 1 1 1 1 
88 83 75 69 62 60 52 51 48 46 44 44 40 39 39 34 33 33 32 32 31 31 30 28 26 24 22 20 19 18 17 16 16 15 15 15 13 13 13 12 10 10 10 9 8 8 8 8 8 8 8 8 8 7 7 7 7 7 7 6 5 5 5 5 5 5 5 5 4 2 1 1 1 1 1 1 1 1 1 1 1 1 1 1 1 1 
88 77 68 65 62 60 52 49 47 45 44 40 39 39 39 34 32 32 31 31 31 30 28 26 23 23 22 19 18 18 17 16 15 14 14 13 12 12 11 10 9 9 9 9 8 8 8 8 8 8 7 7 7 6 5 5 5 5 5 5 5 5 5 5 4 3 3 3 3 2 1 1 1 1 1 1 1 1 1 
88 74 67 62 61 58 50 46 46 44 42 40 38 38 36 32 32 32 31 31 25 24 24 23 20 17 17 17 17 17 14 14 14 14 14 11 11 11 11 10 9 9 9 9 8 8 8 8 8 7 6 6 5 5 5 5 5 5 5 4 4 4 3 3 3 3 3 2 2 1 1 1 1 1 1 1 1 1 1 
86 73 65 60 56 52 50 46 46 43 41 40 37 37 34 32 32 31 30 29 24 24 24 22 19 17 17 17 17 16 14 14 14 14 14 11 11 11 10 9 9 8 8 8 8 8 8 8 6 6 6 5 5 5 5 5 5 5 5 4 4 4 3 3 3 3 2 2 1 1 1 1 1 1 1 1 
83 67 64 56 52 49 48 44 41 40 40 39 34 34 33 32 32 30 28 26 24 23 23 22 17 17 17 17 17 15 14 14 14 12 12 10 9 9 9 8 8 8 8 8 8 8 8 7 6 6 6 5 5 5 4 4 4 3 3 3 2 2 2 2 1 1 1 1 1 1 1 1 1 1 
82 67 62 51 49 48 45 42 40 39 39 39 33 32 32 32 32 30 27 24 23 23 23 21 17 17 17 16 16 15 14 13 12 11 11 10 9 9 9 8 8 8 8 8 8 8 7 7 6 6 6 5 3 3 3 2 2 2 2 2 2 2 2 1 1 1 1 1 1 1 1 1 1 1 
76 63 62 51 47 45 44 42 39 38 37 35 32 32 30 29 29 29 26 24 23 21 21 20 17 17 17 15 15 15 14 12 11 10 9 9 9 9 9 8 8 8 8 8 5 5 5 5 5 5 5 5 3 3 2 2 2 2 2 2 2 2 2 1 1 1 1 1 1 1 1 1 1 
76 63 62 50 45 45 43 42 36 36 36 35 32 28 27 27 27 25 25 23 23 21 21 17 17 16 15 15 15 15 14 12 10 9 9 9 9 9 8 8 8 7 7 7 5 5 5 5 5 5 5 5 3 2 2 2 2 2 2 2 2 2 2 1 1 1 1 1 1 1 1 1 
74 62 59 50 45 44 43 42 35 35 35 34 31 28 27 27 26 25 25 23 22 21 20 17 17 16 15 15 15 15 13 12 10 9 9 9 9 7 7 6 6 6 6 6 5 5 5 5 5 5 5 5 2 2 2 2 2 2 2 2 1 1 1 1 1 
70 62 59 48 45 44 40 37 35 35 34 34 31 27 27 27 26 25 24 23 22 20 20 17 17 15 15 15 15 15 12 11 9 9 9 9 9 7 6 6 6 6 5 5 5 5 5 5 5 5 5 5 2 2 2 2 2 2 1 1 1 1 1 1 1 
70 62 54 48 44 43 39 36 32 32 31 31 31 27 27 27 26 25 24 22 22 20 20 17 16 15 15 15 14 11 11 11 9 9 9 8 8 6 6 6 6 6 5 5 5 5 5 5 5 5 5 5 2 2 2 2 1 1 1 1 1 1 
69 62 53 43 42 39 35 35 32 32 31 31 30 27 27 27 26 25 23 22 20 20 19 17 15 15 15 12 12 11 11 10 9 9 9 8 8 6 6 6 5 5 5 5 5 5 5 5 5 5 5 4 2 2 2 2 1 1 1 
68 59 51 43 41 38 34 32 32 32 31 29 29 27 27 27 26 24 21 20 20 20 19 16 15 15 14 12 12 11 9 9 9 9 8 8 6 5 5 5 5 5 5 5 5 5 5 5 5 5 4 4 2 2 2 2 1 1 1 
67 58 51 43 40 37 33 32 32 30 30 29 25 25 25 24 23 23 21 20 20 19 18 16 15 15 14 12 12 11 9 9 9 7 7 7 6 5 5 5 5 5 5 5 5 5 5 4 3 3 3 3 2 2 2 1 1 1 1 
63 55 47 43 34 32 32 32 32 30 29 27 25 25 25 23 23 23 21 20 19 19 18 16 15 15 14 11 11 11 9 9 8 7 7 7 6 5 5 5 5 5 5 5 5 5 5 3 3 3 3 3 2 2 2 1 1 1 1 
61 55 46 42 34 32 30 30 29 28 28 27 25 25 25 23 23 22 21 20 19 19 18 15 15 15 14 11 11 11 9 8 7 7 7 6 6 5 5 5 5 5 5 5 5 5 5 3 3 3 3 2 2 2 2 1 1 1 1 
61 55 46 42 32 29 28 28 27 27 27 25 25 25 24 23 23 22 20 20 19 16 16 15 15 13 13 11 11 11 9 7 7 7 7 5 5 5 5 5 5 5 5 5 5 4 4 3 3 2 2 1 1 1 1 1 1 1 1 
61 52 42 42 32 29 28 27 26 26 26 25 23 23 23 23 22 22 20 19 19 16 16 15 14 12 12 11 11 11 9 7 7 7 6 5 5 5 5 5 5 5 5 5 4 4 3 3 1 1 1 1 1 1 1 1 1 1 
61 52 41 41 30 28 27 27 26 24 24 24 23 22 22 21 21 20 20 19 17 16 15 14 14 12 11 11 11 10 9 7 7 7 6 5 5 5 5 5 5 5 5 4 2 2 2 2 1 1 1 1 1 1 1 1 1 
61 50 41 39 28 27 27 27 26 24 24 24 22 22 21 20 18 18 18 18 17 15 15 14 12 11 11 11 10 9 7 7 7 6 5 5 5 5 5 5 5 4 4 4 2 2 2 2 1 1 1 1 1 1 
59 50 41 39 28 27 27 27 25 24 24 24 20 18 18 18 18 17 17 17 16 15 14 13 12 11 11 11 9 9 7 6 6 5 5 5 5 5 5 5 4 4 3 2 2 2 2 2 1 1 1 1 
58 49 41 39 27 27 27 27 24 24 24 22 19 18 18 18 18 17 17 16 16 15 14 12 12 11 10 9 9 7 7 6 6 5 5 5 5 5 5 5 4 4 3 2 2 2 2 1 1 1 
57 46 40 39 27 27 27 26 24 24 24 22 19 18 18 18 16 16 15 14 14 12 12 11 11 10 10 8 8 7 7 6 6 5 5 5 5 5 5 4 3 3 2 2 2 2 1 1 1 1 
57 45 39 37 27 27 27 26 24 24 23 22 19 16 15 15 15 14 12 12 12 11 11 10 10 10 10 7 7 7 7 6 6 5 5 5 5 5 5 4 3 3 2 2 2 1 1 1 
57 45 39 37 27 27 27 26 24 24 21 20 19 16 15 15 15 14 12 12 12 11 9 9 9 8 8 7 7 7 7 6 6 5 5 5 5 5 4 3 3 2 2 2 2 1 1 
56 45 39 37 27 25 24 24 24 23 20 18 18 15 15 15 12 11 11 11 10 8 8 8 8 8 8 7 7 7 6 6 6 5 5 5 5 4 4 3 2 2 2 2 1 
53 45 37 35 27 24 24 24 23 23 20 17 17 15 15 14 12 11 11 10 9 8 8 8 8 7 7 7 7 7 6 6 6 5 4 4 4 3 3 2 2 2 1 
50 40 37 33 27 24 24 23 23 22 20 17 17 15 15 13 10 10 10 9 9 8 8 7 7 7 7 7 7 6 5 5 5 5 4 3 2 2 2 2 2 1 1 
50 38 37 32 26 24 23 23 22 21 20 17 17 14 12 11 10 10 10 9 8 8 8 7 7 7 7 7 7 6 5 5 4 2 2 2 2 2 2 1 1 1 1 
50 38 32 29 26 24 23 23 22 19 18 17 16 14 12 10 10 10 10 9 8 8 8 7 7 7 7 7 7 6 5 4 3 2 2 2 2 1 1 1 1 1 
48 35 32 29 24 24 23 23 19 19 18 16 15 12 12 10 10 10 10 9 8 8 8 7 7 7 7 5 5 5 3 3 2 2 2 2 1 1 1 1 
47 34 32 29 24 23 23 21 19 19 15 13 13 12 12 10 9 9 8 8 8 8 7 7 7 7 6 5 5 4 3 2 1 1 1 1 1 
46 33 32 28 23 23 23 20 18 17 15 12 12 12 12 10 9 9 8 8 8 7 7 7 7 7 6 3 2 2 1 1 1 1 1 1 1 
46 33 32 28 23 23 23 20 18 17 14 12 12 12 12 10 9 8 8 8 8 7 7 7 7 5 4 2 2 1 1 1 1 1 1 1 
43 33 32 28 23 23 23 19 17 16 13 12 12 12 11 10 9 8 8 8 7 7 7 7 6 3 3 1 1 1 1 1 1 1 1 1 
42 33 30 27 23 23 23 19 17 16 12 12 12 12 10 9 8 8 8 8 6 6 6 6 5 3 3 1 1 1 1 
42 32 30 25 23 23 22 19 17 14 12 11 11 10 9 9 8 8 8 8 6 6 6 6 4 3 3 1 1 1 1 
42 30 30 25 23 23 22 19 16 14 12 11 10 9 9 8 8 8 8 8 6 6 6 6 4 3 2 1 1 1 1 
41 29 29 25 23 23 21 19 16 14 11 11 9 9 9 8 8 8 8 8 6 6 6 6 4 3 2 1 1 
41 29 28 25 23 23 21 19 15 14 11 11 9 9 9 8 8 7 7 7 6 6 4 4 4 3 2 1 
39 29 28 25 23 23 20 19 15 13 11 11 9 9 8 8 8 7 7 7 6 6 4 4 4 3 2 1 
39 29 28 25 23 22 20 19 15 12 11 10 9 9 8 8 8 7 7 7 6 4 4 4 3 2 2 
39 28 23 23 23 22 20 18 14 12 11 10 9 9 8 8 8 7 7 5 5 4 4 4 3 2 2 
39 26 23 23 23 21 18 16 13 12 11 10 9 8 8 8 8 7 7 5 5 4 4 4 1 1 
37 26 23 23 21 19 18 15 13 12 11 10 8 8 8 8 8 7 5 5 4 4 4 3 1 1 
34 25 22 22 21 19 16 15 12 12 10 10 8 8 8 8 8 5 5 4 4 4 1 1 1 1 
34 25 22 22 20 17 16 15 12 12 10 10 8 8 8 7 7 5 4 4 4 4 1 1 1 1 
33 25 22 22 19 17 16 15 12 12 10 10 8 8 7 7 7 5 4 4 4 4 1 1 1 1 
33 25 22 20 19 16 14 14 12 12 10 10 8 8 7 7 6 5 3 3 3 3 1 1 1 
33 23 22 20 18 16 14 14 12 12 10 9 8 8 7 6 6 3 3 3 2 2 1 1 1 
31 23 22 20 18 16 13 13 12 12 9 8 8 8 7 6 6 3 3 3 2 2 1 1 
30 23 22 20 16 16 13 13 12 11 9 8 8 8 7 6 5 3 3 3 2 2 1 1 
29 22 21 18 15 15 13 12 10 9 8 7 7 7 6 6 4 3 3 3 2 2 1 
27 22 21 18 15 14 13 12 10 9 8 7 7 7 5 5 4 3 3 2 2 1 1 
27 21 21 18 15 14 9 9 9 8 7 7 7 6 5 5 4 3 3 2 2 1 1 
27 21 20 17 14 14 9 9 9 7 7 7 7 6 4 3 3 3 2 2 2 1 
26 21 20 15 14 14 9 8 8 7 7 7 7 6 3 3 2 2 2 2 2 1 
25 21 20 15 14 13 9 8 7 7 7 7 7 6 3 3 2 2 2 2 2 1 
25 21 18 15 13 13 9 7 7 7 7 7 6 6 3 3 2 2 2 2 2 1 
25 21 18 15 12 12 9 7 7 7 7 7 6 6 3 2 2 2 2 2 2 1 
25 21 18 14 12 11 9 7 7 7 5 5 5 4 3 2 2 2 2 2 1 
25 21 17 13 12 11 9 7 7 7 5 5 5 4 3 2 2 2 2 2 1 
22 21 16 13 12 9 9 7 7 6 5 5 5 4 3 2 2 2 2 1 1 
21 19 16 13 12 8 8 7 7 6 5 5 5 4 3 2 1 1 1 1 1 
21 19 13 11 11 8 8 7 7 6 5 4 4 3 2 2 1 1 1 1 
21 19 13 10 10 8 8 7 6 5 4 4 3 3 2 2 1 1 1 1 
21 19 13 10 10 8 8 6 5 5 4 3 2 2 2 1 1 1 1 
20 18 13 10 9 7 6 5 5 5 4 2 2 2 1 1 1 1 1 
20 16 13 10 8 7 6 5 5 5 3 2 2 2 1 1 1 1 1 
20 16 13 10 7 7 5 5 5 5 3 2 2 2 1 1 1 1 1 
19 15 13 9 7 7 5 5 5 4 2 2 2 2 1 1 1 1 
19 13 13 8 7 7 5 5 4 4 2 2 2 2 1 1 1 
18 13 11 7 7 7 5 5 4 4 2 2 2 2 1 1 1 
18 12 11 7 7 7 5 5 4 3 2 2 1 1 1 1 1 
18 11 11 7 7 7 5 5 4 3 2 2 1 1 1 1 1 
18 11 11 7 7 7 5 5 4 3 2 2 1 1 
17 11 11 7 7 5 5 5 4 3 2 2 1 
16 11 10 7 6 5 5 5 4 2 2 2 1 
16 11 9 7 6 5 4 4 3 2 2 2 1 
16 11 9 7 6 5 4 4 3 2 2 2 1 
14 11 9 7 4 4 4 3 2 2 2 2 1 
13 10 9 7 4 4 3 3 2 2 2 1 1 
12 10 9 6 4 4 3 3 2 2 2 1 1 
11 10 9 6 4 4 3 3 2 2 2 1 
11 10 7 5 4 4 3 3 2 2 1 1 
11 10 5 5 4 4 3 2 2 2 1 1 
11 10 5 5 4 4 3 2 1 1 1 
9 9 5 5 4 4 3 1 1 1 1 
9 9 5 5 4 3 2 1 1 1 1 
9 9 4 4 4 3 2 1 1 1 1 
9 8 4 4 4 2 2 1 1 1 1 
8 7 4 3 3 2 2 1 1 1 1 
7 7 3 3 3 2 1 1 1 1 1 
7 7 3 3 3 2 1 1 1 1 
7 7 3 3 2 2 1 1 1 1 
7 7 3 2 2 1 1 1 1 
7 7 3 2 2 1 1 1 
7 7 3 2 2 1 1 1 
7 7 3 2 2 1 1 1 
7 7 3 2 2 1 1 1 
7 6 3 2 2 1 1 1 
6 6 3 2 2 1 1 
6 6 3 2 2 1 1 
6 6 3 2 2 1 1 
6 6 3 2 2 1 1 
6 5 3 2 2 
5 5 3 2 2 
5 4 3 2 2 
4 4 3 2 2 
4 4 3 2 2 
4 4 3 2 2 
4 4 2 2 
4 4 2 1 
4 4 2 1 
4 4 2 1 
4 4 2 
4 3 2 
4 3 2 
4 3 2 
4 3 2 
4 3 1 
3 2 1 
3 2 1 
3 1 1 
3 1 1 
2 1 1 
2 1 1 
2 1 1 
2 1 1 
2 1 1 
2 1 1 
2 1 1 
2 1 1 
2 1 
2 1 
2 1 
2 1 
2 1 
2 1 
2 1 
2 1 
2 1 
2 1 
2 
2 
2 
2 
