174 147 138 135 133 121 118 117 111 111 110 103 99 97 95 87 85 79 79 77 75 75 75 73 68 68 66 66 65 65 64 64 61 59 59 59 55 54 54 53 53 52 50 50 40 40 38 38 38 37 37 37 37 37 36 34 34 34 34 34 31 31 31 31 31 31 31 30 30 30 28 26 26 26 24 23 23 22 22 22 22 22 21 21 21 21 21 21 20 20 18 17 17 16 16 15 15 15 15 15 15 15 15 14 14 14 14 14 11 10 10 10 10 10 10 10 10 10 10 10 9 9 9 8 8 8 8 8 7 7 6 5 5 5 5 5 5 5 5 5 5 5 5 5 3 3 3 3 3 3 3 3 3 3 3 3 2 2 2 2 2 2 2 2 2 1 1 1 1 1 1 
148 145 138 132 119 105 99 95 92 87 84 84 82 81 80 80 79 78 77 74 73 72 70 67 65 63 63 62 62 62 62 62 61 57 56 54 54 54 53 49 47 45 45 41 39 38 38 37 37 37 37 37 36 34 33 31 30 28 28 28 28 28 28 28 27 27 25 24 24 23 22 21 21 21 21 20 20 20 20 20 19 18 17 16 16 16 16 16 15 15 15 15 14 13 13 13 13 12 12 12 12 12 12 11 11 10 10 10 10 9 8 8 8 8 8 7 5 5 5 5 5 5 5 5 4 4 4 4 4 3 3 3 3 3 3 3 3 3 3 3 3 3 3 3 2 2 2 1 1 1 1 1 1 1 1 1 1 1 1 1 1 1 1 1 
144 140 122 121 114 99 93 86 85 85 83 82 82 80 79 77 74 73 73 72 72 70 68 63 63 61 60 60 60 60 58 57 57 55 52 49 48 48 46 44 40 39 39 38 38 38 37 37 36 36 36 36 31 31 30 30 28 28 28 28 26 26 26 24 24 24 21 21 21 20 19 19 18 18 18 18 16 16 14 14 13 12 12 12 12 12 11 11 11 11 9 9 9 8 8 8 8 7 7 7 7 7 6 6 6 6 6 6 6 6 6 6 6 6 6 5 5 5 5 4 4 4 4 4 4 4 4 3 3 3 3 3 3 3 3 3 3 3 3 2 2 2 2 2 2 1 1 1 1 1 1 1 1 1 1 1 1 
142 131 121 112 95 95 89 85 84 83 82 82 81 79 78 76 73 70 69 65 65 64 64 61 59 57 57 57 56 53 52 51 51 45 45 45 43 43 42 42 39 39 38 37 37 37 37 34 34 34 32 32 31 29 28 28 28 27 26 26 26 26 24 24 24 22 20 19 18 17 17 16 16 16 14 14 13 13 13 11 11 11 11 11 10 10 9 9 9 9 9 9 8 8 8 7 7 7 6 6 6 6 6 6 6 6 6 6 4 4 4 4 4 4 4 4 4 3 3 3 3 3 3 3 3 3 3 3 3 3 2 2 2 2 2 2 2 2 2 1 1 1 1 1 1 1 1 1 1 1 1 
141 120 113 110 95 87 87 84 84 81 81 81 79 77 71 70 64 62 61 56 56 56 55 55 54 53 50 49 49 48 48 48 46 45 44 43 43 43 42 41 34 31 31 31 31 31 31 28 28 28 28 28 26 25 25 25 25 24 23 23 23 23 21 20 18 18 18 16 14 14 14 14 14 14 12 12 11 10 10 9 9 9 9 9 9 9 9 9 9 9 9 9 8 8 7 7 6 6 6 6 6 6 6 6 5 4 4 4 4 4 4 4 3 3 3 3 3 3 3 3 3 3 3 3 3 3 3 2 2 2 2 2 1 1 1 
126 115 110 105 90 87 85 84 81 80 79 78 78 74 69 65 61 60 59 56 56 56 55 53 53 53 46 46 45 45 44 44 44 42 41 40 40 40 39 36 33 31 31 30 29 28 28 28 27 27 26 26 25 25 25 25 25 23 23 22 22 22 20 20 17 16 15 15 14 14 13 12 10 10 10 9 9 9 9 9 9 9 9 9 9 9 9 8 8 8 8 8 7 7 6 6 6 6 6 6 5 5 5 5 5 4 4 4 4 4 3 3 3 3 3 3 2 2 2 2 1 1 1 1 1 1 1 1 1 1 1 1 1 1 
125 113 110 99 90 86 84 81 78 77 77 76 71 71 66 64 61 59 59 56 54 51 51 50 49 49 45 45 44 44 44 43 42 41 41 39 37 37 36 34 33 30 30 30 28 28 28 27 26 26 26 26 25 25 25 23 22 21 21 21 20 19 19 19 15 15 15 13 10 10 10 9 9 9 9 9 9 9 9 9 8 8 8 8 8 8 7 7 7 7 7 7 7 7 6 6 6 5 5 5 4 4 4 4 4 4 3 3 3 3 3 3 3 2 2 2 2 1 1 1 1 1 1 1 1 1 1 1 1 1 1 
122 108 101 98 89 86 82 80 78 77 77 73 69 65 64 64 58 58 56 54 54 50 50 50 46 46 45 43 43 40 39 39 39 39 39 37 37 36 34 33 31 30 30 29 28 28 28 27 26 26 26 24 23 23 21 19 19 19 19 17 17 17 17 16 15 14 14 11 10 10 10 9 9 9 9 9 9 9 9 9 8 8 8 8 7 7 7 7 7 7 5 5 5 4 4 4 4 4 3 3 3 3 3 3 3 2 2 2 2 2 2 1 1 1 1 1 1 1 1 1 1 1 1 1 1 
109 107 97 94 88 86 80 78 76 74 64 64 63 63 60 60 57 56 55 49 49 48 47 45 45 44 44 43 43 40 39 39 39 38 38 37 37 31 31 30 30 30 29 28 26 26 25 24 22 21 21 17 15 15 15 14 13 13 13 13 13 13 13 13 12 12 12 10 10 10 9 9 9 9 9 9 9 8 8 8 8 7 7 7 7 7 6 6 6 6 5 5 5 4 4 4 4 3 3 3 3 2 2 2 2 2 2 2 2 
100 100 96 93 85 80 78 76 75 67 64 61 61 59 58 58 56 53 49 49 45 45 44 44 44 43 43 42 41 39 39 39 38 36 36 32 31 31 30 29 29 29 28 28 26 26 21 21 19 18 18 17 15 15 14 14 13 13 13 12 11 11 11 11 11 11 10 10 9 9 9 9 8 8 8 8 8 8 8 7 7 7 6 6 6 6 6 6 5 5 5 5 4 4 4 4 3 3 3 2 2 1 1 1 1 1 1 1 
96 96 96 92 84 79 75 74 72 62 60 60 60 59 57 54 52 51 49 48 45 45 44 44 44 42 42 41 38 38 38 36 36 34 33 31 31 31 30 29 28 28 28 27 25 23 19 16 16 15 13 13 12 12 12 12 12 12 12 12 11 11 11 11 11 10 10 9 9 9 9 8 8 8 8 8 7 7 7 7 6 6 6 6 6 4 4 4 4 4 3 2 2 1 1 1 1 1 1 1 1 1 1 1 1 1 1 1 
96 96 95 86 83 79 72 72 71 60 59 58 57 55 54 53 51 51 48 46 43 43 43 43 42 41 41 39 38 37 37 36 35 33 33 31 29 27 27 27 24 24 22 19 19 19 18 16 16 15 12 12 12 12 12 12 12 12 11 11 11 11 11 11 11 10 9 9 9 9 9 8 8 7 7 7 7 7 7 6 3 3 3 3 3 3 3 2 2 2 2 2 2 1 1 1 1 1 1 1 1 1 1 1 1 1 
96 95 86 86 81 77 70 65 60 57 57 56 54 54 54 51 51 48 47 45 43 42 42 41 41 36 36 36 36 35 35 34 33 31 30 30 28 27 27 24 15 14 14 13 13 13 13 12 12 12 12 12 11 11 11 11 11 11 11 11 10 10 10 9 9 9 9 9 8 8 7 7 6 6 6 6 6 6 6 5 3 3 3 2 2 1 1 1 1 1 1 1 1 1 1 1 1 1 1 1 1 1 1 
96 95 86 85 75 71 67 58 56 56 55 55 54 53 53 42 42 42 42 42 39 39 38 38 37 36 36 34 33 33 31 31 31 29 28 28 28 26 25 23 13 13 13 13 13 12 12 12 12 12 12 11 11 11 11 11 11 11 10 10 10 10 9 9 9 9 9 9 8 8 7 6 6 6 6 6 6 6 5 4 2 2 1 1 1 1 1 1 1 1 1 1 1 1 1 1 1 1 1 1 1 1 1 
95 93 83 78 71 69 63 58 56 52 52 52 51 51 50 42 40 40 40 40 37 33 33 33 33 33 31 31 30 29 29 29 29 28 27 26 24 19 17 17 13 13 13 13 12 12 12 12 12 12 11 11 11 11 11 10 10 10 10 10 10 9 8 8 8 7 7 7 7 7 7 6 6 6 6 6 5 4 3 3 1 1 1 1 1 1 1 1 1 1 1 1 1 1 1 1 1 1 1 1 1 1 1 
95 91 75 74 71 69 60 58 56 51 51 51 51 50 47 40 40 40 39 36 36 33 33 33 33 32 31 31 29 26 26 26 26 25 23 23 23 17 16 16 13 12 12 12 12 11 11 11 11 11 11 11 11 11 11 10 9 9 9 8 8 8 7 7 7 7 7 5 5 5 5 5 5 5 4 4 3 1 1 1 1 1 1 1 1 1 1 1 1 1 1 1 1 1 1 1 1 1 1 1 1 1 1 
95 83 71 64 61 60 59 58 55 51 50 50 50 46 46 40 40 39 38 35 34 33 33 33 33 31 31 31 29 26 25 25 24 24 23 20 20 17 16 16 13 12 12 12 12 11 11 11 11 11 11 11 10 10 9 9 9 9 9 7 7 7 7 6 6 5 5 4 4 4 4 4 4 4 2 2 2 1 1 1 1 1 1 1 1 1 1 1 1 1 1 1 1 1 1 1 1 1 1 1 1 1 1 
91 82 71 60 60 57 57 54 54 51 50 50 50 46 43 40 38 37 36 34 33 33 33 33 30 30 30 29 26 25 25 25 24 24 23 20 19 17 16 13 13 12 12 12 12 11 11 11 11 11 10 10 10 10 9 9 9 8 8 7 7 7 6 5 5 5 4 4 4 4 4 4 4 4 2 2 2 1 1 1 1 1 1 1 1 1 1 1 1 1 1 1 1 1 1 1 1 1 
89 81 70 60 58 57 54 54 53 50 50 48 48 46 41 39 38 35 34 33 33 32 29 29 29 28 26 26 26 25 23 23 22 20 20 19 18 17 16 13 12 12 12 12 11 11 11 10 7 7 7 7 7 7 7 7 7 7 7 7 7 5 5 4 4 4 4 4 4 4 4 4 4 2 2 2 2 1 1 1 1 1 1 1 1 1 1 1 1 1 1 1 1 
88 81 69 58 58 57 53 53 53 49 49 48 48 45 39 37 37 35 34 33 32 31 29 28 28 25 24 22 22 22 21 21 19 19 18 18 17 17 14 13 12 11 11 11 11 11 9 9 7 7 7 7 7 7 7 7 7 7 7 4 4 4 4 4 4 4 4 4 3 3 3 3 2 2 2 2 1 1 1 1 1 1 1 1 1 1 1 1 1 1 1 
87 79 69 57 57 57 53 53 53 46 46 44 43 41 39 36 35 35 34 33 31 31 27 27 26 23 23 22 22 21 21 21 19 17 17 17 16 15 13 11 11 11 11 11 11 10 9 9 7 7 7 7 7 6 5 5 5 4 4 4 4 4 3 3 3 3 3 3 3 3 3 2 2 2 2 1 1 1 1 1 1 1 1 1 1 1 1 1 1 1 1 
85 74 67 57 57 55 53 53 49 46 44 41 40 40 38 36 34 34 33 31 31 30 27 23 23 21 21 21 21 21 21 21 16 15 15 15 15 14 12 11 11 11 11 9 9 9 9 9 7 7 5 5 5 5 5 5 5 4 4 4 4 3 3 3 3 2 2 2 2 2 2 2 2 1 1 1 1 1 1 1 1 1 1 
76 72 66 57 56 55 53 51 47 45 44 40 38 38 36 34 34 34 33 29 29 29 27 23 22 21 21 21 21 21 18 17 15 15 14 14 13 13 11 11 11 11 11 9 9 8 7 7 7 7 5 5 5 5 5 5 5 4 4 4 4 3 3 3 2 2 2 2 2 2 2 2 2 1 1 1 1 1 1 1 1 1 
74 67 65 57 56 54 48 48 42 41 40 36 34 34 34 34 34 32 32 29 28 28 27 23 22 21 21 21 21 18 17 15 15 14 14 13 13 13 11 11 10 10 9 8 8 7 6 6 6 5 4 4 4 4 4 4 4 4 4 4 3 3 2 2 2 2 1 1 1 1 1 1 1 1 1 1 1 1 1 1 1 1 
73 66 65 57 56 54 48 47 42 41 36 35 34 34 34 33 31 31 31 29 28 27 27 22 21 21 21 20 20 18 17 15 13 13 13 13 13 13 10 10 10 9 9 8 8 7 6 6 6 4 4 4 4 4 4 4 4 4 3 3 3 3 2 1 1 1 1 1 1 1 1 1 1 1 1 1 1 1 1 1 1 1 
72 65 61 56 52 50 48 43 41 38 36 34 34 34 31 31 31 27 27 27 26 26 24 22 21 21 20 20 18 17 15 15 13 13 13 13 13 11 10 10 8 8 8 8 8 6 6 6 4 4 4 4 4 4 3 3 3 3 3 3 3 3 2 1 1 1 1 1 1 1 1 1 1 1 1 1 1 1 
68 64 55 53 49 49 48 43 35 35 34 34 34 32 30 29 29 27 27 26 24 24 24 22 21 19 18 17 17 16 15 14 13 12 12 12 11 11 10 7 7 7 7 7 6 6 6 6 4 4 3 3 3 3 3 3 3 3 3 3 3 2 1 1 1 1 1 1 1 1 1 1 1 1 
68 57 55 53 49 48 46 42 35 35 34 34 34 31 29 29 29 27 26 26 24 22 21 21 17 17 17 17 17 16 14 14 12 12 12 10 10 10 9 7 7 7 7 5 5 4 4 4 4 4 3 3 3 3 3 3 3 3 3 3 2 1 1 1 1 1 1 1 1 1 1 1 1 
62 57 55 53 49 48 44 41 35 34 34 34 33 30 29 29 27 27 25 25 23 22 20 20 17 17 15 15 15 15 14 13 12 12 11 10 10 10 8 7 7 7 5 4 4 4 4 4 4 3 3 3 3 3 3 3 3 2 2 1 1 1 1 1 1 1 1 1 1 1 1 1 
57 57 53 52 45 45 42 40 35 34 34 33 31 30 29 29 26 26 25 23 22 21 16 16 16 16 15 15 15 15 14 13 12 12 11 10 10 9 8 7 6 6 4 4 4 4 4 4 4 3 3 3 3 3 3 1 1 1 1 1 1 1 1 1 1 1 1 
57 55 52 49 45 44 42 40 34 34 33 32 31 28 27 27 26 26 24 23 22 20 16 15 15 15 15 15 14 13 12 12 12 12 10 9 9 8 8 6 6 6 4 4 4 4 4 4 4 3 3 3 3 1 1 1 1 1 1 1 1 1 1 1 
56 55 51 49 44 42 42 39 34 34 33 31 30 27 27 27 26 22 22 22 21 18 16 15 15 15 15 14 14 13 12 12 12 12 9 9 9 8 7 6 6 5 4 4 4 4 4 4 4 3 1 1 1 1 1 1 1 1 1 1 1 1 1 
55 52 48 47 42 40 40 39 34 33 33 31 30 27 27 26 23 22 21 21 21 18 16 15 15 14 13 13 13 12 12 12 12 10 9 9 8 6 5 5 5 5 4 4 4 4 4 2 2 2 1 1 1 1 1 1 1 1 1 1 1 
55 52 46 46 42 40 39 34 33 33 32 29 28 25 25 25 23 21 21 20 18 16 15 15 15 13 13 13 13 12 12 12 12 10 9 9 5 5 5 5 5 4 4 4 4 4 3 2 2 2 1 1 1 1 1 1 1 1 1 1 1 
54 51 46 44 42 40 39 34 33 33 31 28 26 25 25 24 23 21 20 20 17 16 15 15 15 13 13 13 12 11 11 11 11 10 8 7 5 5 5 5 5 4 4 4 4 3 3 2 2 2 1 1 1 1 1 1 1 1 1 1 
54 51 45 43 40 40 36 34 33 32 31 28 26 25 25 24 23 21 19 19 16 15 15 14 14 13 13 12 12 11 11 11 10 9 7 7 5 5 5 5 4 4 4 4 4 3 3 2 2 1 1 1 1 1 1 1 1 
53 49 45 43 40 40 34 32 32 31 30 26 25 24 24 24 23 20 19 19 16 15 14 13 13 13 13 11 11 10 10 9 9 8 7 7 5 4 3 3 3 3 3 3 3 2 2 2 1 1 1 1 1 1 
52 47 45 43 40 39 34 32 30 29 29 25 25 24 24 23 21 20 18 18 16 13 13 13 13 13 12 11 11 10 10 9 9 8 7 7 5 4 3 3 3 2 2 2 2 1 1 1 1 1 1 1 1 
52 46 44 43 40 38 33 31 30 28 27 24 24 23 23 23 20 19 18 18 16 13 13 13 12 12 12 11 10 9 9 9 9 7 7 7 5 4 3 3 3 1 1 1 1 1 1 1 1 1 1 1 
51 46 42 41 39 36 33 30 29 26 25 24 23 22 22 21 17 16 15 15 14 13 13 12 12 12 12 10 9 9 9 9 9 7 6 6 5 3 3 3 1 1 1 1 1 1 1 1 1 1 1 
49 46 40 38 36 35 32 28 25 25 24 24 23 22 19 18 17 14 14 14 14 13 11 11 11 10 10 9 9 9 9 9 8 7 6 6 5 3 3 3 1 1 1 1 1 1 1 1 
49 43 40 38 35 35 30 27 25 25 24 22 22 20 16 16 15 14 14 13 13 12 11 11 11 9 9 9 9 9 9 7 6 5 5 5 4 3 3 3 1 1 1 1 1 1 1 1 
49 42 37 37 33 33 29 27 25 25 24 22 22 18 16 16 13 13 12 12 12 11 11 10 10 9 9 9 7 7 7 5 5 5 5 4 4 3 3 1 1 1 1 1 1 1 1 1 
44 42 36 33 33 31 28 25 25 25 24 22 21 17 16 13 13 13 11 11 11 10 9 9 9 9 9 8 7 7 6 5 4 4 4 4 4 2 2 1 1 1 1 1 1 1 1 1 
44 42 36 33 33 25 23 23 23 23 22 22 20 16 14 13 13 13 11 11 10 9 9 9 9 9 8 7 6 6 6 4 4 4 4 3 2 2 2 1 1 1 1 1 1 1 1 1 
44 42 36 33 32 24 23 23 23 22 21 20 19 16 13 13 13 13 11 11 10 9 9 9 7 7 6 6 6 6 5 4 4 4 2 2 2 2 1 1 1 1 1 1 1 1 
44 41 34 33 32 24 23 23 22 20 20 20 18 15 13 13 13 13 11 11 10 9 9 9 7 6 6 6 6 5 4 3 3 3 2 2 2 1 1 1 1 1 1 1 
42 40 34 33 30 24 23 23 20 20 20 18 15 15 13 13 13 13 11 8 8 8 8 8 6 6 6 6 6 5 4 3 3 2 2 2 2 1 1 1 1 1 1 1 
40 40 34 32 27 24 23 23 20 20 20 17 15 14 12 12 12 12 11 8 8 8 7 6 6 6 4 4 4 4 4 3 3 2 2 2 2 1 1 1 1 1 1 
40 36 34 30 27 23 23 23 20 19 19 17 15 14 12 12 12 11 11 8 8 6 6 4 4 4 4 4 4 4 4 3 2 2 2 1 1 1 1 1 1 
40 34 31 28 27 23 22 20 20 18 18 16 15 14 12 12 12 11 10 8 8 6 6 4 4 4 4 4 4 4 4 2 2 2 1 1 1 1 1 
38 34 31 28 27 23 22 20 20 18 15 15 14 13 12 11 11 10 10 8 7 6 6 4 4 4 4 4 4 4 4 2 2 1 1 1 1 1 1 
37 33 29 28 27 23 22 20 20 18 15 15 13 12 12 11 10 10 10 8 7 6 6 4 4 4 4 4 4 4 4 2 1 1 1 1 1 1 1 
37 32 29 26 25 22 20 20 20 17 14 14 13 12 11 11 10 10 10 6 6 5 5 4 4 4 4 4 4 4 3 2 1 1 1 1 1 1 
36 32 29 26 25 22 20 20 18 17 14 14 13 11 11 10 10 8 8 5 5 5 4 4 4 4 4 4 4 4 3 2 1 1 1 1 1 
35 32 28 25 22 22 20 20 18 17 14 14 13 10 10 10 10 6 6 5 5 5 4 4 4 4 4 3 2 2 2 1 1 1 1 1 1 
35 29 26 25 22 22 20 20 17 17 14 14 12 10 10 10 10 6 6 5 4 4 4 4 4 4 4 2 2 2 2 1 1 1 1 1 1 
34 29 26 25 22 20 20 19 17 17 14 12 9 9 9 9 9 6 5 5 4 4 4 4 4 3 3 2 2 2 2 1 1 1 1 
32 27 26 25 22 20 18 18 16 16 11 11 9 9 9 9 8 6 4 4 4 4 4 3 3 3 2 2 2 2 2 1 1 1 1 
32 26 26 22 22 20 18 18 16 16 11 11 9 9 7 7 7 6 4 4 4 4 4 3 3 2 2 2 2 1 
32 26 25 21 20 20 18 18 16 14 10 10 9 9 7 7 7 6 4 4 4 4 3 3 3 2 2 2 1 1 
29 26 25 21 20 19 17 17 15 11 10 10 9 8 7 7 7 6 4 4 4 4 3 3 3 2 2 2 1 
29 26 25 21 20 18 17 17 12 10 10 10 9 7 7 6 6 6 4 3 3 3 3 3 3 2 2 2 1 
28 26 24 21 20 18 17 17 11 10 10 10 8 7 6 6 6 6 4 3 3 3 3 3 2 2 2 1 
28 25 24 21 20 18 17 17 10 10 10 8 8 6 6 4 4 4 3 3 3 3 3 3 1 1 
27 24 23 21 20 17 17 17 8 8 8 8 7 6 6 4 4 4 3 3 3 3 3 2 1 1 
27 24 23 20 17 17 16 15 8 8 8 7 7 6 6 4 4 4 3 3 3 2 2 1 
26 23 22 20 16 16 15 14 8 8 8 7 7 6 6 4 4 4 3 3 2 2 1 
26 23 21 19 16 15 14 14 8 8 8 7 6 6 5 4 4 3 3 2 2 2 
25 23 20 18 15 15 13 12 8 8 8 6 6 6 4 4 4 3 3 2 2 2 
25 22 19 18 15 15 13 12 8 8 8 6 6 6 4 4 3 3 2 2 2 2 
25 21 18 16 14 14 13 11 8 8 8 6 5 5 4 4 3 2 2 2 2 2 
22 21 18 15 14 14 13 11 8 8 7 6 5 5 3 3 3 2 2 2 1 1 
20 20 17 14 14 12 12 11 8 7 6 6 5 5 3 3 2 2 2 2 1 1 
20 19 17 14 14 12 11 11 8 6 6 6 5 4 3 3 2 2 2 2 1 1 
19 18 15 14 12 11 9 9 6 6 6 4 3 3 3 3 2 2 1 1 1 1 
19 17 13 13 12 10 9 9 6 6 6 4 3 3 3 3 2 2 1 1 1 1 
17 16 13 13 12 10 9 8 6 6 6 4 3 3 3 3 2 2 1 1 1 
17 15 13 13 10 9 9 7 6 6 4 4 3 3 3 3 2 1 1 1 1 
17 14 13 13 10 8 8 7 6 5 4 4 3 3 3 2 2 1 1 1 
17 14 12 12 10 8 8 7 6 5 4 4 3 3 2 2 1 1 1 
16 13 12 12 10 8 8 7 5 5 4 4 3 3 2 2 1 1 
15 13 12 12 10 7 7 7 5 5 4 4 3 3 2 2 1 
15 13 12 12 8 7 7 7 5 4 4 4 2 2 2 2 1 
15 13 12 12 8 7 7 7 5 4 4 4 2 2 2 1 1 
15 13 12 12 8 7 7 7 5 4 4 3 2 2 2 1 
15 13 12 12 8 7 7 7 5 4 4 3 2 2 2 1 
15 13 12 12 8 7 7 7 5 4 4 2 2 2 2 
15 12 12 12 8 7 7 6 5 4 2 2 2 2 1 
15 12 12 12 8 7 7 6 5 3 2 2 2 2 1 
15 12 10 10 8 7 7 5 5 2 2 2 2 1 1 
15 12 10 10 7 7 5 5 5 2 2 1 1 1 1 
15 12 10 9 7 7 5 5 5 2 1 1 1 1 
13 12 10 9 7 7 5 5 4 2 1 1 1 1 
13 12 9 9 6 5 5 5 4 2 1 1 1 1 
13 11 9 9 6 5 4 4 4 2 1 1 1 
13 11 9 9 6 5 4 4 4 2 1 1 1 
13 11 9 8 6 5 4 4 3 1 1 1 
13 11 8 8 6 4 4 3 2 1 1 
12 9 8 8 6 4 4 3 2 1 1 
12 9 8 8 6 4 4 3 2 1 1 
12 9 8 6 4 4 4 3 2 1 1 
12 8 8 6 4 4 3 3 2 1 
12 8 8 6 4 4 3 3 2 1 
12 8 8 5 4 4 3 3 2 1 
12 8 6 5 4 4 3 3 2 1 
12 7 6 5 4 4 3 2 2 1 
11 7 6 5 4 4 2 2 1 1 
11 6 6 5 4 4 2 2 1 
11 6 6 5 4 3 2 2 1 
10 6 6 5 4 3 2 2 1 
10 6 6 4 4 3 2 1 1 
9 6 6 4 3 3 2 1 1 
9 6 6 4 3 3 2 1 1 
9 5 5 4 3 3 1 1 1 
8 5 5 4 3 3 1 1 
6 5 5 3 3 3 1 1 
6 5 5 3 3 2 1 
6 5 3 2 2 2 1 
6 5 2 2 2 2 1 
6 5 2 2 2 2 1 
6 5 2 2 2 2 1 
6 5 2 2 2 2 1 
6 5 2 2 2 2 
6 5 2 2 1 1 
6 5 2 1 1 1 
6 4 2 1 1 1 
6 4 2 1 1 1 
5 4 2 1 1 1 
5 4 2 1 1 
4 4 2 1 1 
4 4 2 1 1 
4 4 2 1 1 
4 4 1 1 1 
4 4 1 1 1 
4 4 1 1 1 
4 4 1 1 1 
4 3 1 1 1 
4 2 1 1 1 
4 2 1 1 1 
4 2 1 1 1 
4 2 1 1 1 
4 2 1 1 
4 2 1 1 
3 2 1 1 
2 1 1 1 
2 1 1 1 
2 1 1 1 
1 1 1 1 
1 1 1 
1 1 
1 
1 
1 
