174 152 146 145 136 107 97 94 86 85 85 85 83 83 83 81 79 77 75 75 73 72 72 70 70 70 70 70 70 65 64 63 63 62 58 58 58 58 56 56 56 52 52 52 48 47 47 47 47 47 46 45 44 44 41 39 38 38 36 36 33 32 30 30 30 30 28 28 28 28 28 28 25 25 25 25 23 22 22 22 22 22 22 22 20 20 18 18 17 17 17 17 17 17 16 16 15 15 15 15 15 12 12 12 12 12 12 9 9 8 8 8 8 8 7 7 7 7 7 7 7 7 7 6 6 5 5 5 5 5 4 4 4 4 4 3 2 2 2 2 1 1 1 1 1 1 1 1 1 1 1 
148 135 135 119 118 106 94 87 84 84 83 82 81 81 77 77 75 75 73 71 70 70 70 68 66 63 63 62 62 62 61 61 59 59 56 56 54 54 52 51 50 50 48 47 44 43 43 43 41 38 38 38 38 38 37 37 36 35 35 34 31 31 25 25 23 23 23 23 23 23 23 23 22 22 22 22 22 22 22 21 20 18 17 17 17 16 16 16 14 13 12 12 12 12 12 12 12 12 11 11 9 8 7 7 7 7 7 7 7 7 6 6 6 6 6 6 6 6 6 6 6 6 6 6 5 5 5 5 5 4 4 4 2 2 1 1 1 1 1 1 1 1 1 
142 135 134 118 116 103 92 85 83 78 78 78 77 76 76 75 74 74 72 71 67 66 66 66 65 63 62 60 60 59 58 58 57 49 47 47 47 47 47 47 47 46 42 41 41 41 40 39 39 38 38 35 34 34 34 34 33 33 31 30 29 29 23 23 23 23 23 23 23 23 22 22 21 21 21 21 21 19 19 18 18 17 16 16 15 15 15 15 13 13 12 12 12 12 11 10 10 9 9 9 9 7 7 7 7 7 7 7 6 6 6 6 6 6 6 5 5 5 5 5 4 4 4 4 3 3 3 3 3 3 3 3 2 1 1 1 1 1 1 
137 134 131 105 103 98 89 83 81 78 78 78 77 76 75 72 72 71 70 70 67 65 65 60 60 59 59 59 58 57 54 53 51 49 47 47 47 46 45 44 43 41 39 37 36 35 35 34 34 34 34 33 33 32 31 30 30 28 28 26 25 24 23 23 23 23 23 23 23 22 22 21 20 19 18 18 16 16 16 16 16 15 14 14 14 14 14 14 13 13 12 12 12 11 10 9 8 8 7 7 7 7 7 7 7 7 6 6 6 6 6 6 6 6 4 4 4 4 4 3 3 3 3 3 3 2 2 2 1 1 1 1 1 1 1 1 1 1 
137 132 122 105 103 95 84 83 81 78 76 76 75 75 73 70 67 65 65 63 62 62 61 59 58 57 56 55 54 54 52 51 49 47 46 45 44 44 43 43 41 35 35 34 34 34 32 28 28 28 28 28 28 27 26 25 25 25 24 23 23 21 21 21 21 20 19 19 16 16 15 15 15 15 15 15 15 14 14 14 13 12 12 12 12 12 10 10 10 9 9 9 9 9 9 9 8 8 7 7 7 6 6 6 6 6 6 5 5 5 5 4 4 4 4 3 3 3 3 3 3 3 3 2 2 1 1 1 1 1 1 1 
128 126 109 100 94 94 82 78 78 75 75 75 74 71 70 64 63 62 60 58 56 54 52 51 49 48 48 48 45 43 43 43 43 41 40 40 40 39 38 38 38 34 34 32 28 28 28 28 27 25 25 25 25 25 25 25 23 23 22 22 22 21 20 17 17 17 16 16 16 16 15 13 13 13 13 13 13 12 11 11 11 11 11 11 11 11 10 9 9 9 9 8 8 7 6 6 5 5 4 4 4 4 4 4 4 4 4 4 4 4 4 4 3 3 3 3 2 2 2 2 2 1 1 1 1 1 1 1 
121 118 109 99 92 91 82 78 76 75 75 73 71 67 66 64 61 60 59 58 54 54 50 50 49 47 42 42 41 41 41 41 40 39 36 35 35 35 35 34 34 34 31 29 28 28 25 24 24 24 24 24 24 23 23 20 20 20 19 19 19 19 17 16 16 15 14 14 14 14 14 13 13 10 10 10 8 8 8 8 8 8 8 8 8 7 7 7 7 6 6 6 6 6 4 4 4 4 4 4 4 4 4 4 4 3 3 3 3 3 3 2 1 1 1 1 1 1 1 1 1 1 1 1 1 1 1 1 
119 114 107 97 92 89 82 75 72 71 71 71 65 65 65 64 58 58 57 57 50 49 49 46 46 46 41 41 38 38 37 37 37 34 34 34 34 33 33 33 27 27 27 27 27 26 24 23 23 23 23 21 21 21 19 19 18 18 18 16 16 16 16 16 15 15 14 14 13 13 12 12 12 10 9 8 8 7 6 6 6 6 6 6 6 5 5 5 5 5 5 5 5 5 4 4 4 4 4 4 4 4 4 3 3 3 2 1 1 1 1 1 1 1 1 1 
115 110 99 91 91 86 77 75 71 71 71 69 62 60 59 58 58 56 56 56 50 49 42 42 40 40 39 39 38 36 36 35 35 34 33 33 32 31 30 30 27 27 27 26 26 26 24 22 21 21 21 21 21 20 19 19 17 16 15 15 15 15 15 14 14 14 14 13 12 12 12 12 10 10 9 8 6 6 6 6 6 6 6 6 6 5 5 5 5 5 5 5 4 4 4 4 3 3 3 3 3 3 3 3 2 2 1 1 1 1 1 1 1 1 1 
115 110 97 88 85 84 77 74 70 70 66 65 61 59 58 58 57 55 54 48 46 46 42 40 40 40 39 39 37 36 35 35 35 33 33 32 32 29 29 28 26 26 26 26 26 24 23 21 21 21 21 21 20 19 18 17 16 15 14 14 13 13 13 13 12 12 11 11 10 10 10 10 10 9 8 6 6 6 6 6 6 6 6 6 5 5 5 5 5 5 4 4 4 4 4 4 3 3 3 3 3 3 3 2 2 2 1 1 1 1 1 1 1 1 1 
112 107 95 86 84 84 76 74 68 68 65 61 59 57 56 55 55 51 49 46 45 44 40 40 38 38 38 37 36 36 34 34 33 31 31 30 30 28 27 27 26 26 26 23 23 23 22 20 20 20 20 19 19 19 16 16 16 15 13 12 12 12 12 12 11 11 11 11 10 10 9 9 6 6 6 6 6 6 6 6 6 6 5 5 5 5 4 4 4 4 4 4 4 4 4 4 3 3 2 2 2 2 2 2 1 1 1 1 1 1 1 1 1 1 1 
99 96 94 85 83 80 74 73 68 65 63 59 59 57 55 52 50 47 47 46 45 42 40 38 37 37 37 37 34 34 32 32 30 27 27 27 27 26 26 26 24 24 20 16 15 15 15 15 15 15 14 14 14 14 14 14 14 13 12 12 12 12 12 9 9 9 9 9 9 9 9 8 6 6 6 6 6 6 5 5 5 5 5 5 5 4 4 4 4 4 3 3 3 2 2 2 2 2 2 2 2 1 1 1 1 1 1 
97 92 92 84 82 79 74 67 65 62 58 58 58 49 48 48 47 47 44 44 41 40 38 38 37 37 36 35 33 32 30 30 29 27 27 27 26 26 26 20 20 20 18 15 15 14 14 14 14 14 14 13 13 12 10 10 10 9 9 9 9 9 9 9 9 8 8 7 7 7 7 7 6 6 6 6 6 5 5 5 5 5 5 4 4 3 3 3 2 2 2 2 2 2 2 2 2 2 2 2 1 1 1 1 1 
97 92 90 84 76 74 71 65 61 58 58 58 55 48 46 45 44 43 42 41 38 37 37 37 36 35 31 31 31 31 30 29 28 27 26 25 25 24 24 20 19 18 18 15 15 14 14 14 14 14 14 11 10 9 9 9 9 9 9 9 9 9 8 8 6 6 6 6 6 6 6 5 5 5 5 4 4 4 4 4 3 3 3 3 3 2 2 2 2 2 2 2 2 1 1 1 1 1 
96 91 88 82 74 73 69 63 60 58 54 53 53 48 46 45 44 43 42 39 38 37 37 35 35 32 31 31 30 27 27 27 26 26 25 25 25 24 24 19 19 17 16 15 15 14 13 13 13 13 11 11 10 9 9 8 7 7 7 7 7 7 7 6 6 6 6 6 6 5 5 5 5 4 4 2 2 2 2 2 2 2 2 2 2 2 2 2 1 1 
90 87 82 78 73 72 64 63 59 58 52 52 50 48 46 44 43 41 39 38 38 37 36 35 34 32 30 30 28 25 25 25 25 25 24 24 24 23 22 19 19 16 15 15 15 14 13 13 13 12 11 11 9 9 8 7 7 7 7 7 7 7 5 5 5 5 4 4 4 4 4 4 4 4 4 2 2 2 1 1 1 1 1 1 1 1 1 1 
88 85 81 77 73 72 64 59 54 54 52 51 48 46 45 44 42 41 38 37 37 37 34 33 31 30 30 30 27 25 25 25 25 25 23 21 21 21 21 19 16 16 14 14 14 13 13 13 12 7 7 7 7 7 7 7 7 7 7 6 6 6 5 5 4 4 4 4 4 4 4 4 4 4 4 2 1 1 1 1 1 1 1 1 1 1 1 1 
84 79 78 72 71 71 64 58 54 53 52 49 46 43 42 40 39 39 37 37 37 33 33 32 30 30 28 28 26 25 25 25 25 23 23 21 21 21 20 16 16 15 14 14 13 13 13 12 9 7 7 7 7 7 7 6 6 6 6 6 6 6 5 5 4 4 4 4 4 4 4 4 4 4 3 1 1 1 1 1 1 1 1 1 1 1 1 
83 78 78 72 71 67 62 58 54 52 51 48 46 43 42 39 39 38 36 36 33 32 31 30 30 28 25 24 24 24 24 24 22 22 20 19 19 17 17 16 15 14 14 14 13 10 9 9 8 7 7 7 7 7 7 6 6 6 6 5 5 5 5 5 4 4 4 4 4 4 4 4 3 3 2 1 1 1 1 1 1 1 1 1 1 1 
79 75 73 69 69 64 62 57 54 50 48 46 45 43 42 36 36 35 35 34 32 31 31 27 27 25 25 23 23 23 22 22 21 19 18 17 17 17 15 15 14 14 14 14 13 10 8 8 8 7 7 7 7 7 6 5 5 5 5 5 5 5 4 4 4 4 4 4 4 4 3 3 3 2 1 1 1 1 1 1 1 1 1 1 1 1 
78 75 73 68 58 55 55 54 51 49 46 43 43 41 33 33 31 31 31 31 29 29 29 27 24 23 23 22 22 22 21 21 21 18 16 13 13 12 12 11 11 11 11 11 8 8 8 7 7 7 7 7 7 6 6 5 5 5 5 5 4 4 4 4 4 4 4 4 4 3 2 2 2 2 1 1 1 1 1 1 1 1 1 1 1 1 
78 74 72 57 57 55 54 51 44 44 44 43 42 39 33 31 31 30 30 30 29 29 28 26 23 22 22 22 22 21 20 20 16 15 14 12 12 12 12 11 10 10 9 9 8 8 7 7 7 7 7 6 6 6 5 5 5 5 5 5 4 4 4 4 4 3 3 3 2 2 1 1 1 1 1 1 1 1 1 1 1 1 1 1 1 1 
77 73 62 57 57 53 48 48 44 42 42 39 38 38 32 30 30 30 30 28 28 28 26 25 23 22 22 21 21 19 19 18 15 14 13 12 12 12 10 9 9 9 9 9 8 7 7 7 7 7 6 6 6 6 5 5 5 5 5 2 2 2 2 2 2 2 2 2 1 1 1 1 1 1 1 1 1 1 1 1 1 1 1 1 1 
76 69 58 55 54 51 48 47 44 42 41 38 37 37 31 30 30 30 30 27 27 27 23 22 22 22 21 21 20 18 18 17 14 13 12 11 11 10 10 9 7 7 7 7 7 7 7 7 7 7 6 6 5 5 5 5 5 4 4 2 2 2 2 2 2 2 2 1 1 1 1 1 1 1 1 1 1 1 1 1 1 1 1 
76 63 58 54 54 50 45 41 40 40 40 38 37 35 30 29 28 28 28 27 26 24 22 22 21 21 21 20 18 16 16 14 13 12 12 10 8 8 7 7 7 7 7 7 7 7 7 7 6 5 5 5 5 4 4 4 4 4 4 2 2 2 2 2 2 2 2 1 1 1 1 1 1 1 1 1 1 1 1 1 1 1 1 
72 61 57 54 54 50 43 41 40 38 38 36 35 34 30 27 27 27 27 26 25 24 22 21 21 20 20 19 18 16 16 13 13 12 11 9 8 8 7 7 7 7 7 7 7 7 7 6 5 5 5 4 4 4 4 4 3 3 3 2 2 2 2 2 2 1 1 1 1 1 1 1 1 1 1 1 1 1 1 1 
66 59 55 54 53 49 43 40 37 37 37 35 35 31 30 27 27 27 27 24 24 23 22 21 19 19 19 17 17 16 15 13 12 9 9 8 7 7 7 7 7 7 7 7 7 7 5 4 4 4 4 4 4 4 4 4 3 3 3 2 2 2 2 2 1 1 1 1 1 1 1 1 1 1 1 1 1 1 1 
62 58 55 52 49 47 43 38 37 34 32 32 32 30 29 27 27 26 26 24 23 23 22 20 19 18 18 17 17 16 11 11 10 9 8 7 7 7 7 7 7 7 7 7 5 5 4 4 4 4 4 4 3 3 3 3 3 3 3 2 2 2 2 2 1 1 1 1 1 1 1 1 1 1 
62 58 55 51 49 47 41 38 37 32 32 32 31 29 29 27 27 26 24 24 23 23 21 18 17 17 17 17 17 13 11 11 10 8 7 7 7 7 7 7 7 6 6 6 5 5 4 4 4 4 4 4 3 3 3 3 2 2 2 2 2 2 2 1 1 1 1 1 1 1 1 1 1 
62 58 55 51 48 46 37 37 34 31 31 29 29 29 29 27 26 25 23 23 21 17 17 17 16 16 16 16 16 13 11 10 8 7 7 7 7 7 7 6 6 6 6 6 4 4 4 4 4 4 4 3 3 3 3 2 2 2 1 1 1 1 1 1 1 1 1 1 1 1 1 1 1 
58 55 54 50 48 44 37 36 33 31 29 29 29 29 29 27 26 24 22 22 19 17 17 16 16 16 16 16 13 12 11 10 7 7 7 7 7 6 6 6 6 6 6 5 4 4 4 4 3 3 3 3 3 3 3 2 2 2 1 1 1 1 1 1 1 1 1 1 1 1 1 
58 55 54 48 45 44 36 35 31 31 29 29 29 28 28 27 24 22 21 21 18 17 17 16 16 16 16 15 13 10 8 8 7 7 7 7 7 6 6 5 5 5 4 4 4 4 4 3 3 3 2 2 2 2 2 2 2 2 1 1 1 1 1 1 1 1 1 
58 53 52 46 45 43 36 33 31 30 29 29 28 28 23 23 23 22 21 21 17 17 16 16 16 16 15 12 10 7 7 7 7 7 7 6 6 5 5 4 4 4 4 4 4 3 3 3 2 2 2 2 2 2 2 1 1 1 1 1 1 1 1 1 1 1 
57 53 49 45 44 43 35 33 31 29 29 28 28 27 23 23 23 22 21 20 17 17 16 16 13 11 11 9 9 7 7 7 7 7 7 6 4 4 4 4 4 2 2 2 2 2 2 2 2 2 2 2 2 1 1 1 1 1 1 1 1 
56 53 49 43 43 41 35 33 31 29 28 28 28 27 23 23 21 21 21 19 17 16 16 15 12 11 11 9 8 7 7 5 5 5 4 4 4 3 3 3 3 2 2 2 2 2 2 2 2 2 2 2 2 1 1 1 1 1 1 1 
56 52 49 43 43 40 35 33 29 29 28 28 26 24 22 22 21 20 19 19 17 16 16 12 12 10 10 8 7 6 5 5 4 4 3 3 3 3 3 3 2 2 2 2 2 2 2 2 1 1 1 1 1 1 1 1 1 1 1 1 
56 52 48 42 41 36 35 33 29 29 28 28 25 24 22 21 20 20 19 18 16 15 14 11 11 10 10 8 5 5 5 5 4 4 3 3 3 3 3 2 2 2 2 2 2 2 2 1 1 1 1 1 1 1 1 1 1 
55 51 47 42 40 36 35 32 29 29 28 25 25 22 20 20 19 19 19 18 16 15 14 11 10 10 9 5 5 5 5 4 4 3 3 3 3 2 2 2 2 2 2 2 2 2 2 1 1 1 1 1 1 1 
55 51 47 40 38 36 35 30 29 28 28 25 24 22 19 19 18 18 18 16 15 15 13 11 9 9 8 5 5 4 4 4 3 3 3 3 3 2 2 2 2 2 2 2 2 1 1 1 1 1 1 1 1 
55 51 46 39 37 35 34 30 29 28 28 25 22 22 19 19 18 18 16 16 15 15 12 11 9 9 7 5 5 3 3 3 3 3 3 3 2 2 2 2 2 2 2 2 2 1 1 1 1 1 1 
55 48 43 38 35 34 34 29 29 28 27 25 22 21 17 17 17 16 16 14 13 11 11 10 9 8 7 4 4 3 3 3 3 3 3 2 2 2 2 2 2 2 2 2 2 1 1 1 1 
54 48 41 38 34 34 33 29 27 27 26 25 22 20 17 17 17 16 15 14 11 10 9 8 8 8 5 3 3 3 3 3 3 3 2 2 2 2 2 2 2 2 2 2 2 1 1 
53 46 40 36 34 34 32 29 26 25 25 22 19 19 17 17 16 16 15 13 11 9 7 6 6 6 4 3 3 3 3 3 3 3 2 2 2 2 2 2 2 2 2 2 2 1 
53 44 40 35 33 33 31 29 26 23 23 22 18 18 17 17 16 13 13 11 9 9 7 6 6 6 4 3 3 3 3 3 3 2 2 2 2 2 2 2 2 2 2 2 1 1 
52 44 39 34 33 33 30 27 23 22 21 21 18 18 15 15 15 13 13 10 8 7 6 6 6 5 4 3 3 2 2 2 2 2 2 2 2 2 2 2 2 2 2 2 1 1 
52 40 38 34 33 33 28 27 22 22 21 21 18 16 15 15 15 13 13 8 7 6 6 6 6 5 4 2 2 2 2 2 2 2 2 2 2 2 2 2 2 2 2 1 1 1 
49 40 38 33 33 33 28 25 22 22 21 20 16 16 15 15 14 12 7 6 6 6 6 6 5 3 3 2 2 2 2 2 2 2 2 2 2 2 2 2 2 2 1 1 1 1 
49 40 37 33 31 30 27 25 22 22 20 19 16 16 15 15 13 10 7 6 6 6 6 5 5 3 2 2 2 2 2 2 2 2 2 2 1 1 1 1 1 1 1 1 1 
44 40 37 33 31 30 27 23 22 22 19 18 16 16 15 14 9 9 7 6 6 5 5 5 5 3 2 2 2 2 2 2 2 2 2 1 1 1 1 1 1 1 1 1 1 
42 39 37 30 28 28 26 23 22 22 19 18 16 16 15 13 9 9 7 6 6 5 5 5 5 3 2 2 2 2 2 2 2 2 2 1 1 1 1 1 1 1 
40 38 35 30 28 28 26 22 22 21 19 18 16 16 14 13 9 9 6 6 6 5 4 3 3 3 2 2 2 2 2 2 2 2 2 1 1 1 1 1 1 1 
38 37 35 30 27 27 26 22 22 19 19 18 16 16 14 11 9 9 6 6 6 5 3 3 2 2 2 2 2 2 2 2 2 2 2 1 1 1 1 1 1 
38 36 28 27 27 26 25 21 20 19 18 18 16 16 14 11 9 9 6 6 5 5 3 3 2 2 2 2 2 2 2 2 2 2 2 1 1 1 1 1 
36 34 28 27 26 26 25 21 20 19 18 17 16 15 14 10 9 9 6 5 5 5 3 3 2 2 2 2 2 2 2 2 2 2 1 1 1 1 1 1 
36 34 28 27 26 25 25 21 19 18 18 17 16 15 14 10 9 9 6 5 5 5 3 3 2 2 2 2 2 2 2 2 2 1 1 1 1 1 1 1 
36 34 27 26 26 21 21 21 19 18 18 15 15 14 13 10 9 9 5 5 5 5 3 3 2 2 2 2 2 2 2 2 2 1 1 1 1 1 1 1 
34 34 27 26 25 21 21 20 19 18 18 15 15 14 12 10 9 9 5 5 4 4 3 3 2 2 2 2 2 2 2 2 2 
34 33 27 26 25 21 21 20 19 18 18 15 13 13 11 10 9 8 5 4 4 4 3 3 2 2 2 2 2 2 2 2 2 
34 30 27 25 24 21 20 20 19 18 16 13 12 12 11 10 9 8 5 4 4 4 3 2 2 2 2 2 2 2 2 2 1 
34 30 27 24 21 21 20 19 18 18 15 13 12 11 11 10 9 8 5 4 4 3 3 2 2 2 2 2 2 2 2 2 
33 30 26 24 21 20 19 19 18 17 14 12 11 11 10 10 9 8 5 4 3 3 3 2 2 2 2 2 2 2 1 1 
32 30 26 21 21 20 19 18 17 15 13 11 11 11 10 9 8 7 5 4 3 3 3 2 2 2 2 2 1 1 1 
32 30 26 21 20 20 17 17 16 14 12 11 11 11 10 8 7 6 4 4 3 2 2 2 2 2 2 2 1 1 1 
32 29 26 20 19 18 17 17 15 14 12 11 11 9 8 7 7 5 4 4 2 2 2 2 2 2 1 1 1 1 1 
32 27 25 20 18 17 17 16 15 13 12 11 9 9 8 7 7 4 4 4 2 2 2 2 2 2 1 1 1 1 
31 26 25 20 18 17 16 16 14 11 11 11 9 9 8 7 7 4 4 3 2 2 2 2 2 2 1 1 1 1 
28 25 25 18 18 16 16 14 14 11 11 11 9 7 7 7 7 4 4 3 2 2 2 2 2 2 1 1 1 1 
28 25 24 17 17 16 16 14 14 11 11 10 8 7 7 7 6 4 3 3 2 2 2 2 2 1 1 1 1 1 
28 24 23 17 17 16 15 14 12 10 8 8 7 7 7 7 6 4 2 2 2 2 2 2 2 1 1 1 1 1 
26 23 22 17 17 16 15 14 10 9 8 8 7 7 7 6 6 4 2 2 2 2 2 1 1 1 1 1 1 1 
24 23 22 17 16 16 13 13 10 8 8 8 7 7 6 6 5 3 2 2 2 1 1 1 1 1 1 1 1 1 
24 23 20 17 16 15 13 13 8 8 8 7 7 6 6 5 4 3 2 2 2 1 1 1 
23 22 20 17 16 14 13 13 8 7 7 6 6 6 6 5 3 3 2 2 2 1 1 1 
22 22 20 16 16 14 13 11 7 6 6 6 6 6 6 4 3 3 2 2 1 1 1 
22 22 19 15 15 14 13 11 7 6 6 6 6 6 5 4 3 2 2 
22 22 19 15 14 13 12 11 7 6 6 6 6 5 5 4 2 2 
22 22 19 15 14 12 11 9 6 6 6 6 6 5 4 4 2 2 
22 21 18 15 14 12 11 8 6 6 5 5 5 4 4 4 2 2 
22 21 18 12 12 11 10 8 6 6 5 5 5 4 4 3 2 2 
22 19 18 12 12 10 10 7 6 6 5 5 4 3 3 2 2 2 
22 19 16 12 12 10 9 7 6 6 5 5 4 3 2 2 2 2 
20 17 15 12 11 10 9 7 6 6 5 4 3 3 2 2 1 
19 15 14 12 11 10 9 7 6 6 3 3 3 3 2 2 1 
19 14 14 12 11 9 9 7 6 6 3 3 3 3 2 2 1 
19 14 13 12 11 9 9 7 6 6 3 3 3 2 2 2 1 
19 14 13 11 10 9 9 7 6 6 3 3 3 2 2 1 1 
19 14 13 11 10 9 8 7 6 4 3 3 1 1 1 1 1 
18 14 13 11 10 9 8 7 5 3 3 3 1 1 1 1 1 
18 14 11 11 9 9 8 7 5 3 3 2 1 1 1 1 1 
18 13 11 9 9 9 7 6 5 3 2 1 1 1 1 
18 13 11 9 8 8 5 5 3 3 2 1 1 1 1 
18 13 11 9 8 8 5 5 3 3 2 1 1 1 1 
17 13 11 8 8 8 5 5 3 3 2 1 1 1 1 
16 12 10 8 8 7 5 4 3 3 2 1 1 1 1 
16 11 10 8 8 6 5 4 3 2 2 1 1 1 1 
16 11 9 8 8 6 5 4 3 1 1 1 1 
16 11 9 8 7 6 5 4 3 1 1 1 1 
15 10 9 7 7 6 5 4 3 1 1 1 1 
15 10 9 7 7 5 5 4 2 1 1 1 1 
15 10 9 7 7 5 5 3 2 1 1 1 1 
15 10 9 7 6 5 5 3 1 1 1 1 
15 10 8 7 5 5 5 3 1 1 1 1 
13 10 8 7 5 5 4 2 1 1 1 1 
12 10 7 5 3 3 3 2 1 1 1 1 
12 9 6 5 3 3 3 2 1 1 1 
12 9 6 3 3 3 3 1 1 1 1 
11 9 5 3 3 3 3 1 1 1 
10 9 5 3 3 3 3 1 1 1 
10 9 5 3 3 3 3 1 1 1 
10 9 5 3 3 3 1 1 1 1 
10 9 5 3 3 3 1 1 1 1 
10 8 5 3 3 3 1 1 1 
10 7 5 3 3 3 1 1 
10 6 5 3 3 3 1 1 
10 6 3 3 3 1 1 1 
9 6 3 3 3 1 1 1 
9 6 3 3 3 1 1 
9 6 3 3 3 1 1 
8 6 3 3 3 1 
8 5 3 3 2 1 
8 3 3 3 2 
8 3 3 3 1 
8 3 3 3 1 
8 3 3 3 
8 3 3 2 
8 3 3 2 
8 3 3 2 
7 2 2 1 
7 2 1 1 
7 2 1 1 
6 2 1 1 
6 2 1 
6 2 1 
6 1 1 
6 1 1 
6 1 1 
5 1 1 
5 1 1 
5 1 1 
5 1 1 
3 1 
3 1 
3 1 
3 1 
3 1 
3 1 
3 1 
3 1 
3 1 
3 1 
3 1 
3 1 
3 1 
3 1 
3 1 
3 1 
3 1 
3 1 
2 1 
2 1 
2 1 
2 1 
1 1 
1 1 
1 1 
1 1 
1 
1 
1 
1 
1 
1 
