154 140 136 131 122 118 114 105 103 102 101 97 91 88 88 87 86 84 82 82 81 77 77 61 60 60 60 59 59 59 59 59 58 57 55 55 53 52 51 51 51 50 50 49 45 43 42 42 42 42 41 41 39 37 35 34 31 31 30 30 30 28 28 28 27 27 27 27 27 26 25 25 24 24 23 22 22 22 22 22 22 22 22 22 20 19 19 19 18 15 15 15 15 15 15 15 13 13 12 11 11 11 11 11 11 10 10 10 10 9 8 8 7 6 6 6 6 6 6 6 5 5 5 5 5 5 5 5 4 3 3 3 3 3 3 3 2 2 2 2 2 2 2 2 2 2 2 2 2 2 2 2 2 1 1 1 1 1 1 1 1 1 1 
143 139 121 116 114 105 102 102 102 102 97 92 88 88 88 82 81 80 79 79 77 71 71 61 60 60 60 59 59 59 58 55 54 52 51 49 49 49 46 46 45 45 45 45 43 42 42 39 39 38 37 37 34 32 32 31 29 29 29 29 28 28 28 28 27 26 26 26 25 24 24 24 23 23 22 22 22 22 22 21 21 21 20 19 17 17 17 16 15 15 15 13 12 10 10 10 9 8 8 8 8 8 7 7 7 7 7 6 6 6 6 6 6 6 6 6 6 5 5 5 5 5 3 3 3 3 2 2 2 2 2 2 2 2 2 2 2 2 2 2 2 2 2 2 2 2 2 2 2 2 2 2 1 1 1 1 1 1 
135 115 112 108 108 100 99 99 95 92 87 87 86 86 83 82 79 74 73 73 71 69 64 59 59 59 57 57 57 56 55 52 51 51 50 47 46 46 45 41 40 37 37 36 36 36 36 35 33 33 33 33 32 31 30 27 26 26 26 26 25 24 24 24 24 23 21 21 20 20 20 20 20 20 19 19 19 15 15 15 15 14 13 13 13 13 13 13 13 12 12 10 10 9 9 9 8 8 7 7 7 7 7 6 6 6 6 6 6 6 6 6 6 5 4 4 4 4 4 4 4 3 3 3 3 3 2 2 2 1 1 
131 113 109 107 107 99 99 95 91 85 84 84 80 80 78 77 76 73 72 72 68 67 59 59 56 56 54 54 54 51 51 50 50 47 46 45 44 43 41 40 37 37 35 35 33 33 32 32 32 32 32 31 30 29 27 26 26 26 24 24 24 24 22 22 22 20 20 20 20 20 19 19 18 16 16 16 15 15 13 12 11 11 11 11 11 11 11 10 10 10 7 7 7 7 7 7 7 7 7 7 7 6 6 6 6 6 6 6 6 3 3 3 3 3 3 3 2 2 1 1 1 1 1 1 1 1 1 1 
130 111 109 107 105 99 93 84 81 81 80 76 76 72 71 71 68 67 67 67 67 66 56 55 55 54 54 54 51 51 49 49 49 47 44 43 42 33 33 33 33 30 30 28 28 28 28 28 28 28 26 26 26 24 24 23 22 22 22 22 21 21 21 21 21 20 20 19 18 18 16 15 15 15 15 14 14 13 13 11 11 11 11 11 11 11 10 10 10 10 7 7 7 7 7 7 7 7 7 7 6 6 4 3 3 3 3 3 3 3 3 3 3 3 3 2 2 1 1 1 1 
125 111 109 106 91 89 83 80 77 75 72 67 67 66 66 66 66 66 65 64 64 61 55 54 54 48 48 48 48 48 47 45 44 43 39 39 37 33 32 32 31 30 28 28 27 27 27 27 26 26 26 25 24 23 23 22 22 22 21 21 21 21 21 19 19 19 18 18 18 16 15 15 15 12 11 11 11 11 11 10 10 10 10 10 10 9 9 9 8 8 7 7 6 6 6 6 6 6 5 4 4 4 4 3 3 3 3 3 3 3 3 3 3 3 2 2 2 1 1 1 
125 110 107 99 87 83 80 80 77 72 72 67 66 66 66 66 65 62 62 62 60 59 54 53 51 48 46 45 43 42 40 39 39 39 38 38 33 32 32 30 29 29 28 27 27 27 25 23 23 23 23 23 23 23 21 21 21 21 20 19 19 19 19 19 18 18 17 16 14 14 14 13 12 12 11 11 11 11 11 9 9 9 9 9 9 9 9 9 8 8 7 6 6 6 6 6 5 4 4 3 3 3 3 3 3 3 3 3 2 2 1 1 1 1 1 1 1 
124 106 104 97 81 80 79 77 71 70 70 66 66 66 63 61 61 60 58 58 56 55 51 50 50 45 44 44 43 42 40 39 38 38 36 35 33 31 31 29 28 28 27 23 22 20 20 20 20 20 20 20 20 20 20 20 20 20 20 19 15 15 14 13 13 12 11 11 11 11 11 11 11 11 10 10 9 9 9 8 8 7 7 7 7 7 7 7 6 6 5 5 5 4 4 3 3 3 2 2 2 2 2 2 2 2 2 2 2 1 1 1 1 1 1 1 1 
117 106 98 96 79 78 77 77 71 69 69 66 66 66 62 61 60 55 55 51 49 47 46 46 45 43 43 43 39 39 39 39 38 35 34 33 32 31 27 27 27 25 25 23 22 20 20 20 20 20 20 20 20 20 20 18 18 18 17 16 15 14 14 12 12 11 11 11 11 11 11 11 11 10 10 6 6 5 5 5 5 5 5 4 4 4 3 3 3 3 3 2 2 2 2 2 2 2 2 2 1 1 1 1 1 1 1 1 1 1 1 1 
116 105 97 95 78 78 77 74 71 69 68 65 61 61 61 55 52 51 50 49 49 46 45 44 43 41 41 39 37 36 36 36 36 35 32 30 30 30 27 27 27 23 23 22 20 20 20 20 20 18 18 17 17 16 16 16 16 16 15 15 15 13 12 11 11 11 11 11 11 11 10 10 10 8 8 6 6 5 5 5 5 5 4 4 4 4 3 3 3 3 3 2 2 2 2 2 2 2 2 2 1 1 1 1 1 1 1 1 1 1 1 1 
107 102 97 86 78 77 76 71 70 65 61 60 60 59 53 53 50 50 45 45 43 42 41 41 39 37 37 37 36 36 36 36 34 32 32 29 28 28 27 27 27 23 22 21 20 20 20 20 20 17 17 16 16 15 15 15 14 14 14 14 14 13 12 11 11 11 11 11 11 8 8 7 7 7 7 6 6 5 5 5 5 5 4 4 3 3 3 2 2 2 2 2 2 2 2 2 2 1 1 1 1 1 1 1 1 1 1 1 
107 101 91 82 78 77 71 68 67 65 59 57 53 52 52 47 45 45 43 42 42 39 37 37 37 36 35 35 35 33 33 32 32 32 32 29 28 28 27 26 26 22 21 21 20 20 20 18 17 17 17 16 15 15 14 14 14 14 13 13 11 11 10 10 10 10 10 8 6 6 6 6 6 6 6 5 5 4 4 4 3 3 3 3 3 3 2 2 2 2 2 2 2 2 2 2 1 1 1 1 1 1 1 
101 94 89 82 77 77 71 62 62 62 57 57 53 52 49 45 45 44 43 42 39 36 36 36 36 35 34 34 32 32 32 29 29 29 27 26 26 26 26 24 23 21 20 20 20 20 20 17 16 16 16 16 15 15 14 14 14 12 12 10 10 10 10 10 10 9 9 8 6 6 6 6 6 6 5 5 5 4 4 3 3 3 3 3 2 2 2 2 2 2 1 1 1 1 1 1 1 1 1 1 1 1 1 
101 85 81 78 77 70 69 61 61 60 57 56 52 50 44 43 42 42 42 41 37 36 36 35 34 34 34 30 30 29 29 27 26 24 24 24 24 23 23 23 21 21 18 18 18 15 14 14 12 12 10 10 10 10 10 10 10 10 10 10 10 10 10 10 10 9 8 7 6 6 6 6 6 6 5 5 4 4 4 3 3 3 3 2 2 1 1 1 1 
100 85 77 75 75 68 67 61 60 60 57 54 51 49 44 43 42 42 39 39 37 35 34 34 33 33 29 29 29 29 28 27 25 24 24 24 24 23 23 20 19 19 17 16 16 15 14 13 12 12 10 10 10 10 10 10 10 10 10 10 10 10 10 7 7 7 6 6 6 6 6 6 6 5 5 4 3 3 3 3 3 2 1 1 1 1 1 1 1 
98 83 77 71 71 67 61 56 55 53 48 44 43 43 42 42 42 39 39 37 35 33 32 32 32 30 29 29 28 26 26 26 24 24 24 20 19 18 18 18 17 17 16 16 15 14 14 13 11 11 10 10 10 10 10 10 10 10 10 9 9 9 8 7 7 7 6 6 6 6 6 6 5 5 4 3 3 3 3 2 2 1 1 1 1 1 1 1 
94 78 76 68 67 64 57 53 51 50 48 44 43 43 42 40 40 38 38 36 33 32 30 30 29 29 28 28 28 26 25 24 24 23 23 19 18 18 17 16 16 16 15 15 14 14 14 13 11 10 10 10 10 10 10 10 10 10 9 9 9 9 7 7 7 6 6 6 5 5 5 4 3 3 3 3 3 3 3 2 2 1 1 1 1 1 
92 76 75 63 62 62 57 53 49 47 43 43 43 42 40 40 38 36 36 35 32 30 30 30 29 27 27 27 27 26 24 23 23 23 22 18 18 18 16 16 16 15 15 15 12 12 12 10 10 10 10 10 10 10 9 9 9 9 9 9 9 8 7 6 6 6 6 6 5 4 4 4 3 3 2 2 2 2 2 1 1 1 1 1 1 
87 75 75 63 61 61 55 51 44 44 43 39 39 39 39 38 36 36 35 33 30 30 30 30 28 27 26 25 25 25 23 21 21 21 21 18 18 18 16 16 15 15 15 13 12 12 11 10 10 10 10 10 10 10 9 9 9 8 7 7 7 7 6 5 5 5 4 4 4 3 3 3 3 2 2 1 1 1 1 1 1 
86 74 72 62 61 61 54 51 44 42 42 38 38 37 37 36 36 35 35 33 30 30 28 28 28 23 23 23 22 22 21 20 20 20 20 18 18 17 16 16 15 15 12 11 11 11 11 10 10 9 9 9 9 9 7 7 7 7 7 7 7 7 5 4 4 3 3 3 3 2 2 2 2 2 2 1 1 1 
84 74 70 61 61 61 53 51 44 42 39 38 38 36 36 35 35 34 34 33 30 30 28 28 26 23 23 22 22 22 20 20 20 18 18 18 18 17 16 16 15 13 12 11 11 10 9 9 9 9 9 9 9 7 7 7 7 7 7 7 6 4 4 2 2 2 2 2 2 2 2 2 2 2 2 1 1 1 
81 74 70 61 61 61 53 50 42 40 37 37 36 35 35 35 33 30 29 29 29 29 28 26 26 23 22 21 21 21 19 19 19 18 18 18 16 15 15 15 15 12 11 11 11 9 9 9 9 9 9 9 8 7 7 7 7 5 5 5 5 3 2 2 2 2 2 2 2 2 2 2 2 2 2 1 1 1 
81 70 67 60 60 58 52 48 38 37 36 35 35 35 35 33 29 29 29 28 28 26 26 25 23 22 22 21 21 20 19 19 19 18 18 17 16 15 15 14 13 12 11 11 11 9 9 9 9 8 8 7 7 7 6 6 6 5 5 4 4 2 2 2 2 2 2 2 2 2 2 2 2 2 1 1 1 1 
80 68 67 60 60 56 52 46 36 35 35 35 35 34 33 33 29 28 28 27 26 26 25 25 23 22 21 21 21 20 19 19 19 17 17 16 14 14 14 13 12 12 11 11 11 9 9 9 8 8 8 7 7 7 6 5 5 5 4 4 4 2 2 2 2 2 2 2 2 2 2 2 2 1 1 1 
75 66 66 59 59 54 46 45 36 35 35 35 35 33 33 31 29 28 28 27 26 24 23 23 23 22 21 21 20 20 19 18 18 16 15 15 14 14 14 12 11 11 11 11 10 8 8 8 8 7 7 7 7 7 4 4 4 4 4 4 4 2 2 2 2 2 2 2 2 2 2 1 1 1 1 1 
74 66 63 59 54 50 46 43 36 35 35 35 35 33 33 31 29 28 27 26 23 23 23 23 23 21 20 20 20 19 18 17 17 16 14 14 14 13 12 11 11 11 11 11 9 8 8 8 7 7 6 6 6 6 4 4 3 3 3 3 3 2 2 2 2 2 1 1 1 1 1 1 1 1 
71 65 61 57 52 48 46 41 36 35 35 35 35 33 31 31 27 27 27 24 23 23 23 23 21 20 20 20 18 17 17 17 14 14 14 14 13 13 12 11 11 11 11 10 9 8 7 7 6 6 6 6 6 6 4 4 3 3 3 3 3 2 2 2 2 2 1 1 1 1 1 1 
71 60 59 56 49 45 44 41 36 35 35 35 35 32 30 29 27 27 27 24 23 23 23 22 21 20 20 19 18 17 17 17 14 14 14 14 13 12 11 11 10 10 10 10 8 7 7 7 6 6 5 5 5 5 4 4 3 3 3 3 3 2 2 2 1 1 1 1 1 1 1 
67 60 56 55 49 45 41 41 36 35 35 32 32 32 29 28 27 27 23 23 23 23 23 22 21 20 19 17 17 17 17 16 14 13 13 13 13 12 11 11 10 9 9 9 7 6 6 6 6 6 5 5 4 4 4 4 3 3 3 3 3 2 2 1 1 1 1 1 1 1 
66 60 56 51 49 44 41 36 35 35 35 32 31 31 28 28 27 26 23 23 23 23 23 21 20 20 18 17 16 16 16 15 14 13 13 13 11 11 11 10 9 9 8 8 6 6 6 6 5 4 3 3 3 3 3 3 3 3 3 2 1 1 1 1 1 1 1 1 1 1 
65 59 56 50 47 43 39 35 35 34 33 32 31 31 28 28 27 25 23 23 23 23 21 20 20 20 17 17 16 16 16 15 14 12 12 11 9 9 9 7 6 6 5 5 5 5 5 5 3 3 3 3 3 3 3 3 3 3 1 1 1 1 1 1 1 1 1 1 1 
65 59 49 46 45 43 39 35 35 34 32 32 30 30 28 28 27 25 23 23 23 20 20 20 20 19 17 17 16 15 15 14 14 12 11 10 9 9 7 6 6 6 5 5 5 4 4 4 3 3 3 3 2 2 2 2 2 2 1 1 1 1 1 1 1 1 1 1 1 
65 53 48 46 44 42 36 35 35 34 32 29 29 29 27 27 27 23 23 22 22 19 19 19 17 17 17 14 14 12 12 12 12 11 9 9 9 6 6 6 6 6 5 5 5 4 4 4 3 3 3 2 2 2 2 1 1 1 1 1 1 1 1 1 1 1 1 
58 53 48 41 41 41 36 34 34 32 32 29 29 29 27 27 26 23 23 21 20 19 17 16 16 16 16 14 14 12 12 11 9 9 8 8 8 6 6 6 5 5 4 4 4 4 3 3 3 3 3 2 1 1 1 1 1 1 1 1 1 1 1 1 1 1 1 
55 53 45 41 39 38 36 34 33 31 30 29 29 29 27 24 24 23 23 21 18 17 16 16 13 13 13 12 12 10 10 10 9 9 8 7 7 6 6 6 5 4 4 4 4 4 3 2 2 2 1 1 1 1 1 1 1 1 1 1 1 1 1 
55 53 43 41 38 37 35 34 33 31 30 29 29 29 27 24 24 23 21 18 17 16 16 16 13 13 13 12 12 10 10 10 9 9 8 6 6 6 5 4 4 4 4 4 4 4 2 2 2 2 1 1 1 1 1 1 1 1 1 1 1 1 
52 46 43 40 38 36 34 32 32 30 30 29 29 28 27 24 23 21 19 18 17 16 16 15 13 13 12 11 11 10 10 10 9 7 7 6 5 5 5 4 4 4 4 4 4 4 2 2 2 1 1 1 1 1 1 1 1 1 1 1 
51 44 41 40 38 36 33 32 32 30 30 29 28 27 26 22 21 20 16 16 15 15 15 15 13 13 11 11 10 9 9 8 8 7 5 5 5 4 4 4 3 3 3 3 3 3 2 2 2 1 1 1 1 1 1 1 1 1 1 
51 44 40 34 34 34 33 32 31 29 29 27 26 26 25 22 19 19 16 15 15 15 15 15 13 12 11 11 10 9 9 8 8 5 5 5 4 4 4 4 3 3 3 3 3 3 2 2 2 1 1 1 1 1 1 1 1 1 
51 44 40 34 34 33 30 29 29 28 28 27 26 22 22 21 19 19 16 15 15 15 13 12 12 11 11 11 10 9 8 8 8 5 5 5 4 4 4 4 3 3 2 2 2 2 1 1 1 1 1 1 1 1 1 1 
51 41 40 34 34 33 30 29 29 28 28 26 24 22 22 19 18 17 15 15 14 14 13 12 12 11 11 10 10 9 8 7 7 5 5 4 4 4 4 3 3 3 2 2 2 2 1 1 1 1 1 1 1 1 1 1 
51 39 38 34 34 33 30 29 27 27 27 25 24 22 20 19 17 16 15 15 14 14 13 12 11 11 9 7 7 7 7 7 7 5 5 4 4 4 4 3 3 2 2 2 1 1 1 1 1 1 1 1 1 1 1 
48 38 38 34 33 31 29 29 27 27 25 23 21 21 20 19 17 16 15 14 14 14 12 12 11 10 9 7 7 7 7 7 7 5 5 4 4 3 3 3 3 2 2 1 1 1 1 1 1 1 1 1 1 1 1 
45 37 36 34 32 29 29 27 26 26 22 22 20 20 20 18 17 16 15 14 13 12 12 12 11 10 9 7 7 7 7 6 5 5 5 4 3 3 3 2 2 2 2 1 1 1 1 1 1 1 1 1 1 
45 37 34 32 30 29 28 27 25 25 21 21 20 20 20 17 17 16 14 13 13 12 12 11 11 9 9 7 7 6 6 5 5 5 5 4 3 3 2 2 2 2 2 1 1 1 1 1 1 1 1 1 1 
45 33 32 30 30 29 28 27 24 22 20 20 20 20 20 16 15 15 14 13 13 12 12 11 9 9 8 7 7 6 5 5 5 4 4 3 3 3 2 2 2 1 1 1 1 1 1 1 1 1 1 1 
45 33 30 30 29 27 26 26 22 20 20 20 20 19 19 16 15 15 14 13 12 12 11 10 9 9 8 7 5 5 5 5 4 3 3 3 3 3 2 1 1 1 1 1 1 1 1 1 1 1 1 
38 33 29 29 28 27 25 25 20 20 20 20 20 19 19 16 15 15 14 12 11 11 10 10 9 8 8 6 5 5 5 5 4 3 3 3 3 2 1 1 1 1 1 1 1 1 1 1 1 1 1 
37 33 29 26 26 26 25 25 20 20 20 20 20 19 18 16 15 14 14 12 11 11 8 8 8 8 7 5 5 5 5 5 4 3 3 2 2 1 1 1 1 1 1 1 1 1 1 1 1 
37 33 26 25 25 25 24 24 20 20 20 20 19 19 18 15 15 13 12 11 11 9 8 8 8 7 6 5 4 3 3 3 3 2 2 2 2 1 1 1 1 1 1 1 1 1 1 
37 32 25 25 25 25 24 23 20 20 20 20 19 18 17 15 15 13 12 11 10 9 8 6 6 5 5 4 4 3 3 3 2 2 2 2 2 1 1 1 1 1 1 1 
37 30 25 25 25 25 23 22 20 20 20 18 18 18 16 15 15 13 12 10 10 8 7 6 5 5 5 3 3 3 3 2 2 2 2 2 2 1 1 1 1 1 1 1 
35 30 25 25 25 24 23 22 20 20 20 18 16 16 15 14 14 13 11 10 10 8 7 5 5 5 4 3 3 3 3 2 2 2 2 2 1 1 1 1 1 1 1 
32 30 25 25 25 24 23 20 20 20 19 18 16 15 14 14 13 13 11 10 10 8 7 5 5 5 3 3 3 3 2 2 2 2 1 1 1 1 1 1 1 1 
32 29 25 25 24 24 23 20 19 19 19 18 16 15 13 13 13 12 11 10 10 6 6 5 5 4 3 3 3 1 1 1 1 1 1 1 1 1 1 1 
32 29 25 24 23 21 21 20 19 19 16 16 13 13 13 12 12 11 10 9 8 6 5 5 4 4 3 3 1 1 1 1 1 1 1 1 1 1 1 
32 25 25 24 23 21 21 18 18 18 16 16 13 13 13 12 11 11 9 9 8 5 5 5 4 3 3 3 1 1 1 1 1 1 1 1 1 1 1 
31 25 24 22 22 21 21 18 18 17 15 15 13 13 12 11 11 10 9 9 8 5 5 5 3 3 3 2 1 1 1 1 1 1 1 1 1 1 
30 24 23 22 20 19 19 18 18 16 15 15 13 13 12 11 10 10 9 8 6 5 5 2 2 2 2 1 1 1 1 1 1 1 1 1 1 
30 23 23 21 20 19 19 18 15 15 15 13 13 13 12 11 9 9 9 8 5 5 5 2 2 2 2 1 1 1 1 1 1 1 1 1 1 
27 23 23 20 19 18 18 17 15 15 15 13 13 12 10 10 9 9 8 7 5 5 4 2 2 1 1 1 1 1 1 1 1 1 1 1 1 
27 23 21 20 19 17 17 17 15 15 14 13 12 12 10 10 8 8 7 7 5 5 3 2 2 1 1 1 1 1 1 1 1 1 1 
27 23 21 20 18 17 17 16 14 13 13 12 12 12 10 10 8 8 7 5 5 5 2 2 2 1 1 1 1 1 1 1 1 1 
27 23 20 19 18 17 16 16 13 13 13 12 12 11 10 7 7 7 6 5 5 3 2 2 2 1 1 1 1 1 1 1 1 1 
25 23 20 19 18 17 16 15 13 13 12 11 11 10 9 7 7 7 5 5 4 2 2 2 1 1 1 1 1 1 1 1 1 1 
24 23 20 19 17 17 16 15 13 13 12 11 10 9 9 7 6 6 5 5 4 2 2 2 1 1 1 1 1 1 1 
24 23 20 19 16 16 15 13 13 12 11 11 9 7 7 6 6 6 5 4 4 2 2 2 1 1 1 1 1 
24 23 20 19 16 16 15 13 11 11 9 7 7 7 7 6 6 4 4 4 3 2 2 2 1 1 1 1 1 
24 21 20 19 16 16 15 13 11 11 7 7 7 6 5 5 5 4 4 3 3 2 2 2 1 1 1 1 1 
24 20 19 18 16 15 15 13 11 10 7 7 7 5 5 5 5 4 4 3 3 2 2 2 1 1 1 1 
23 20 19 17 16 13 13 12 11 10 7 7 7 5 5 5 5 4 4 3 3 2 1 1 1 1 1 
23 19 17 17 16 13 13 12 10 9 7 7 7 5 5 5 5 4 4 2 2 2 1 1 1 1 1 
21 19 16 16 12 12 12 11 10 8 7 7 7 5 5 5 5 4 3 2 2 1 1 1 1 1 1 
19 17 16 16 12 12 11 10 10 8 7 7 7 5 5 5 4 4 3 2 1 1 1 1 1 1 1 
19 16 16 16 11 11 10 10 9 8 7 7 6 5 4 4 4 3 3 2 1 1 1 1 1 
18 16 16 15 11 11 10 9 9 8 7 7 6 4 4 4 3 3 3 1 1 1 1 1 1 
18 16 16 15 11 10 8 8 8 8 7 5 5 4 4 4 3 3 3 1 1 1 1 1 1 
17 16 16 15 10 10 8 8 8 7 7 5 5 4 4 4 3 3 3 1 1 1 1 1 
17 16 16 12 9 7 7 7 7 7 6 5 4 4 3 3 3 3 2 1 1 1 1 
17 16 16 12 9 7 7 7 7 7 6 5 4 4 3 3 3 3 2 1 1 
17 16 16 12 9 7 7 7 6 6 6 5 4 3 3 3 3 3 2 1 1 
17 16 16 11 7 7 7 7 6 6 6 5 4 3 3 3 3 2 2 1 1 
17 16 16 11 7 7 7 7 6 6 6 5 3 3 3 3 2 1 1 1 1 
17 16 16 11 7 7 7 7 6 5 5 5 3 3 2 2 2 1 1 1 1 
17 16 14 11 7 7 7 6 6 5 5 5 3 2 2 2 2 1 1 
17 16 11 11 7 7 7 6 6 5 5 3 2 2 2 1 1 1 1 
17 16 11 11 7 7 7 6 6 5 5 2 2 2 2 1 
17 15 11 10 7 7 7 6 6 5 5 2 2 2 2 
17 15 11 9 7 7 7 6 5 4 3 2 2 2 2 
17 12 11 9 7 7 6 5 4 2 2 2 2 1 1 
17 12 10 8 6 5 5 4 4 2 2 2 2 1 1 
17 12 10 7 6 3 3 3 3 2 2 2 2 1 1 
17 12 9 6 6 3 3 3 3 2 2 2 1 1 1 
14 12 8 6 4 3 3 3 3 2 2 2 1 
13 12 4 4 4 3 3 3 3 2 2 
13 12 4 4 3 3 3 3 3 1 1 
12 11 4 4 3 3 3 2 2 1 1 
11 11 4 3 3 3 3 2 2 1 
11 11 4 3 3 3 3 2 2 
11 11 3 3 3 3 3 2 2 
11 10 3 3 3 3 3 2 2 
10 10 3 3 3 3 3 2 2 
10 10 3 3 3 3 3 2 2 
10 10 3 3 3 3 3 2 2 
10 9 3 3 3 3 3 2 1 
10 9 3 3 3 3 2 1 1 
10 8 3 3 3 2 1 
10 8 3 3 3 1 1 
10 8 3 2 2 1 1 
10 8 3 2 1 1 1 
10 6 3 1 1 1 1 
9 6 3 1 1 1 
9 6 3 1 1 1 
9 6 2 1 
9 6 2 1 
9 5 2 1 
9 4 2 1 
9 4 2 1 
9 4 2 1 
7 4 1 1 
7 4 1 1 
7 4 1 1 
7 4 1 1 
7 4 1 1 
7 3 
7 3 
7 2 
7 2 
6 2 
5 2 
5 1 
5 1 
5 1 
5 1 
4 1 
4 1 
4 1 
4 1 
4 1 
4 1 
4 1 
2 1 
2 1 
2 1 
2 
2 
2 
2 
2 
2 
1 
1 
1 
1 
1 
1 
1 
1 
1 
1 
