179 133 132 126 124 119 117 99 99 96 96 93 91 90 89 85 82 82 81 76 76 74 74 73 72 70 66 66 64 62 60 59 55 55 53 51 46 46 46 46 45 44 43 43 43 41 38 38 37 37 37 37 37 37 37 36 36 34 34 34 34 31 30 30 30 30 30 30 30 29 27 24 24 24 24 24 22 22 22 22 20 20 20 20 20 19 19 18 17 16 16 14 14 14 14 14 14 13 13 13 13 13 13 13 13 12 12 11 10 10 9 9 9 8 8 8 8 8 8 8 8 8 7 7 7 6 6 6 5 4 4 4 4 4 4 4 4 4 4 4 4 4 4 4 4 4 4 4 4 3 3 3 3 2 2 1 1 1 1 1 1 1 1 1 1 1 1 1 1 1 1 
166 128 126 117 113 108 105 96 96 94 91 89 79 75 74 74 74 72 72 70 68 68 67 64 61 61 59 58 57 57 57 57 53 51 50 49 45 45 44 43 43 43 43 41 39 39 38 38 37 37 36 36 36 36 34 34 33 32 31 31 31 31 30 30 30 28 28 28 26 24 24 23 22 22 20 20 19 19 19 19 18 17 16 16 16 15 15 15 15 14 14 13 13 13 12 11 11 11 11 10 10 10 10 10 10 10 10 10 9 9 9 9 9 8 7 7 7 6 6 6 6 6 6 6 6 4 4 4 4 4 4 4 4 4 4 4 4 3 3 3 3 3 2 2 2 2 2 2 2 2 2 1 1 1 1 1 1 1 1 1 1 1 1 1 
159 126 122 115 108 104 88 85 85 84 84 81 77 73 73 72 72 72 70 64 64 64 64 59 58 58 57 55 52 51 51 51 50 50 49 48 45 45 44 42 41 41 39 39 39 38 36 33 29 29 29 29 29 29 28 28 28 27 27 27 26 25 25 24 24 24 21 19 18 17 16 16 16 15 15 15 14 14 14 13 13 13 13 12 12 12 12 12 12 12 11 11 11 10 10 10 9 8 8 8 8 8 8 8 8 8 8 6 6 6 6 5 5 5 5 5 5 5 5 5 5 5 5 4 4 4 3 3 3 3 3 2 2 2 2 2 2 2 2 1 1 1 1 1 1 1 1 1 1 1 1 1 1 1 1 1 1 1 1 1 
153 116 114 110 102 102 86 84 82 81 78 73 73 73 72 72 72 66 66 64 63 62 62 56 55 55 54 53 51 47 46 46 46 46 46 45 43 39 39 38 37 33 32 31 31 31 31 31 29 29 29 27 27 27 26 25 25 25 25 24 23 22 21 20 20 20 19 18 17 17 16 15 15 14 14 13 13 13 13 13 11 11 11 11 10 10 10 10 10 10 10 10 10 10 9 9 9 8 7 6 6 6 6 6 6 5 5 5 5 5 5 5 5 5 5 5 5 4 4 4 4 4 4 4 3 3 3 2 1 1 1 1 1 1 1 1 1 1 1 1 1 1 1 
147 115 108 104 102 95 80 80 79 79 74 73 71 71 71 71 62 60 60 60 59 58 56 54 53 53 53 53 48 46 46 46 44 44 42 41 41 39 38 38 34 33 31 31 31 31 31 28 28 27 27 27 26 26 25 25 24 24 23 23 22 22 20 18 18 18 17 15 14 14 14 13 13 13 13 12 12 12 12 11 10 10 10 10 10 10 9 9 9 9 8 8 8 8 8 8 8 8 7 6 6 6 6 5 5 5 5 5 5 5 5 5 5 5 4 3 3 1 1 1 1 1 1 1 1 1 1 1 1 
137 109 105 104 100 91 80 79 79 78 74 70 70 63 63 62 60 60 60 59 59 57 55 54 53 53 52 52 47 46 46 45 42 41 40 40 36 35 35 35 33 31 30 30 28 27 26 26 26 26 25 24 23 21 21 21 21 21 21 20 19 18 18 17 16 16 16 13 13 13 13 13 13 13 12 11 11 11 11 10 10 10 10 10 9 8 8 8 8 8 8 8 8 8 6 5 5 5 5 5 4 4 4 4 4 4 4 4 3 3 2 2 2 2 2 2 2 1 1 1 1 1 1 1 1 1 1 1 
130 102 102 98 96 90 79 74 71 68 64 63 63 63 63 61 60 59 59 58 56 56 55 52 49 49 49 47 47 46 42 34 33 33 32 32 31 31 28 28 27 25 25 25 24 23 23 23 23 22 22 22 22 21 20 20 20 20 20 17 17 15 15 15 15 15 13 13 12 11 11 11 11 11 11 11 8 8 8 7 7 7 7 7 7 7 6 6 6 6 6 6 6 6 5 5 5 5 5 4 4 4 3 3 3 3 3 2 2 2 2 2 2 2 2 2 2 1 1 1 1 1 1 1 1 
129 99 95 93 86 86 77 67 67 67 64 63 63 63 62 61 57 56 55 55 55 55 52 48 48 47 47 46 45 40 36 34 32 32 28 28 28 28 27 26 26 25 24 24 23 23 23 22 20 20 20 20 18 17 15 15 15 15 15 15 14 14 13 12 11 11 11 11 11 11 11 11 10 9 9 9 8 8 7 7 7 7 7 7 7 7 6 6 6 6 6 6 6 5 5 4 4 4 4 4 4 3 3 3 3 3 2 2 2 2 2 2 2 2 2 2 2 1 
124 95 92 90 82 82 76 66 66 66 64 63 61 61 60 56 56 54 54 54 52 49 48 48 46 45 43 39 37 35 35 31 31 31 28 27 27 26 26 25 25 24 23 23 23 21 21 21 20 20 19 18 17 15 15 15 15 15 15 13 11 11 9 9 9 9 9 9 9 9 9 9 9 9 9 8 8 7 7 7 7 7 6 6 6 6 6 6 6 5 5 5 5 5 4 4 4 4 4 4 4 3 3 3 3 3 2 2 2 2 2 2 2 2 2 1 1 1 
122 94 92 90 80 79 75 66 66 65 64 63 61 61 59 53 52 52 52 50 49 49 48 45 44 44 37 37 36 34 34 31 30 29 27 27 25 24 24 24 21 21 21 21 21 20 20 20 20 19 19 16 16 15 15 15 14 14 12 12 11 9 9 9 9 9 9 9 9 8 8 8 8 8 8 8 8 7 7 6 6 6 6 6 6 6 5 5 5 5 5 4 4 4 4 4 4 4 3 3 3 3 3 2 2 2 2 2 2 2 1 1 1 1 1 
120 94 87 82 79 79 74 66 65 64 62 62 57 53 52 52 52 49 49 47 47 47 43 43 43 41 36 33 32 31 31 29 27 27 26 25 25 24 24 20 20 20 20 20 19 19 19 18 18 18 17 16 15 13 13 13 12 12 12 12 10 9 9 9 9 8 8 8 8 8 8 7 7 7 7 7 6 6 6 6 6 6 5 5 5 5 5 4 4 3 3 3 3 3 3 3 3 3 3 3 2 2 2 2 2 1 1 1 1 1 1 1 
108 92 85 82 77 76 67 64 63 62 61 55 53 50 50 49 48 48 48 47 42 42 42 42 41 35 34 29 29 29 28 28 27 26 25 25 25 22 21 20 20 20 19 19 19 18 18 18 18 18 17 15 13 13 13 13 12 11 11 11 10 9 9 9 9 8 8 8 8 7 7 7 6 6 6 6 6 6 5 5 5 5 5 5 5 2 2 2 2 2 2 2 2 2 2 2 2 2 2 2 2 1 1 1 1 1 1 1 1 1 1 1 
107 92 84 81 77 69 64 62 60 60 58 55 53 50 50 49 48 47 47 46 42 42 40 38 37 35 32 29 28 27 27 27 25 24 24 24 23 21 20 19 19 19 19 19 18 18 18 16 16 16 14 14 13 13 13 12 12 11 11 10 10 9 9 9 8 8 8 7 6 6 6 6 6 6 6 5 4 4 4 3 3 3 3 3 3 2 2 2 2 2 2 2 2 2 2 1 1 1 1 1 1 1 1 1 1 1 1 1 1 1 1 1 
101 91 83 76 71 65 63 62 58 56 56 53 49 49 49 48 48 47 45 45 41 40 38 38 36 34 30 28 28 27 25 24 23 23 23 23 22 20 20 19 19 19 18 16 16 16 15 15 14 14 14 13 13 12 12 11 11 11 10 9 9 8 8 8 8 8 7 6 6 6 6 6 5 5 5 5 4 3 3 3 3 3 3 3 3 2 2 2 2 2 2 2 1 1 1 1 1 1 1 1 1 1 1 1 1 1 1 1 1 1 1 1 
101 91 82 76 71 65 62 62 57 55 55 53 49 49 46 46 45 44 44 43 38 38 38 36 35 33 30 28 27 26 24 24 23 22 21 21 19 19 19 19 18 18 16 16 16 15 13 13 13 13 13 11 11 11 11 11 10 10 9 9 9 8 8 8 8 8 7 6 6 6 6 6 5 5 5 4 3 3 3 3 3 3 3 3 3 2 2 2 2 2 1 1 1 1 1 1 1 1 1 1 1 1 1 
101 87 81 72 69 65 62 61 57 55 52 51 48 47 45 45 44 44 44 40 38 37 36 35 34 32 28 28 25 23 23 23 23 21 21 18 18 18 18 18 16 16 15 15 15 13 12 12 11 11 11 11 11 10 10 10 10 10 9 9 8 8 8 8 7 7 6 6 6 6 5 5 5 3 3 3 3 3 3 3 3 3 3 2 2 2 2 2 2 1 1 1 1 1 1 1 1 1 1 1 1 1 
99 84 81 72 69 65 61 57 55 55 52 51 48 47 44 42 38 37 36 36 34 32 31 31 31 29 28 27 24 23 23 23 23 21 18 18 18 18 16 16 16 16 15 15 14 12 12 11 11 10 10 9 9 9 8 8 8 8 7 7 7 6 6 6 6 6 6 6 6 6 4 4 4 3 3 2 2 2 2 2 2 2 2 2 2 2 2 1 1 1 1 1 1 1 1 1 1 1 
92 84 76 72 67 65 59 57 55 54 50 48 48 47 44 40 37 36 35 35 34 31 28 28 28 26 26 26 21 21 21 20 20 19 17 16 16 15 14 14 14 14 14 14 12 12 11 10 9 9 9 9 9 8 8 7 7 7 6 6 6 6 5 5 5 5 4 4 4 4 4 4 4 2 2 2 2 2 2 2 2 2 2 2 1 1 1 1 1 1 1 1 1 1 
92 82 75 72 63 57 57 52 51 51 48 48 48 44 44 37 37 35 34 34 30 29 27 26 25 25 24 23 20 20 20 20 19 17 16 14 14 14 14 14 14 13 12 12 12 11 9 9 8 8 8 8 8 8 8 7 7 6 6 5 5 5 5 5 4 4 4 4 4 4 4 3 3 2 2 2 2 2 2 2 2 1 1 1 1 1 1 1 1 1 1 1 
92 82 75 70 60 57 55 51 51 51 48 48 46 44 37 37 36 34 34 34 29 27 24 24 24 24 24 23 20 20 20 19 16 16 16 14 14 14 14 14 14 13 12 10 10 9 9 9 8 8 8 7 7 6 6 6 6 6 6 5 5 5 5 4 4 4 4 4 4 4 4 3 3 2 2 2 2 2 2 2 2 1 1 1 1 1 1 
87 82 74 67 60 57 55 51 51 51 47 45 45 44 37 37 35 34 34 32 29 27 24 24 24 23 23 23 20 20 19 18 16 16 15 14 14 14 13 13 13 12 9 9 9 9 8 8 8 8 8 7 6 6 6 5 5 5 5 5 5 4 4 4 4 3 3 3 3 3 3 3 3 2 2 2 2 2 2 2 2 1 1 1 1 1 
85 77 73 66 60 57 55 51 51 48 45 41 41 41 37 36 35 33 33 31 26 25 24 22 22 22 22 22 19 19 18 18 16 16 14 14 13 13 13 13 11 11 9 9 9 9 8 8 8 7 7 7 6 6 6 5 5 5 5 5 4 4 4 4 3 3 3 3 3 3 2 2 2 2 2 2 2 2 2 2 1 
83 76 72 62 59 55 55 51 50 47 42 41 41 41 37 36 35 33 32 31 25 25 22 22 22 22 22 21 19 18 18 17 16 15 14 14 13 13 13 12 9 9 9 9 9 8 8 8 6 6 5 5 5 5 5 5 5 5 5 5 4 4 4 3 3 3 3 3 2 2 2 2 2 2 2 2 2 1 1 
80 76 68 61 57 51 50 49 49 47 42 41 41 37 36 34 32 32 31 30 23 23 22 22 22 22 22 21 19 18 15 15 15 15 13 13 13 12 12 11 9 9 9 9 8 8 8 8 5 5 5 5 5 5 5 5 5 5 5 4 4 2 2 2 2 2 2 2 2 2 2 2 2 2 2 2 1 1 
78 73 65 61 56 49 48 47 45 45 42 40 40 36 36 34 32 30 30 30 23 23 22 22 22 21 21 20 18 17 15 15 15 15 13 13 13 12 12 10 9 9 9 9 8 7 7 7 5 5 5 5 5 5 5 5 5 4 4 4 4 2 2 2 2 2 2 2 2 2 2 2 2 2 2 
74 69 64 59 56 47 47 45 45 44 41 40 40 36 35 33 32 30 29 28 23 23 22 22 22 21 21 20 18 17 15 15 15 15 13 12 12 12 12 9 9 8 7 7 7 7 7 7 5 5 5 5 5 5 5 4 4 4 3 2 2 2 2 2 2 2 2 2 1 1 1 1 1 1 1 
70 65 63 53 52 47 45 45 45 44 39 39 38 36 35 33 31 29 29 27 23 23 22 21 20 20 18 18 18 16 15 13 13 13 12 12 11 11 11 9 7 7 7 7 6 5 5 5 5 5 5 5 5 5 4 4 4 4 2 2 2 2 2 2 2 1 1 
69 65 62 52 51 47 45 44 44 43 39 39 37 35 34 32 29 29 28 27 22 22 22 21 20 20 18 18 17 16 15 13 12 12 12 12 11 10 10 9 7 7 7 7 6 5 5 5 5 5 5 5 4 4 3 3 3 2 2 2 2 2 2 2 2 1 1 
68 63 59 52 47 47 45 43 43 40 39 38 37 35 33 27 27 26 26 25 22 22 21 19 19 19 16 16 16 15 13 13 12 12 12 12 11 10 9 9 7 7 7 7 6 5 5 5 5 5 5 5 4 4 3 3 3 2 2 2 2 2 2 2 2 1 1 
65 61 58 51 47 47 44 43 43 38 38 37 35 34 32 27 27 26 25 25 22 22 21 19 19 17 16 16 15 14 12 12 12 12 11 11 11 10 9 8 7 7 6 6 6 5 5 5 5 5 5 4 4 3 2 2 2 2 2 2 2 2 2 1 
65 57 56 50 47 44 44 43 41 38 38 37 35 32 31 27 27 26 25 23 21 21 20 18 16 15 15 15 15 14 12 12 12 11 11 11 10 10 9 8 7 7 6 6 6 5 5 5 5 5 5 4 4 2 2 2 2 2 2 2 2 2 
64 57 56 48 46 43 43 41 39 37 36 35 34 32 31 27 27 25 20 20 19 18 18 17 16 15 15 15 14 12 11 11 11 11 11 10 9 9 9 7 7 6 6 6 5 5 5 5 5 4 4 4 3 2 2 2 2 2 2 2 1 1 
64 57 55 48 45 43 41 39 39 37 36 34 32 30 29 27 27 25 20 20 19 18 16 15 15 13 13 13 12 11 11 11 10 10 10 8 8 8 8 7 7 6 5 5 5 4 4 4 4 2 2 2 2 2 2 2 2 2 2 2 1 
63 55 53 48 45 43 41 39 37 37 35 34 31 30 29 27 27 23 20 18 16 14 14 13 13 13 12 12 11 11 10 9 9 9 9 8 8 8 7 6 6 5 4 4 4 4 3 3 2 2 2 2 2 2 2 2 2 1 1 
63 55 52 48 45 43 40 38 36 35 33 33 31 30 29 26 26 21 19 18 16 14 14 13 13 13 12 12 11 10 9 9 9 8 8 8 8 8 7 6 6 5 4 4 4 4 3 3 2 2 2 2 2 2 2 1 1 1 1 
59 45 44 44 43 42 40 37 34 34 33 32 31 30 28 26 25 20 17 15 14 14 14 13 13 13 12 11 10 10 9 9 9 8 8 8 7 7 7 6 5 5 4 2 2 2 2 2 2 2 2 2 2 1 1 1 1 1 
57 45 44 44 42 41 38 37 34 34 33 31 29 28 28 25 23 20 16 15 14 14 14 13 13 12 10 10 10 9 8 8 7 7 7 7 7 6 6 6 5 4 4 2 2 2 2 2 2 2 2 1 1 1 1 1 1 1 
56 45 44 44 41 40 38 36 33 33 31 30 27 24 24 23 22 16 16 15 14 14 13 12 12 11 10 10 10 9 7 6 6 6 6 6 6 6 6 4 4 4 4 2 2 2 2 2 2 2 2 1 1 1 1 1 
55 44 44 43 40 38 36 33 32 32 30 28 25 23 23 23 22 16 16 13 13 13 13 11 11 11 9 9 9 9 7 6 6 6 6 6 5 5 5 4 4 4 2 2 2 2 2 2 1 1 1 1 
52 44 44 40 39 37 36 33 32 28 27 26 25 21 19 19 19 16 14 13 13 13 13 11 11 11 9 9 8 8 7 6 6 6 6 5 5 4 4 4 4 3 2 2 2 2 1 1 1 
52 44 44 39 36 35 31 30 30 28 27 25 23 20 19 19 18 16 14 13 13 13 13 11 9 9 9 9 8 7 6 6 6 6 6 5 4 4 4 4 4 2 2 2 2 2 
52 44 42 39 36 35 29 29 29 27 26 25 23 20 19 18 17 15 14 13 13 13 11 11 9 9 9 7 7 6 6 6 6 6 5 4 4 4 4 4 4 2 2 2 2 2 
49 42 42 39 35 31 29 29 29 25 23 23 22 20 18 18 17 15 14 13 12 10 10 10 9 9 9 6 6 6 6 5 5 5 4 4 4 4 4 3 3 2 2 2 2 1 
49 42 40 39 32 30 29 29 28 25 19 19 19 18 18 16 15 14 14 13 12 10 10 9 9 9 9 6 6 6 5 5 5 5 4 4 4 4 4 3 2 1 1 1 1 1 
44 42 40 37 32 29 29 27 27 22 19 19 19 18 17 15 14 14 14 13 12 10 10 9 9 7 7 6 6 6 5 5 4 4 4 4 4 4 4 3 2 1 1 1 
42 40 39 36 32 29 29 27 26 22 19 19 18 18 17 15 13 13 13 12 12 10 10 9 9 7 7 6 5 5 5 5 4 4 4 4 4 3 3 3 2 1 1 1 
42 40 38 36 32 29 29 26 24 20 19 18 17 17 16 15 13 12 11 10 10 10 10 9 7 7 7 6 5 5 5 4 4 4 4 4 4 3 3 2 1 1 1 1 
41 39 38 36 32 28 28 26 24 20 18 17 17 17 14 12 11 10 10 10 10 10 10 9 7 7 6 6 5 5 4 4 4 4 4 4 3 3 3 1 1 1 1 1 
41 39 38 36 29 27 25 25 24 19 18 16 16 10 10 10 10 10 10 8 8 8 8 8 7 6 6 6 5 5 4 4 4 4 3 2 2 2 2 1 1 
41 39 36 35 29 26 25 24 21 18 18 16 16 10 10 10 10 9 8 8 8 8 8 8 7 6 5 5 4 4 4 4 4 3 3 2 2 1 1 1 1 
41 39 36 30 27 25 25 21 20 17 17 16 15 8 8 8 8 7 7 7 7 7 7 6 6 4 4 4 4 4 4 4 4 3 2 2 1 1 1 1 1 
39 39 35 30 26 25 25 21 20 17 17 16 13 8 8 8 8 7 7 7 7 7 7 6 6 4 4 4 4 4 4 4 3 3 2 2 1 1 1 1 1 
39 35 34 29 25 22 22 19 19 17 17 15 12 8 8 8 8 7 7 7 7 7 7 6 6 4 4 4 4 4 4 3 2 2 2 2 1 1 1 1 1 
39 31 31 28 25 22 22 19 17 15 15 12 11 8 8 7 7 7 7 7 7 7 7 6 6 4 4 4 4 4 4 2 2 2 2 2 1 1 1 
39 31 29 28 24 21 20 18 16 15 12 11 11 8 7 7 7 7 7 7 7 7 6 6 6 4 4 4 4 4 3 2 2 2 2 1 1 1 1 
39 31 29 28 24 20 19 18 12 12 11 10 10 8 7 7 7 7 7 7 6 6 6 6 6 4 4 4 3 3 2 2 2 2 1 1 1 1 1 
38 29 29 28 24 20 17 17 12 12 11 10 10 7 7 7 7 7 7 7 6 6 6 5 5 4 3 2 2 2 2 2 1 1 1 1 1 
38 29 29 28 23 19 17 16 12 12 9 9 9 7 7 7 7 7 7 7 6 6 6 5 5 4 2 2 2 2 2 2 1 1 1 
37 29 29 28 23 19 17 14 12 12 9 9 7 7 7 7 7 6 6 6 6 6 5 5 4 4 2 2 2 2 2 2 1 1 1 
37 29 29 26 23 19 15 13 12 12 9 9 7 7 7 7 6 6 6 6 6 6 5 5 4 4 2 2 2 2 1 1 1 
37 29 29 20 20 19 15 13 12 11 9 9 7 7 7 7 6 6 6 6 5 5 5 4 4 4 2 2 2 2 1 1 1 
37 29 28 19 19 18 15 13 12 11 9 9 7 7 7 7 6 6 6 6 5 4 4 4 4 2 2 2 2 1 1 1 1 
36 29 28 19 19 18 15 13 11 10 9 8 7 7 7 7 6 6 6 6 5 4 4 4 3 2 2 2 1 1 1 1 1 
36 28 26 19 19 16 14 13 10 10 9 8 7 7 6 6 6 6 6 6 4 4 4 3 3 2 2 2 1 1 1 1 1 
33 27 25 19 18 16 14 13 10 10 9 8 7 7 6 6 6 6 6 6 4 4 4 3 2 2 2 2 1 1 1 1 1 
32 26 23 17 17 15 13 12 10 10 9 8 7 7 6 6 6 6 6 6 4 3 3 3 2 2 2 2 1 1 1 1 1 
32 26 23 17 17 14 12 10 9 9 8 8 6 6 6 6 6 6 6 5 4 3 3 3 2 2 2 2 1 1 1 1 
32 26 23 17 14 14 11 10 9 9 8 8 6 6 6 6 6 5 5 5 4 3 3 2 2 2 2 2 1 1 1 1 
32 26 22 17 14 14 11 9 9 9 7 7 6 6 6 6 6 5 5 5 4 3 3 2 2 2 1 1 1 1 1 1 
32 26 22 17 14 14 11 9 9 7 6 6 6 6 6 6 6 5 5 4 4 3 3 2 2 2 1 1 1 1 1 1 
31 26 22 17 14 12 10 9 6 6 6 6 6 6 6 6 5 4 4 4 4 3 3 2 2 2 1 1 1 1 1 1 
30 26 22 17 14 12 9 8 6 6 6 6 6 6 6 6 5 4 4 4 4 3 3 2 2 2 1 1 1 1 
26 25 21 17 14 11 9 7 6 6 6 6 6 6 6 6 5 4 4 3 3 3 2 2 2 2 1 1 1 1 
26 23 21 17 14 11 9 7 6 6 6 6 6 6 6 5 3 3 3 3 2 2 2 2 2 1 1 1 1 1 
26 21 19 17 14 10 8 7 6 6 6 6 6 6 5 5 3 3 3 2 2 2 2 1 1 1 1 1 1 
26 20 19 15 13 10 8 7 6 6 6 6 6 5 5 4 3 3 2 2 2 1 1 1 1 1 1 1 
24 20 18 15 13 10 8 7 6 6 6 6 6 5 5 4 3 3 2 2 2 1 1 1 1 1 1 1 
24 20 18 14 12 9 8 7 6 6 6 6 5 5 5 4 3 2 2 2 2 1 1 1 1 1 1 
23 18 15 10 10 9 8 7 6 6 6 6 5 5 5 3 2 2 2 2 1 1 1 1 1 1 1 
23 18 15 10 9 9 7 7 6 6 6 6 5 5 4 3 2 2 2 1 1 1 1 1 1 1 1 
23 15 14 10 9 8 7 7 6 6 6 6 5 5 4 3 2 2 2 1 1 1 1 1 1 1 1 
22 14 14 9 9 8 7 7 6 6 6 6 5 5 4 3 2 2 2 1 1 1 1 1 1 
22 14 13 9 9 8 7 7 6 6 6 6 5 5 3 3 2 2 1 1 1 1 1 1 1 
22 13 13 9 9 8 7 6 6 6 6 5 5 5 3 3 2 2 1 1 1 1 1 1 
22 13 13 9 9 7 7 6 6 6 6 5 5 4 3 3 2 1 1 1 1 1 
21 13 13 9 9 7 7 6 6 6 6 5 5 4 1 1 1 1 1 1 1 1 
19 13 13 9 8 7 7 6 6 6 5 5 4 4 1 1 1 1 1 1 1 1 
19 13 12 8 8 7 7 6 6 6 5 5 3 3 1 1 1 1 1 1 1 1 
19 13 12 8 8 7 7 6 6 6 5 5 3 3 1 1 1 1 1 1 1 
19 13 12 8 8 7 7 6 6 5 5 4 3 3 1 1 1 1 1 1 1 
15 13 12 8 8 7 7 5 5 5 4 3 3 2 1 1 1 1 1 1 
15 13 11 8 8 7 7 5 5 5 4 3 2 2 1 1 1 1 1 
15 13 10 8 8 7 7 5 5 5 4 3 1 1 1 1 1 1 1 
14 13 10 8 7 7 7 5 5 5 4 3 1 1 1 1 1 1 1 
14 13 10 7 7 7 6 5 5 3 3 3 1 1 1 1 1 
14 13 9 7 7 7 6 5 4 3 3 3 1 1 1 1 1 
14 13 9 7 7 7 5 5 4 3 3 2 1 1 1 1 
14 13 9 7 7 7 5 4 4 3 3 2 1 1 1 1 
14 12 9 7 7 7 5 4 4 3 3 2 1 1 1 1 
14 12 8 7 7 6 4 4 4 3 2 2 1 1 1 
14 12 8 7 7 6 4 4 3 3 2 2 1 1 1 
14 12 8 7 7 6 4 4 3 2 2 2 1 1 1 
12 12 7 7 6 5 4 4 3 2 2 2 1 
12 10 7 6 5 5 4 3 3 2 2 2 1 
10 10 7 5 5 5 4 3 2 2 2 2 1 
10 10 7 5 5 5 3 3 2 2 2 1 1 
10 10 7 5 5 4 3 3 2 2 2 1 
10 8 5 5 5 4 2 2 2 2 1 
10 8 5 5 4 3 2 2 2 1 
10 8 5 5 3 3 2 2 2 
10 7 5 5 3 3 2 2 1 
10 7 5 4 3 3 2 2 1 
10 7 5 4 3 3 2 2 1 
10 6 4 4 3 3 2 2 1 
10 5 4 4 3 3 2 2 1 
9 5 4 3 3 3 2 2 1 
9 5 3 3 3 3 2 1 1 
9 4 3 3 3 2 2 1 1 
8 4 3 3 3 2 2 1 
8 4 3 3 2 2 2 1 
7 4 3 3 1 1 1 
7 4 3 3 1 1 1 
7 3 3 3 1 1 1 
7 3 3 3 1 1 1 
7 3 2 2 1 
7 3 2 2 1 
7 3 2 2 1 
7 3 2 2 1 
7 3 2 2 1 
6 3 2 2 1 
6 3 2 2 1 
6 2 2 2 1 
5 2 2 2 1 
5 2 2 2 1 
5 2 2 2 1 
5 2 2 2 1 
5 2 2 1 
5 2 2 1 
5 2 2 1 
4 2 2 1 
4 2 2 1 
4 2 2 1 
4 2 2 
4 2 2 
4 2 2 
3 2 2 
2 2 1 
2 2 1 
2 2 1 
2 2 1 
2 1 1 
2 1 1 
2 1 
2 1 
2 1 
2 1 
2 1 
2 1 
2 1 
2 1 
2 1 
2 1 
2 1 
1 1 
1 1 
1 1 
1 1 
1 1 
1 1 
1 1 
1 1 
1 1 
1 
1 
1 
1 
1 
1 
1 
1 
