160 155 155 139 139 137 123 113 113 111 108 102 100 98 98 93 82 82 78 77 77 76 75 75 73 73 73 70 70 65 63 63 58 57 57 56 55 54 54 53 52 51 51 51 50 49 45 45 44 44 43 41 39 38 37 36 36 35 35 35 34 34 34 33 33 33 32 31 31 31 30 30 30 29 28 27 25 23 22 22 22 22 20 20 20 20 19 18 18 18 17 17 17 16 16 15 14 14 14 14 10 10 10 10 10 10 10 10 10 10 10 10 10 10 10 10 10 9 9 8 8 8 8 8 7 7 7 7 7 7 6 6 5 4 4 4 4 4 4 4 4 3 3 3 2 2 2 2 2 2 2 2 2 2 2 2 2 2 2 1 1 1 1 1 1 1 1 1 1 1 1 1 1 1 1 1 1 1 1 1 1 1 1 1 1 1 1 1 1 1 1 
159 155 146 137 128 122 116 110 110 110 103 102 100 96 89 83 81 79 77 77 76 76 75 68 66 66 66 64 62 61 60 55 53 52 51 50 50 48 48 48 45 44 44 40 39 39 38 38 38 36 36 36 35 35 35 35 35 35 34 34 32 32 32 30 29 29 28 28 26 26 25 22 22 22 20 20 20 20 19 19 18 18 18 18 18 17 16 15 15 15 15 15 15 15 15 14 14 14 12 10 10 10 10 10 10 10 10 9 9 8 8 8 8 8 8 8 7 7 7 7 7 7 6 6 6 5 5 4 4 4 4 4 4 4 4 3 3 3 3 3 3 3 2 2 2 1 1 1 1 1 1 1 1 1 1 1 1 1 1 1 
157 148 138 133 125 114 108 108 102 100 100 96 92 90 88 82 81 77 77 72 71 68 65 65 65 64 64 63 57 57 55 54 49 48 46 46 46 45 45 45 44 43 42 40 38 36 36 34 34 34 33 33 33 32 32 29 28 28 27 27 27 27 24 23 23 23 23 22 22 20 20 20 19 19 18 17 17 16 16 15 15 15 15 15 15 15 15 15 15 14 14 13 13 13 12 12 11 11 11 10 10 10 8 7 7 7 7 7 7 7 7 7 7 7 7 6 6 6 6 6 5 5 5 4 4 4 4 4 4 4 4 4 4 3 3 3 3 3 3 3 2 1 1 1 1 1 1 1 1 1 1 1 1 1 1 
146 140 124 124 110 102 100 97 97 97 93 93 90 83 82 78 75 73 72 72 64 62 62 61 61 61 60 59 55 54 52 51 46 46 46 44 41 41 40 40 40 40 38 37 37 35 32 32 32 32 32 30 29 27 27 27 25 23 23 23 23 23 23 23 22 22 22 19 18 18 18 18 18 16 16 16 16 15 15 15 15 15 15 15 14 14 12 12 12 12 11 10 8 8 8 7 6 6 6 6 6 6 6 6 6 6 6 6 6 6 6 5 5 5 5 5 5 5 4 4 4 4 4 4 4 4 4 4 3 3 3 2 2 2 2 2 2 1 1 1 1 1 1 1 1 
138 127 120 116 106 102 99 97 96 88 84 83 83 81 81 76 74 72 68 66 62 61 61 60 59 59 58 55 51 50 50 50 46 43 41 40 39 38 38 37 37 36 34 33 31 30 30 29 29 29 28 28 27 22 22 21 21 21 21 21 19 19 19 19 18 18 18 18 18 18 17 17 16 16 16 16 15 15 14 14 14 14 14 14 13 11 11 11 10 9 9 9 8 8 8 6 6 6 6 6 6 6 6 6 6 6 6 5 5 5 5 5 5 5 4 4 4 4 3 3 3 3 3 3 3 3 3 2 2 2 1 1 1 1 1 1 1 1 
131 126 117 108 96 96 96 93 89 85 82 82 79 78 74 72 72 69 67 63 61 61 60 59 57 52 49 49 47 44 44 42 40 39 38 38 34 34 34 34 34 32 32 31 30 30 30 26 26 26 25 25 22 22 21 21 21 21 16 16 16 16 16 16 15 15 15 15 15 15 15 15 13 11 11 9 9 9 9 9 9 9 9 9 9 9 9 9 9 9 9 8 7 7 6 6 6 6 5 5 5 5 5 5 5 5 5 5 5 5 5 4 3 3 2 1 1 1 1 1 1 1 1 1 1 1 1 1 1 1 1 1 1 
130 123 110 107 95 94 93 92 87 82 77 71 71 71 71 69 66 65 64 63 59 57 53 53 50 50 47 46 39 39 38 38 37 37 32 32 32 30 29 29 29 29 29 28 28 28 27 26 24 23 22 22 21 21 20 19 19 19 16 16 16 16 15 15 15 15 15 15 15 14 12 12 12 11 9 9 9 9 9 9 9 8 8 7 7 7 4 4 4 4 4 4 4 4 4 4 4 4 4 4 4 4 4 4 4 4 4 3 3 3 3 2 2 1 1 1 1 1 1 1 1 1 1 1 1 1 1 1 1 
111 111 108 104 95 93 88 85 82 76 73 71 70 64 63 61 61 60 57 57 57 54 53 50 48 45 39 39 38 38 38 37 37 34 32 32 32 29 29 29 29 29 27 26 26 24 24 24 22 22 21 21 21 21 19 19 19 18 15 15 15 15 15 15 14 13 13 12 12 12 12 11 9 9 9 9 9 9 9 9 8 8 8 7 5 5 4 4 4 4 4 4 4 4 4 4 4 4 3 3 3 3 3 3 3 3 3 2 2 2 2 
107 106 102 99 94 89 85 83 72 63 62 60 60 58 56 56 56 55 55 54 52 49 48 47 43 41 39 39 38 38 37 36 35 34 32 32 28 28 28 28 27 26 26 26 24 24 23 23 21 19 18 16 16 15 15 15 14 14 13 12 12 12 12 12 12 12 12 12 12 11 11 9 9 9 9 8 8 8 7 7 7 7 7 7 5 4 4 4 4 4 4 4 4 4 4 4 3 3 3 2 2 2 1 1 1 
105 97 96 96 90 86 85 79 72 63 60 59 58 58 56 55 50 49 47 47 46 45 42 42 42 39 39 39 37 37 37 35 34 32 29 27 27 27 27 26 26 26 25 25 24 22 22 21 15 15 15 15 15 15 14 14 14 13 12 12 12 12 12 12 12 12 11 10 10 10 10 8 8 8 8 8 7 6 3 3 3 3 3 3 3 3 3 3 3 3 3 3 3 3 3 3 2 2 2 1 1 1 1 1 
104 97 95 95 89 76 76 73 72 63 60 59 58 57 56 52 48 48 47 47 44 43 41 41 40 39 39 36 35 33 33 31 29 29 29 27 27 26 24 24 24 23 22 22 22 21 21 21 15 15 15 15 15 14 14 13 13 12 12 12 12 12 12 12 12 11 11 10 10 10 9 8 8 7 5 5 5 5 3 3 3 3 3 3 3 3 3 3 3 3 3 3 3 2 2 2 2 1 
103 96 92 92 83 75 75 71 67 63 58 58 58 53 53 50 48 47 46 44 44 42 40 40 40 37 37 35 33 32 31 29 27 26 25 24 23 23 22 21 21 20 20 20 20 20 20 17 15 15 15 15 14 14 14 13 13 12 12 12 12 12 12 12 11 11 10 10 10 9 8 7 5 5 4 4 3 3 3 3 3 3 3 2 2 2 2 2 2 2 2 2 2 2 2 1 1 
97 95 89 88 83 75 73 64 63 61 58 58 55 53 53 49 45 44 43 43 42 39 34 33 33 33 32 29 29 29 28 26 26 25 25 23 23 22 21 20 20 20 19 19 19 19 19 17 15 15 15 15 13 12 11 11 11 11 11 11 11 11 11 9 9 9 9 9 9 9 8 6 5 4 4 4 3 3 3 3 3 3 3 2 2 2 2 2 1 1 1 1 1 1 1 1 1 
92 90 87 86 83 75 70 62 60 59 57 55 55 53 53 49 43 43 43 40 40 39 33 33 32 31 31 29 28 28 27 26 25 24 24 22 22 21 20 20 19 19 19 19 18 16 16 15 14 14 14 12 12 11 11 11 11 11 11 10 9 9 9 8 8 8 8 8 8 8 7 6 4 4 4 4 3 3 3 3 3 3 2 2 2 2 2 2 1 1 1 1 1 
92 85 84 84 78 74 66 60 59 59 57 55 53 50 49 49 41 41 39 39 39 38 33 32 31 28 26 26 26 25 25 24 24 24 20 20 20 19 19 18 18 18 18 18 16 16 15 14 14 14 14 12 11 11 11 11 10 10 10 9 9 9 8 8 8 8 8 8 8 7 6 6 4 4 4 4 3 3 3 3 3 2 2 2 2 2 1 1 1 1 1 1 1 
90 84 79 77 76 68 66 60 57 56 56 53 50 46 46 46 41 40 39 39 35 33 33 28 28 27 26 25 25 25 24 24 21 21 20 20 19 19 19 18 18 18 17 17 16 15 14 14 14 13 13 12 11 10 10 10 10 10 9 9 8 8 8 8 8 8 7 7 6 6 5 5 4 4 4 4 3 3 3 3 3 2 2 1 1 1 
90 84 77 75 70 65 65 59 56 56 53 52 46 46 43 43 40 40 38 37 32 30 30 28 28 26 26 24 22 22 22 22 20 20 19 19 18 18 18 18 18 17 16 16 16 15 14 14 14 12 12 12 11 10 10 10 8 8 8 8 8 8 8 8 8 8 6 6 6 4 4 4 4 4 4 3 2 2 2 2 2 1 1 
90 79 71 71 68 65 65 59 56 53 52 51 45 45 43 42 40 38 38 35 31 29 28 28 26 26 24 23 22 22 21 20 20 19 18 18 18 17 17 16 16 16 16 15 15 14 14 14 14 12 11 11 11 10 10 10 8 8 8 8 8 8 8 8 8 8 6 6 5 4 4 4 4 4 4 3 1 1 1 1 1 
87 79 71 70 67 61 59 55 54 53 50 50 45 45 43 38 38 37 36 35 31 29 28 27 25 25 24 23 22 21 20 19 19 18 18 17 17 17 15 15 15 14 14 14 14 14 14 13 13 11 10 10 10 10 10 9 8 8 8 8 8 8 8 7 6 5 5 4 4 4 4 4 4 3 3 2 1 1 1 1 1 
83 73 71 68 66 61 59 55 53 53 50 49 45 41 40 38 38 37 33 31 30 27 25 24 24 24 22 22 21 20 20 19 19 18 18 17 16 16 15 14 14 13 13 13 13 12 12 12 11 10 10 10 8 8 8 7 6 6 6 6 6 6 6 6 6 5 5 4 4 4 4 4 3 3 2 1 1 1 1 
82 72 71 65 60 59 58 55 52 52 50 46 45 38 37 37 33 33 32 31 28 25 25 24 23 23 22 22 20 19 19 18 17 17 17 15 15 15 14 13 13 13 13 13 11 11 10 10 10 9 7 6 6 6 6 6 6 6 6 6 6 6 5 5 5 5 4 2 2 2 2 2 2 2 1 1 1 1 1 
82 71 67 64 60 56 55 55 52 50 48 45 44 38 37 33 33 31 31 30 28 25 25 24 22 21 21 21 19 19 19 17 16 14 14 14 13 13 13 13 12 12 12 11 11 9 9 9 9 9 7 6 6 6 6 6 6 6 6 6 6 5 5 5 4 4 3 2 2 2 2 2 2 2 1 1 1 1 1 
82 68 67 64 60 55 52 50 50 48 42 42 40 38 37 33 32 30 29 27 26 25 25 22 20 19 18 18 18 18 17 17 16 13 13 13 13 13 13 12 12 12 12 11 10 9 9 9 9 8 6 6 6 5 5 5 5 5 5 5 5 5 5 4 4 2 2 2 2 2 2 2 2 1 1 1 1 1 
82 68 64 56 55 53 52 50 50 48 41 40 40 38 37 33 29 28 28 27 26 25 22 19 18 17 17 17 17 17 16 16 16 13 13 13 13 12 12 12 11 11 11 10 10 9 9 9 8 7 6 6 5 5 5 5 5 5 5 5 5 5 5 4 4 2 2 1 1 1 1 1 1 1 1 1 
79 67 63 54 54 53 52 50 50 42 40 39 39 36 35 33 28 28 27 26 26 22 19 18 17 17 17 17 16 15 15 14 14 13 13 13 12 12 12 12 11 11 10 9 9 8 8 8 8 6 6 5 5 5 5 5 5 5 5 5 5 4 4 2 2 2 2 1 1 1 1 1 1 
77 66 57 54 54 52 50 49 46 42 40 39 39 36 35 32 27 27 27 25 24 21 19 17 17 17 17 15 14 14 14 13 13 12 12 12 11 11 11 11 10 10 9 8 8 8 8 7 5 5 5 5 5 5 5 5 5 3 3 3 3 3 2 1 1 1 1 1 1 1 1 1 
71 63 55 54 54 51 49 46 42 42 39 39 35 35 34 29 27 25 25 23 23 20 17 17 17 17 17 15 14 14 14 13 12 12 12 11 11 11 10 10 9 9 9 8 8 8 8 7 5 5 5 5 4 3 3 3 3 3 3 3 3 3 1 1 1 1 1 1 1 1 1 1 
70 61 55 54 54 50 49 43 39 38 36 36 35 32 31 28 26 25 25 23 20 18 17 17 17 17 14 14 14 13 12 12 12 10 10 10 10 10 10 10 9 9 9 8 8 7 6 6 5 5 5 5 4 3 3 3 3 3 3 3 3 3 1 1 1 1 1 1 1 1 1 1 
68 60 55 54 53 50 44 39 38 36 36 36 33 30 29 26 25 25 23 21 18 16 16 16 15 15 14 14 13 13 12 11 11 10 10 9 9 9 9 8 8 8 8 8 7 5 5 5 5 5 4 4 3 3 3 3 3 3 3 2 2 1 1 1 1 1 1 
67 60 55 54 52 45 40 38 37 34 34 34 33 30 29 25 25 23 22 21 17 16 14 14 14 14 12 12 11 11 11 9 9 9 9 9 9 9 9 8 8 8 8 8 6 5 5 5 5 5 4 4 3 3 3 3 3 3 2 1 1 1 1 1 1 1 
64 59 55 54 48 44 40 38 36 34 34 34 32 30 29 25 24 22 22 20 14 14 12 12 12 12 11 11 11 10 10 9 9 9 9 8 8 8 8 8 8 8 8 8 6 5 5 5 5 3 3 3 3 2 2 2 2 2 2 1 1 1 1 1 
58 58 55 49 45 44 39 37 36 34 34 32 31 29 28 25 24 22 22 20 14 13 12 12 11 11 11 10 10 10 10 9 9 9 9 8 8 8 8 8 8 7 7 7 5 5 5 5 5 3 3 3 2 2 1 1 1 1 1 1 1 1 1 1 
58 55 54 48 45 43 37 37 36 34 32 30 30 29 28 25 24 22 20 18 13 13 12 12 11 11 11 10 10 10 10 9 9 9 9 8 8 8 7 6 5 5 5 5 5 4 4 3 3 3 3 2 1 1 1 1 1 1 1 1 
58 52 49 48 44 37 36 36 34 34 31 29 29 27 26 25 24 22 19 17 13 13 12 11 11 10 10 10 10 9 9 9 9 9 8 8 8 6 6 6 5 5 3 3 3 3 3 3 3 3 3 2 1 1 1 1 1 1 1 1 
58 52 46 40 39 37 36 36 34 32 31 29 29 27 26 25 24 22 19 16 13 13 12 11 11 10 10 9 8 8 8 8 8 8 8 8 8 6 5 5 4 3 3 3 3 3 3 3 3 2 2 1 1 1 1 1 1 1 1 1 
54 50 45 39 39 37 36 36 34 32 30 25 25 25 25 24 24 22 18 16 13 12 12 10 10 10 10 8 8 8 8 8 8 8 8 7 5 5 4 4 4 3 3 3 3 3 3 2 2 2 2 1 1 1 1 1 1 
53 46 42 39 39 37 36 34 34 32 29 25 25 25 25 24 23 21 18 15 13 12 12 10 10 10 9 8 8 8 8 8 8 7 7 6 5 5 4 4 3 3 3 3 3 3 2 2 2 2 2 1 1 1 1 1 1 
48 46 42 39 39 36 36 34 33 26 26 24 24 24 23 21 21 21 18 14 12 12 12 10 10 10 9 8 8 8 7 7 7 7 7 6 5 4 4 3 3 3 3 3 2 2 2 2 2 2 2 1 1 1 
47 46 37 36 36 36 35 34 33 26 25 24 24 23 21 19 19 19 16 13 12 12 12 10 10 8 8 8 7 7 7 7 7 7 5 4 4 4 4 3 3 3 3 2 2 2 2 1 1 1 1 1 1 
45 45 37 36 36 35 34 34 32 26 25 23 23 22 18 18 17 17 16 12 12 12 12 10 9 8 8 7 7 7 7 7 7 7 4 4 4 4 3 3 2 2 2 2 2 2 1 1 1 1 1 1 1 
44 44 36 36 35 35 34 34 32 25 25 23 22 22 18 17 17 17 14 12 10 9 9 9 9 8 8 7 7 7 6 6 5 5 4 4 3 3 3 3 2 2 2 2 1 1 1 1 1 1 1 1 1 
44 43 36 35 35 34 34 32 30 25 25 23 22 22 18 17 17 17 13 12 9 9 9 9 9 8 7 7 7 7 6 6 5 5 4 3 3 3 3 2 1 1 1 1 1 1 1 1 1 1 1 1 
44 42 36 35 34 34 32 30 29 25 25 23 22 21 18 17 17 16 13 12 9 9 9 8 8 8 7 7 7 5 5 4 4 3 3 3 2 1 1 1 1 1 1 1 1 1 1 1 1 1 1 
44 41 36 35 34 32 30 30 29 25 23 23 21 21 18 17 17 16 12 12 9 9 9 8 8 8 7 7 7 5 5 4 4 3 3 3 2 1 1 1 1 1 1 1 1 1 1 1 1 
44 41 34 33 33 32 29 29 29 24 23 21 21 20 18 17 13 13 12 11 9 9 8 8 8 8 7 7 6 5 5 4 4 2 2 1 1 1 1 1 1 1 1 1 1 1 1 1 
43 40 34 33 32 31 29 29 27 24 23 21 21 17 17 16 13 13 12 11 9 9 8 8 8 8 6 5 5 5 5 4 4 2 1 1 1 1 1 1 1 1 1 1 1 
43 39 33 33 32 29 29 29 27 24 23 21 21 17 17 16 13 13 12 11 9 8 8 8 8 7 5 5 5 5 4 4 3 1 1 1 1 1 1 1 1 1 1 1 
43 39 33 33 32 29 28 27 26 23 21 21 20 16 16 14 13 12 12 11 9 8 8 8 6 6 5 5 5 4 4 4 3 1 1 1 1 1 1 1 1 1 1 
40 34 33 31 29 29 27 26 24 22 21 21 20 16 16 14 12 11 11 10 9 8 8 8 6 5 5 4 4 4 3 2 2 1 1 1 1 1 1 1 1 1 
36 33 32 29 29 29 27 25 24 22 21 21 19 16 16 14 12 10 10 10 8 8 7 6 5 5 5 4 4 3 3 2 1 1 1 1 1 1 1 1 1 1 
35 33 32 28 28 27 24 24 23 22 21 20 18 16 14 14 11 9 9 9 8 7 7 5 5 5 5 4 4 3 3 2 1 1 1 1 1 1 1 1 1 
35 33 31 28 28 27 24 23 22 20 20 19 17 16 14 12 10 9 9 9 8 7 7 5 5 4 4 4 2 2 1 1 1 1 1 1 1 1 1 
35 33 29 28 27 26 24 23 21 20 19 18 17 13 13 12 10 9 9 8 8 7 7 5 4 4 4 2 2 2 1 1 1 1 1 1 1 
33 32 29 26 25 25 19 19 19 19 18 18 17 13 13 10 10 9 8 8 7 7 7 5 4 4 4 2 2 2 1 1 1 1 1 1 
31 31 29 25 24 24 19 19 19 19 18 17 15 13 13 10 10 8 8 8 7 6 6 5 4 4 2 2 2 1 1 1 1 1 1 
31 28 28 25 24 22 19 19 19 18 17 16 15 13 13 10 9 8 8 7 7 6 5 5 4 3 2 2 2 1 1 
30 27 25 23 22 22 19 19 19 17 17 16 15 13 13 10 9 8 8 7 7 6 4 4 3 3 2 2 1 1 
28 23 23 23 22 22 19 19 18 17 17 16 14 13 12 10 9 8 8 7 7 4 4 4 3 3 2 2 1 1 
27 23 22 22 21 20 19 19 18 15 15 15 13 12 12 10 9 8 8 7 7 4 4 4 3 3 1 1 1 1 
27 22 22 22 21 20 19 19 17 15 14 13 13 12 11 10 9 8 8 7 7 4 4 4 3 3 1 1 1 
27 22 22 22 20 20 19 18 17 13 12 12 12 12 10 8 8 8 8 7 6 4 4 4 3 2 1 1 1 
27 22 22 20 20 20 19 16 16 12 12 12 11 11 10 8 8 8 7 7 6 4 4 3 3 2 1 1 1 
23 22 20 20 20 17 17 16 16 12 12 12 11 11 9 8 8 7 7 7 6 4 4 3 2 1 1 1 1 
23 22 20 20 20 17 17 16 16 12 12 12 10 10 9 8 6 6 6 6 4 4 3 3 2 1 1 1 1 
23 21 20 20 20 17 16 15 15 12 10 9 9 9 9 7 6 6 6 5 4 4 2 2 2 1 1 
23 21 20 19 18 14 14 14 14 12 10 9 9 9 9 7 6 6 5 5 4 3 2 2 2 1 1 
23 21 20 19 16 13 13 13 13 11 9 9 9 9 7 7 6 5 5 5 3 3 2 2 1 1 1 
23 21 20 17 14 13 13 13 12 11 9 9 9 9 7 7 6 5 5 4 3 3 2 1 1 1 1 
23 21 20 16 13 13 12 12 12 9 9 8 8 6 6 6 5 4 4 2 2 2 2 1 1 1 
23 21 20 16 13 11 11 11 10 9 8 7 6 6 5 5 5 4 3 2 2 2 2 1 1 
23 21 20 15 13 11 11 10 9 9 7 5 5 5 5 5 4 4 3 2 2 2 2 1 1 
23 21 17 14 13 11 10 10 8 6 6 5 5 5 5 4 3 3 3 2 2 2 2 1 
23 19 16 12 12 10 10 8 8 6 6 5 5 5 5 4 3 3 3 2 2 2 2 1 
22 19 15 12 12 10 8 8 8 6 6 5 5 5 5 4 3 3 3 2 2 2 2 1 
21 19 13 12 12 8 7 7 7 6 6 5 5 5 4 4 3 3 3 2 2 2 1 
21 19 13 12 12 7 7 7 7 6 5 5 5 4 4 3 2 2 2 2 2 2 1 
20 19 13 12 12 7 7 7 6 6 5 5 4 3 3 3 2 2 2 2 2 1 
20 19 13 12 12 7 7 7 6 6 5 4 4 3 2 2 2 2 2 1 1 1 
18 18 13 11 10 7 7 6 3 3 3 3 3 3 2 2 2 2 1 1 1 1 
18 18 13 9 8 6 6 3 3 3 3 3 3 3 2 2 2 2 1 1 1 
18 17 13 9 8 6 6 3 3 3 3 3 3 3 2 2 2 2 1 1 1 
18 16 12 8 7 6 5 3 3 3 3 3 3 3 2 2 2 2 1 
18 15 10 8 7 5 3 3 3 3 3 3 3 3 2 2 2 2 1 
18 15 9 8 5 5 3 3 3 3 3 3 2 2 2 1 1 1 1 
18 15 9 7 5 5 3 3 3 3 3 3 2 2 2 1 1 1 1 
17 15 9 7 5 5 3 3 3 3 3 2 2 2 1 1 1 1 
16 12 9 7 5 5 3 3 3 3 3 2 2 1 1 1 1 1 
16 12 9 7 5 3 3 3 3 2 2 2 2 1 1 1 
16 12 9 7 5 3 3 3 3 2 2 2 2 1 1 1 
15 12 9 7 5 3 3 2 2 2 2 2 2 1 1 
15 12 9 7 5 3 3 2 2 2 2 2 2 1 1 
14 12 8 7 3 3 3 2 2 2 2 2 2 1 1 
13 11 8 7 3 3 3 2 2 2 2 2 1 1 1 
12 10 8 7 3 3 3 2 2 2 2 2 1 1 1 
12 10 8 7 3 3 3 2 2 2 2 2 1 1 
12 10 8 7 3 3 3 2 2 2 2 2 1 
12 8 7 7 3 3 3 2 2 2 2 2 
11 8 7 6 3 3 3 2 2 2 2 2 
11 8 7 6 3 3 3 2 2 2 2 2 
11 8 6 6 3 3 3 2 2 2 2 2 
11 8 6 6 3 3 2 2 2 2 2 1 
9 8 6 6 3 3 2 2 2 2 2 1 
9 8 6 5 3 3 2 2 2 2 2 1 
9 8 6 5 3 3 2 2 2 2 2 1 
9 8 6 4 3 3 2 2 2 2 1 1 
8 8 6 4 3 3 2 2 1 1 1 1 
8 8 6 4 3 3 2 2 1 1 1 1 
8 8 6 3 3 3 2 2 1 1 1 1 
8 6 5 3 3 3 2 2 1 1 1 
6 6 5 3 3 3 2 1 1 1 1 
6 6 5 3 3 3 2 1 1 1 1 
6 6 5 3 3 2 2 1 1 1 1 
6 6 5 3 3 2 2 1 1 1 1 
6 6 5 3 3 2 1 1 1 1 1 
6 5 5 3 3 2 1 1 1 1 1 
6 5 5 2 2 2 1 1 1 1 1 
6 5 3 2 2 2 1 1 1 
6 5 3 2 2 1 1 1 
6 5 3 2 2 1 1 1 
6 5 2 2 2 1 1 1 
6 5 2 2 2 1 1 1 
6 5 2 2 2 1 1 
6 5 2 2 2 1 1 
4 2 2 2 2 1 
4 2 2 2 2 1 
4 2 2 2 2 1 
4 2 2 2 1 
3 2 2 2 1 
3 2 2 2 1 
3 2 2 2 
3 2 2 2 
3 2 2 2 
2 2 2 2 
2 2 2 
2 2 2 
2 1 1 
2 1 1 
2 1 1 
2 1 1 
2 1 1 
2 1 1 
2 1 1 
2 1 1 
2 1 1 
1 1 1 
1 1 1 
1 1 
1 1 
1 1 
1 1 
1 1 
1 1 
1 1 
1 1 
1 1 
1 1 
1 
1 
1 
1 
1 
1 
1 
1 
1 
1 
1 
1 
1 
