187 146 144 139 135 126 110 108 108 107 106 101 100 98 98 95 91 91 91 90 89 86 84 80 68 68 68 68 68 68 64 64 63 63 62 60 58 55 54 51 50 50 50 49 47 47 44 44 44 44 41 40 39 39 38 38 37 36 36 36 35 35 30 30 30 29 29 28 28 26 25 25 24 24 24 24 23 23 22 21 19 19 19 19 19 19 18 17 17 17 17 17 17 16 16 16 16 15 14 13 13 13 12 12 11 11 11 11 10 10 10 9 9 9 9 9 9 8 8 8 7 7 6 6 6 6 6 6 5 5 5 5 4 4 4 3 3 3 3 3 3 3 3 3 2 2 2 2 2 2 2 2 2 2 1 1 1 1 1 1 1 1 1 1 1 1 1 1 1 1 1 1 1 1 1 1 1 1 1 1 1 1 1 1 1 
174 137 134 134 129 121 108 108 107 106 100 100 99 91 91 89 89 88 86 84 81 81 80 72 68 67 63 61 61 61 61 56 56 53 53 53 53 51 49 48 48 45 43 43 37 36 36 36 35 35 32 31 31 31 30 29 29 28 28 28 27 27 27 27 27 25 22 22 21 21 21 21 18 17 17 17 17 17 17 17 16 15 15 15 15 15 15 15 15 15 14 14 14 14 14 14 12 11 11 11 11 11 10 10 10 9 9 9 9 9 8 8 8 8 7 6 6 6 6 6 5 5 5 4 4 4 4 4 4 4 4 3 3 3 3 3 3 3 2 2 2 2 2 2 2 2 1 1 1 1 1 1 1 1 1 1 1 1 1 1 1 1 1 
140 127 123 123 118 118 108 106 92 92 81 81 79 79 77 77 77 75 73 72 71 69 68 64 61 59 59 52 51 51 49 48 46 46 46 46 45 45 45 45 42 40 40 38 37 36 36 35 35 31 31 31 30 30 30 29 27 27 26 26 26 26 26 25 24 23 22 22 19 18 18 16 16 16 16 16 16 16 16 16 16 15 15 15 15 14 14 14 14 12 12 12 12 12 12 12 11 10 10 10 10 10 10 8 8 8 8 8 8 7 7 7 7 6 6 6 6 5 5 4 3 3 3 3 3 3 3 3 3 2 2 2 2 2 2 2 2 2 2 2 2 
140 126 112 109 106 105 105 102 92 88 80 77 77 76 75 73 73 70 69 67 66 66 65 60 58 54 51 51 49 48 47 46 45 45 45 44 43 41 38 38 36 36 35 35 33 33 33 32 31 30 30 28 28 27 25 25 25 25 23 20 20 20 20 20 20 20 20 17 17 17 17 16 16 16 16 16 15 14 14 12 12 12 11 11 11 11 11 11 11 11 10 10 10 10 9 9 9 9 9 9 9 8 8 8 7 7 6 5 5 5 5 5 5 4 4 4 4 3 3 3 3 3 3 3 2 2 2 2 1 1 1 1 1 1 1 1 1 1 1 1 1 
123 114 112 108 106 104 99 99 88 87 80 75 75 75 73 71 71 68 68 62 59 59 56 56 56 53 50 50 48 48 44 44 44 43 43 43 42 41 37 35 34 34 33 33 30 29 27 26 26 26 25 25 25 25 24 24 23 20 20 20 20 20 20 20 18 18 18 15 15 15 15 14 14 14 14 14 14 11 10 10 10 10 10 10 10 10 10 10 10 9 8 8 7 7 7 7 7 6 6 6 6 6 6 5 5 4 4 4 4 4 4 4 3 3 3 3 2 2 2 2 2 2 2 1 1 1 
118 113 90 90 88 84 83 83 81 80 79 75 72 71 71 71 70 68 66 62 59 58 56 56 55 52 49 48 47 46 44 43 43 40 40 39 39 39 37 35 34 34 33 33 25 25 25 25 25 25 24 24 24 24 24 24 20 20 20 20 20 19 19 19 16 15 14 14 13 13 13 13 13 13 13 13 10 10 10 10 10 10 9 8 8 6 6 6 6 6 6 5 5 5 5 5 5 5 5 5 5 4 4 4 4 4 3 3 3 2 2 2 2 2 2 2 2 1 1 1 1 1 1 1 1 1 
117 113 88 87 83 83 82 82 77 76 76 75 71 71 65 65 65 65 64 61 57 57 55 54 49 49 48 47 47 46 42 41 41 40 39 39 39 36 35 34 31 31 31 30 25 25 25 25 24 24 24 23 23 22 22 21 20 20 20 20 19 18 16 14 14 14 13 12 12 12 11 11 11 11 10 10 9 9 9 9 8 8 8 8 7 6 6 6 6 5 5 5 4 3 3 3 3 3 3 3 3 3 3 3 2 2 2 2 2 2 1 1 1 1 1 1 1 1 1 1 1 1 1 
116 101 88 85 83 83 82 79 77 73 73 70 65 65 64 64 64 58 57 57 56 54 52 47 47 46 44 43 43 42 39 38 37 37 36 36 34 34 33 31 31 30 30 30 25 25 25 24 24 24 24 23 23 21 21 20 20 20 19 18 16 16 15 13 12 12 12 12 9 8 8 8 8 8 7 7 7 7 7 7 6 6 5 5 5 5 5 3 3 3 3 3 3 3 3 3 2 2 2 2 2 2 1 1 1 1 1 1 1 1 1 1 1 1 1 1 1 
116 97 87 82 79 77 76 75 75 71 70 69 65 65 64 59 59 58 56 53 53 53 49 47 44 44 43 43 40 37 37 37 37 36 34 34 34 33 32 30 30 27 26 26 25 25 25 24 24 24 24 23 19 19 18 17 16 16 16 15 13 12 12 12 11 8 6 6 6 5 5 5 5 5 5 5 5 5 5 5 5 5 4 4 4 4 3 3 3 3 2 2 2 2 2 1 1 1 1 1 1 1 1 1 1 1 1 1 1 1 1 1 1 1 
116 97 86 82 78 75 75 75 72 67 67 67 65 58 58 58 56 56 54 52 52 48 47 44 44 44 41 39 38 37 36 35 34 34 33 31 31 30 29 26 26 26 25 25 25 25 23 22 21 21 20 20 19 18 18 17 14 14 14 14 11 10 10 10 7 5 5 5 5 5 5 5 5 5 5 5 5 5 5 5 5 4 4 4 4 4 3 2 2 2 2 2 1 1 1 1 1 1 1 1 1 1 1 1 1 1 1 1 
106 95 83 82 78 75 75 73 71 67 64 62 59 52 52 52 51 49 49 48 48 47 46 44 40 40 40 37 36 34 33 33 32 32 31 31 30 29 26 26 26 25 25 24 24 24 22 21 20 20 20 20 18 18 16 16 14 14 14 14 8 8 7 7 5 5 5 5 5 5 5 5 5 5 5 5 5 4 4 4 4 4 3 3 2 2 2 2 2 2 2 1 1 1 1 1 1 1 1 1 1 1 1 1 1 1 1 1 
105 93 77 77 77 75 75 68 67 64 61 60 54 52 51 51 48 46 45 45 44 44 44 42 40 40 40 37 36 33 33 32 32 32 30 30 28 28 26 26 26 24 24 24 23 22 21 21 20 20 19 19 16 16 14 14 13 9 9 9 8 7 7 6 5 5 5 5 5 5 5 5 5 5 4 4 4 4 4 3 3 3 2 2 2 2 2 2 2 1 1 1 1 1 1 1 1 1 1 1 1 1 
105 90 77 74 74 71 71 67 62 62 61 59 52 51 49 49 46 46 44 44 44 43 41 41 39 39 36 35 34 33 32 31 31 31 29 28 28 27 25 25 25 24 24 21 21 20 19 19 19 17 16 16 16 16 13 13 13 9 9 9 8 7 7 6 5 5 5 5 5 5 5 5 5 5 4 4 4 4 4 3 3 3 2 2 2 2 2 2 2 1 1 1 1 1 1 1 1 1 1 1 1 1 
104 88 76 72 71 71 69 63 59 59 59 59 51 48 46 46 45 44 44 42 39 39 39 38 37 37 35 35 34 33 31 29 29 29 29 27 27 26 25 25 24 20 20 20 20 20 19 19 18 17 13 13 12 12 11 11 11 9 9 8 7 7 7 6 5 5 5 5 5 5 5 5 5 5 4 4 4 3 3 2 2 2 1 1 1 1 1 1 1 1 1 1 1 1 1 1 1 1 1 1 
100 87 76 72 71 71 67 61 58 58 57 56 51 46 46 44 43 43 43 41 39 37 36 35 34 34 34 34 33 32 31 29 29 27 25 25 21 20 20 20 20 18 18 18 18 17 17 17 17 15 13 13 12 12 11 11 11 9 8 6 6 6 6 5 5 5 5 5 5 5 5 3 3 3 3 2 2 2 2 1 1 1 1 1 1 1 1 1 1 1 1 1 1 1 1 1 
94 87 76 72 71 69 62 61 58 58 56 55 51 46 44 44 43 43 42 41 39 37 36 35 34 34 34 33 32 32 31 29 29 26 24 21 21 20 20 19 18 18 18 18 18 17 16 16 16 14 12 12 11 11 11 11 10 8 8 6 6 6 6 5 5 5 5 5 5 4 4 3 3 3 1 1 1 1 1 1 1 1 1 1 1 1 1 1 1 1 1 1 1 1 
91 83 73 70 69 65 60 59 58 53 52 50 47 46 44 44 43 43 39 38 38 34 34 34 33 31 30 30 30 29 28 28 28 24 20 20 20 20 17 17 17 17 16 16 16 16 15 14 13 13 11 11 10 10 10 9 7 6 6 6 6 6 6 5 5 4 4 2 2 2 2 1 1 1 1 1 1 1 1 1 1 1 1 1 1 1 1 1 1 1 1 1 1 1 
82 80 73 68 66 61 60 58 58 49 49 48 46 45 43 42 42 41 38 38 36 34 31 30 30 30 30 29 29 29 27 27 26 22 20 19 18 18 17 17 16 16 16 16 16 15 14 14 13 12 11 11 10 10 9 8 7 6 6 6 6 5 4 4 4 3 2 1 1 1 1 1 1 1 1 1 1 1 1 1 1 1 1 1 1 1 1 1 1 1 1 
79 78 71 68 63 61 60 58 54 49 49 48 44 44 42 42 41 40 38 38 35 33 29 28 28 28 28 28 28 28 27 26 23 20 19 18 18 17 17 17 16 16 16 16 15 15 14 13 13 12 10 10 9 7 7 7 7 6 6 5 4 4 3 3 3 2 2 1 1 1 1 1 1 1 1 1 1 1 1 1 1 1 1 1 1 1 
78 78 71 66 61 60 58 55 52 48 48 45 41 41 41 40 39 39 37 35 34 33 28 28 28 28 27 27 25 25 25 22 22 19 19 17 17 17 16 16 15 15 14 14 13 13 13 13 13 12 10 10 9 7 7 7 7 6 6 5 4 4 3 3 3 2 1 1 1 1 1 1 1 1 1 1 1 1 1 1 1 1 1 1 
78 70 70 62 60 57 56 50 49 48 45 44 41 41 41 40 37 35 35 33 33 31 28 28 28 28 27 27 25 25 25 22 20 19 19 17 17 15 15 15 13 13 13 13 13 13 12 10 10 10 10 9 8 7 7 7 5 5 5 5 4 4 3 3 1 1 1 1 1 1 1 1 1 1 1 1 1 1 1 1 
77 69 69 60 57 54 51 50 49 47 44 44 41 41 40 39 33 33 33 32 32 30 28 28 28 27 27 25 25 23 21 20 18 18 18 17 15 15 14 13 13 13 13 13 13 12 10 9 9 9 9 7 7 5 5 5 5 5 4 4 4 4 3 3 1 1 1 1 1 1 1 1 1 1 1 1 1 1 1 
74 68 65 60 57 54 50 48 48 46 44 44 40 40 40 36 33 33 33 31 31 30 28 28 28 27 26 25 24 23 20 19 18 18 17 17 15 14 14 13 13 13 10 10 10 10 10 9 9 9 8 7 5 5 4 4 4 3 2 2 2 2 2 1 1 1 1 1 1 1 1 1 1 1 1 1 1 1 1 
74 66 65 60 57 52 50 47 47 44 44 42 40 36 35 35 33 31 30 30 30 30 28 28 26 25 24 24 23 21 19 17 17 16 16 16 14 13 13 13 11 11 10 10 10 10 9 9 8 8 8 5 5 3 3 3 2 2 2 2 1 1 1 1 1 1 1 1 1 1 1 1 1 1 
74 65 60 60 57 52 46 46 45 42 42 41 35 35 35 32 30 30 30 30 30 28 28 26 26 25 24 23 21 20 19 17 17 15 14 14 14 13 12 11 11 11 10 10 10 9 9 8 8 8 8 5 5 3 3 2 2 2 2 1 1 1 1 1 1 1 1 1 1 1 1 1 
71 65 58 53 53 51 46 45 42 42 41 41 35 32 32 32 30 30 29 29 29 28 27 26 24 24 22 22 20 20 18 17 16 14 14 14 14 11 10 10 10 10 10 10 10 9 9 8 7 7 7 5 5 3 3 2 1 1 1 1 1 1 1 1 1 1 1 1 1 1 1 1 
71 65 58 53 52 50 46 44 42 41 41 38 35 32 32 30 30 29 29 28 27 27 25 24 23 22 22 22 20 19 16 16 15 14 13 13 13 11 10 10 9 8 8 8 7 7 7 7 7 7 5 5 4 3 3 2 1 1 1 1 1 1 1 1 1 1 1 1 1 1 1 1 
70 65 57 53 50 50 45 43 42 39 38 36 33 32 31 30 27 27 27 27 26 25 24 23 23 21 21 21 19 18 16 16 15 13 13 10 10 9 9 9 8 8 8 7 7 7 7 7 7 6 5 5 4 3 3 1 1 1 1 1 1 1 1 1 1 1 1 1 1 1 1 1 
70 65 57 50 48 48 45 43 40 37 37 33 31 31 30 27 27 26 26 26 24 24 24 23 22 21 21 20 19 16 16 14 14 13 12 10 9 9 9 9 7 7 7 7 7 6 6 5 5 5 5 5 2 2 2 1 1 1 1 1 1 1 1 1 1 1 1 1 1 1 1 1 
64 59 57 48 47 46 45 43 38 36 34 31 29 28 28 27 26 26 26 25 24 24 23 22 20 20 19 18 14 14 14 14 14 13 10 10 9 9 8 8 7 6 6 5 5 5 5 5 5 4 3 3 2 2 2 1 1 1 1 1 1 1 1 1 1 1 1 1 1 
61 57 57 46 46 46 44 43 37 33 33 30 29 27 27 27 26 26 25 25 24 23 22 21 19 19 17 17 14 14 14 13 11 11 10 9 9 9 8 8 6 6 5 5 5 5 4 4 3 3 3 3 2 2 2 1 1 1 1 1 1 1 1 1 1 1 
59 56 54 46 46 45 44 42 37 33 33 30 29 27 27 26 26 26 25 23 23 22 21 21 19 16 16 16 14 14 13 13 11 10 9 9 8 7 7 7 6 5 5 5 5 4 4 4 3 3 3 3 2 2 2 1 1 1 1 1 1 1 1 1 1 1 
57 54 53 46 46 44 43 40 37 33 31 29 28 27 27 26 24 23 23 23 21 21 21 20 19 16 15 14 14 13 12 12 11 10 9 9 6 6 5 5 5 5 5 5 4 4 4 4 3 3 3 3 2 2 1 1 1 1 1 1 1 1 1 1 1 1 
55 53 53 46 45 44 41 37 36 29 29 28 28 27 26 25 24 23 23 23 21 21 20 19 17 16 15 14 13 12 11 11 11 8 7 7 6 5 5 5 5 5 5 4 4 4 4 4 3 3 3 3 2 2 1 1 1 1 1 1 1 1 1 1 1 
55 52 51 45 45 43 40 37 35 28 28 28 28 27 26 25 22 21 21 20 19 19 19 17 16 16 15 14 12 12 11 10 10 7 7 7 5 5 5 5 5 5 5 4 3 3 3 3 3 3 3 2 2 2 1 1 1 1 1 1 1 
54 50 50 45 44 41 40 37 35 28 28 28 27 23 23 22 22 19 18 17 17 17 17 17 16 16 14 13 12 11 10 10 9 7 6 6 5 5 5 5 5 5 5 4 3 3 3 3 3 3 2 2 1 1 1 1 1 1 1 
54 50 50 45 43 41 37 33 32 28 27 27 27 23 22 21 18 18 18 17 17 17 17 16 15 14 13 12 10 10 9 7 7 6 6 6 5 4 4 4 4 4 4 4 3 3 3 3 2 2 1 1 1 1 1 1 1 1 
51 50 47 45 42 37 36 33 32 28 27 27 27 23 22 19 18 17 17 17 16 16 15 15 12 11 11 10 9 9 9 7 7 6 6 5 5 4 4 4 4 3 3 3 3 3 2 2 2 1 1 1 1 1 1 1 
49 48 47 36 36 36 31 29 28 28 26 24 24 21 19 16 16 16 16 14 14 13 10 10 10 10 9 9 9 8 8 7 7 6 6 5 4 4 4 4 4 3 3 3 3 2 2 2 2 1 1 1 1 1 
48 48 44 36 35 30 30 29 27 26 25 24 24 18 18 16 16 16 16 13 12 11 10 10 10 9 9 9 9 8 8 7 6 5 5 5 4 4 4 4 4 3 3 2 2 2 2 2 2 1 1 1 1 
48 44 42 36 34 30 30 27 25 25 25 24 24 18 18 16 15 15 13 13 10 9 9 9 9 9 9 9 8 7 7 7 5 5 5 4 4 4 4 4 3 3 3 2 2 2 2 2 2 1 
48 43 41 35 33 29 28 27 25 22 22 22 22 18 16 16 14 12 10 10 10 9 9 9 9 9 8 8 8 7 7 7 5 5 5 4 4 3 3 3 3 3 3 1 1 1 1 1 1 
45 41 40 31 31 29 26 26 25 22 22 22 22 18 16 13 13 12 9 9 9 9 9 9 9 9 8 8 7 7 6 4 4 4 4 4 4 3 3 3 2 1 1 1 1 1 1 1 1 
45 38 38 29 29 28 26 25 24 22 21 21 21 17 15 13 12 12 9 9 9 9 9 8 7 7 7 7 7 6 4 4 4 4 4 4 4 3 2 2 2 1 1 1 1 1 
45 37 37 29 29 28 26 25 24 22 21 21 20 17 15 11 11 11 9 9 9 9 9 8 7 7 7 5 5 5 4 4 4 4 4 4 3 2 2 2 2 1 1 1 1 1 
44 37 35 29 29 27 26 25 24 18 17 17 16 15 15 11 10 10 9 9 8 8 7 7 7 7 7 5 5 4 4 4 4 4 4 4 3 2 2 2 2 1 1 1 1 
43 37 32 29 27 26 25 25 24 18 16 16 15 15 15 11 10 10 9 9 8 8 7 7 7 7 5 5 5 4 4 4 4 4 4 3 3 2 2 2 2 1 1 1 1 
43 37 32 29 27 25 23 23 23 17 16 16 15 14 14 11 10 10 9 9 8 8 7 7 7 5 5 5 5 4 4 4 4 4 3 2 2 2 2 2 2 1 1 1 1 
41 37 32 29 27 25 22 21 21 16 16 16 15 14 12 10 10 9 9 9 8 7 7 7 7 5 5 5 4 4 4 4 3 3 3 2 2 2 2 2 1 1 1 1 1 
40 37 29 28 26 24 22 21 21 16 16 16 14 14 12 10 10 9 9 9 8 7 7 7 7 5 5 5 4 4 4 4 3 3 3 2 2 2 2 1 1 1 1 1 1 
40 37 27 25 25 23 22 21 19 16 15 15 14 12 10 9 9 9 8 8 8 7 7 7 6 5 5 5 4 4 3 3 3 2 2 2 2 2 2 1 1 1 1 1 1 
40 35 27 25 25 23 21 19 19 16 15 14 14 12 10 9 8 8 7 7 7 7 6 6 6 5 5 5 3 3 3 3 2 2 2 2 2 2 1 1 1 1 1 
40 35 26 25 25 22 20 16 16 15 15 9 9 9 9 9 8 7 7 7 7 7 6 6 5 5 4 3 3 3 3 2 2 2 2 2 2 1 1 1 1 1 
40 35 26 24 23 22 19 15 15 13 13 9 9 8 8 8 8 7 7 7 7 7 5 5 5 5 4 3 3 3 2 2 2 2 2 2 2 1 1 
39 34 26 23 22 22 19 15 15 13 13 9 8 8 8 8 8 7 7 7 7 6 5 5 5 3 3 3 3 2 2 2 2 2 2 2 1 1 1 
37 34 25 23 22 21 18 15 14 12 8 8 8 8 8 8 8 7 6 6 6 6 5 5 3 3 3 3 3 2 2 2 2 2 2 2 1 1 
37 34 24 23 22 17 17 14 14 9 8 8 8 8 8 8 7 7 6 6 6 6 5 5 3 3 3 3 2 2 2 2 2 2 2 1 1 1 
36 34 24 23 22 17 17 12 11 9 8 8 8 8 8 8 7 7 6 6 6 5 5 5 3 3 3 2 2 2 2 2 2 2 1 1 1 
36 34 24 23 20 16 14 12 10 9 8 8 8 8 8 8 7 7 6 6 6 5 5 4 2 2 2 2 2 2 2 2 2 1 1 1 1 
36 33 23 23 20 16 13 11 10 9 8 8 8 8 8 8 7 7 6 6 5 5 4 3 2 2 2 2 2 2 2 2 1 1 1 1 
36 32 23 22 19 12 11 11 10 9 8 8 8 8 7 7 7 6 6 6 5 3 3 3 2 2 2 2 2 2 2 2 1 1 1 1 
35 31 21 20 19 12 11 11 10 9 8 8 8 8 7 6 6 5 5 5 4 3 3 3 2 2 2 2 2 2 2 1 1 1 
34 31 20 20 17 12 11 11 10 8 8 8 8 8 6 5 5 5 5 5 4 3 3 3 2 2 2 2 2 1 1 
34 31 20 19 17 11 11 9 9 8 8 8 8 8 6 5 5 5 5 4 3 3 3 2 2 2 2 2 1 1 1 
34 31 20 18 17 11 11 8 8 8 8 8 8 8 6 5 5 5 5 3 3 3 3 2 2 2 2 2 1 1 1 
32 30 19 18 17 11 8 8 8 8 8 8 8 8 6 5 5 5 5 3 3 3 3 2 2 2 2 2 1 1 1 
32 29 19 18 17 11 8 8 8 8 8 8 8 7 6 5 5 5 5 3 3 3 3 2 2 2 2 1 1 1 1 
32 28 19 17 17 11 8 8 8 8 8 8 8 7 6 5 5 5 4 3 3 3 3 2 2 2 1 1 1 1 
32 28 18 16 15 9 8 8 8 8 8 8 8 7 6 5 5 5 4 3 3 3 3 2 2 1 1 1 1 1 
31 25 18 16 14 9 8 8 8 8 8 8 8 6 6 5 5 5 4 3 3 3 3 2 1 1 1 1 
30 25 17 15 14 9 8 8 8 8 8 8 7 6 5 5 5 5 4 3 3 1 1 1 1 1 1 1 
30 24 17 15 14 9 8 8 8 8 7 7 6 6 5 5 5 5 4 3 3 1 1 1 1 1 1 
29 22 17 15 14 9 8 8 8 6 6 6 6 6 5 5 5 4 3 3 2 1 1 1 1 1 1 
29 22 16 14 14 9 8 8 8 6 6 6 5 5 5 5 4 4 3 2 2 1 1 1 
29 22 16 14 13 9 8 8 8 6 6 6 4 4 4 4 4 4 3 2 2 1 1 1 
28 20 14 14 13 9 8 8 7 6 6 6 4 4 4 4 4 4 2 1 1 1 1 1 
28 20 14 14 13 8 8 8 7 5 5 5 4 4 4 4 3 3 2 1 1 1 1 1 
26 20 14 14 13 8 8 8 7 5 3 3 3 3 3 3 2 1 1 1 1 1 1 1 
26 20 14 14 12 8 8 8 7 5 3 3 3 3 3 3 2 1 1 1 1 1 1 
26 20 14 14 12 8 8 8 7 5 3 3 3 3 3 3 2 1 1 1 1 1 1 
26 20 14 13 11 8 8 8 7 3 3 3 3 3 3 3 2 1 1 1 1 1 1 
26 20 13 13 11 8 8 8 6 3 3 3 3 3 3 3 2 1 1 1 1 1 
23 19 13 13 11 8 8 6 4 3 3 3 3 3 2 1 1 1 1 1 1 1 
22 18 13 13 10 8 7 6 4 3 3 3 3 3 2 1 1 1 1 1 1 1 
22 18 13 12 10 8 7 6 3 3 3 3 3 3 1 1 1 1 1 1 1 1 
21 17 12 10 9 8 6 5 3 3 3 3 3 3 1 1 1 1 1 1 1 
21 17 11 10 8 6 5 5 3 3 3 3 3 2 1 1 1 1 1 1 
20 17 11 10 8 6 5 5 3 3 3 3 2 2 1 1 1 1 1 1 
20 16 11 9 8 6 5 5 3 3 3 3 2 1 1 1 1 1 1 
19 15 11 8 8 5 5 4 3 3 2 2 1 1 1 1 1 1 1 
19 14 11 8 8 5 5 4 3 3 2 2 1 1 1 1 1 1 
19 13 11 8 8 5 5 4 3 2 2 1 1 1 1 1 1 1 
19 13 11 8 8 5 5 4 3 2 2 1 1 1 1 1 
19 13 11 8 8 5 5 3 3 2 2 1 1 1 
19 12 8 7 6 5 3 3 3 2 2 1 1 1 
17 12 8 7 6 5 3 3 3 2 1 1 1 1 
17 12 8 6 5 4 3 3 3 2 1 1 1 1 
17 11 6 6 5 4 3 3 3 2 1 1 1 1 
17 11 6 6 4 4 3 3 3 1 1 1 1 
15 10 6 6 4 3 3 3 3 1 1 1 1 
15 10 6 6 4 3 3 3 2 1 1 1 1 
14 10 6 6 4 3 3 3 2 1 1 1 1 
14 10 6 6 4 3 3 3 2 1 1 1 1 
14 9 6 6 4 3 3 3 1 1 1 1 
13 7 6 6 4 3 3 3 1 1 1 1 
13 7 6 5 4 3 3 2 1 1 1 1 
13 7 6 5 4 3 2 1 1 1 1 1 
12 7 5 5 3 3 2 1 1 1 1 1 
11 5 5 3 3 3 2 1 1 1 
11 5 5 3 3 2 2 1 1 
11 5 5 3 3 2 2 1 
11 5 5 3 2 2 2 1 
11 5 5 2 2 2 1 1 
10 4 4 2 2 2 1 1 
10 4 4 2 2 2 1 1 
10 4 4 2 2 2 1 1 
10 4 4 2 2 2 1 1 
10 4 4 2 2 2 1 1 
9 4 3 2 2 2 1 1 
9 4 3 2 2 2 1 1 
8 3 2 2 2 2 1 1 
8 3 2 2 2 1 1 1 
8 3 2 2 2 1 
8 3 2 2 2 1 
8 2 2 2 2 1 
7 2 2 2 2 1 
6 2 2 2 2 1 
6 2 2 2 1 1 
6 2 2 1 1 1 
6 2 2 1 1 
6 2 2 
6 2 2 
6 2 2 
6 2 2 
6 2 2 
5 2 2 
5 2 2 
5 2 2 
4 2 2 
4 2 1 
4 2 1 
4 2 1 
4 2 1 
3 2 1 
3 2 1 
3 2 1 
3 2 1 
2 1 
2 1 
2 1 
1 1 
1 1 
1 1 
1 1 
1 1 
1 1 
1 1 
1 1 
1 1 
1 1 
1 1 
1 1 
1 1 
1 1 
1 1 
1 1 
1 1 
1 1 
1 
1 
1 
1 
1 
1 
1 
1 
1 
1 
1 
1 
1 
1 
1 
1 
