148 143 134 133 131 131 122 120 113 112 101 92 86 86 86 83 83 82 81 80 76 76 72 72 71 71 69 69 66 65 61 61 61 60 60 59 59 58 57 51 51 49 48 46 46 46 45 45 43 43 42 41 40 38 38 37 37 37 33 33 33 33 32 32 32 30 30 29 29 29 28 27 26 24 23 20 20 20 19 19 19 19 19 18 18 16 16 16 16 15 15 13 13 13 13 13 13 13 13 12 11 11 10 9 9 8 7 5 5 5 5 5 5 5 5 5 5 5 5 5 5 5 5 5 4 3 3 3 3 3 3 3 3 3 3 3 3 3 3 2 2 2 2 2 1 1 1 1 1 1 1 1 1 1 1 1 1 1 1 1 1 1 1 1 1 
137 128 127 125 124 115 114 109 105 101 96 88 84 78 78 78 77 77 76 75 70 70 66 65 60 60 60 59 56 52 52 51 51 51 48 48 47 47 47 47 47 46 45 43 43 43 41 41 41 39 39 38 36 36 35 35 35 35 33 33 33 32 30 30 29 29 28 26 24 23 23 23 23 22 21 20 19 19 15 15 14 14 14 14 14 14 13 13 13 13 13 13 13 13 13 13 12 12 11 10 10 10 8 8 7 6 6 5 5 5 5 5 5 5 5 5 5 5 5 5 5 5 5 4 3 3 3 3 3 3 3 3 2 1 1 1 1 1 1 1 1 1 1 1 1 1 1 1 1 1 1 1 1 1 1 1 1 1 1 1 
129 126 126 117 116 112 107 101 97 93 93 85 81 78 78 71 71 69 68 63 63 62 59 58 57 56 56 55 53 51 51 50 50 47 47 47 47 46 45 44 42 40 40 39 39 38 35 34 33 33 32 32 30 30 30 30 29 29 29 28 28 26 26 26 25 22 22 21 21 21 19 19 19 18 18 18 18 17 15 15 14 14 13 13 13 13 13 13 13 13 13 11 11 11 10 9 9 9 9 9 9 9 8 8 7 5 5 5 5 5 5 5 5 5 4 4 4 4 4 3 3 3 3 2 2 1 1 1 1 1 1 1 1 1 1 1 
126 126 111 110 106 104 98 98 93 92 91 83 76 74 72 71 64 63 63 63 63 61 59 57 57 52 51 51 45 43 42 41 41 41 41 41 41 38 38 38 38 36 34 34 34 34 32 32 31 31 31 27 27 27 27 27 26 24 24 24 24 24 23 22 22 21 21 21 19 19 18 18 17 17 17 16 14 14 14 13 13 13 12 12 10 10 10 7 7 7 7 7 7 7 7 7 7 7 7 6 6 6 6 6 6 5 5 5 4 4 4 4 4 4 4 4 3 3 3 3 3 3 3 1 1 1 1 1 1 1 1 
126 117 108 106 101 98 97 93 86 83 81 69 67 67 66 66 63 63 63 61 59 59 57 55 55 50 47 45 43 41 41 41 41 40 37 37 37 37 36 36 36 34 34 33 33 33 31 31 31 30 29 27 26 25 25 25 25 24 24 22 22 22 22 21 21 21 19 19 17 17 17 14 14 14 14 13 12 11 10 10 10 10 10 10 9 9 8 7 7 7 7 7 7 7 7 7 7 7 6 6 6 6 6 6 6 5 4 2 2 2 2 2 2 2 2 2 2 1 1 1 1 1 1 1 1 1 1 1 1 1 
120 109 108 96 94 93 92 91 86 83 78 67 67 65 65 65 63 60 59 59 58 58 57 54 50 47 45 43 43 41 41 41 40 40 37 37 37 36 36 36 35 34 30 30 30 30 29 29 29 29 28 26 26 24 24 24 24 24 23 22 22 20 20 19 18 17 17 17 17 17 17 14 12 11 11 11 10 9 9 9 9 9 9 8 7 7 7 7 7 6 6 6 6 6 6 6 6 6 6 6 6 6 4 4 4 4 2 2 2 2 2 2 2 1 1 1 1 1 1 1 1 1 1 1 1 1 1 
113 105 99 96 94 93 86 86 83 75 75 67 66 63 62 61 61 60 58 58 57 56 54 51 50 46 44 43 43 41 41 40 39 39 37 37 37 35 35 34 33 32 30 30 30 29 29 29 29 27 27 25 24 23 23 23 22 22 20 20 20 18 18 18 17 17 17 17 15 14 14 13 11 10 10 10 10 9 9 9 8 8 8 8 7 7 6 6 6 6 6 6 5 5 5 5 5 5 4 4 3 3 3 3 3 3 2 2 2 2 2 1 1 1 1 1 1 1 1 1 1 1 1 1 1 1 1 
107 102 97 95 94 92 86 84 81 74 74 67 64 62 61 61 60 60 58 56 55 54 54 48 48 45 43 39 39 39 39 39 39 39 36 35 34 34 32 32 30 30 29 29 26 26 25 25 25 25 24 23 22 22 22 22 20 20 20 19 18 18 17 16 15 14 13 13 13 13 13 10 10 10 9 9 9 8 8 8 7 7 7 7 7 7 6 6 6 6 6 5 5 5 4 4 4 3 3 3 3 3 3 3 2 2 2 2 2 2 2 1 1 1 1 1 1 1 1 
106 102 97 94 91 88 84 84 81 73 71 65 64 61 60 59 59 58 56 55 54 52 50 48 46 41 40 39 39 39 39 39 38 36 36 34 33 31 29 28 27 27 27 27 26 24 24 24 23 23 23 22 22 20 20 18 17 17 16 16 15 14 14 14 13 13 13 13 13 13 11 9 9 9 9 9 8 8 8 8 7 5 5 5 5 5 5 5 5 5 5 5 5 4 4 4 4 3 3 3 3 2 2 2 2 2 1 1 1 1 1 1 1 1 1 1 1 1 
102 102 97 93 90 87 80 79 77 71 69 65 56 56 56 56 56 55 53 53 51 51 45 45 42 41 40 38 38 37 33 31 30 30 28 28 28 27 27 27 27 27 27 26 24 24 23 23 21 21 21 20 19 19 17 15 15 15 15 15 14 13 13 13 13 13 13 12 9 9 9 9 9 8 8 8 8 7 7 7 5 5 5 5 5 5 5 4 4 4 4 4 4 4 3 3 3 3 3 1 1 1 1 1 1 1 
101 98 94 86 85 79 79 70 70 69 66 62 56 56 56 55 55 53 52 51 50 49 44 42 42 39 39 36 36 34 32 30 28 28 28 28 28 27 27 27 27 26 26 25 23 22 21 21 21 21 21 19 19 17 17 15 15 15 15 15 13 13 13 13 13 13 12 11 9 9 9 8 7 7 7 7 7 7 6 6 5 5 5 4 4 4 4 3 3 3 3 1 1 1 1 1 1 1 1 1 1 1 1 1 1 1 
97 94 91 82 82 79 78 70 68 68 65 60 56 56 55 53 53 52 51 50 49 47 43 42 40 38 36 33 32 31 31 29 28 28 28 27 26 26 26 26 24 24 24 22 22 21 21 21 21 20 20 18 17 15 15 15 15 13 13 12 12 12 12 11 11 11 9 7 7 6 6 6 6 5 4 4 4 4 4 4 4 4 4 4 3 3 3 3 2 2 2 1 1 1 1 1 1 1 1 1 1 1 1 1 1 
93 91 85 82 75 75 69 68 66 64 58 58 56 56 53 53 52 51 50 48 48 44 43 40 39 36 32 32 31 31 31 29 28 27 27 26 26 26 26 25 24 24 23 22 21 21 21 20 19 19 18 18 17 15 15 15 13 13 12 12 11 11 10 10 10 8 8 6 6 6 6 6 6 4 4 4 4 4 4 4 4 4 3 3 2 2 2 2 1 1 1 1 1 1 1 1 1 1 1 1 1 1 1 1 
91 89 73 71 70 70 67 66 64 60 58 56 56 55 51 51 51 48 47 46 43 42 41 39 38 36 32 32 29 29 28 28 27 26 26 25 25 23 23 23 22 22 21 21 21 20 20 18 18 17 17 16 15 15 14 14 13 13 12 12 11 10 10 9 9 8 7 6 6 6 6 4 4 4 4 4 4 4 4 4 4 3 3 3 2 2 2 1 1 1 1 1 1 1 1 
91 86 71 70 69 65 65 63 60 60 57 55 54 52 51 49 46 46 44 44 43 40 39 39 35 34 32 30 29 28 28 27 27 26 25 25 25 23 22 22 21 21 21 20 20 19 18 18 16 16 14 14 14 14 12 12 11 9 8 7 7 7 7 7 7 7 5 5 4 4 4 4 4 4 4 2 2 2 1 1 1 1 1 1 
91 79 71 70 66 64 62 62 60 57 57 54 53 52 50 48 43 43 41 41 39 37 37 37 35 33 32 29 29 28 27 27 25 24 22 22 21 21 20 20 20 20 20 20 20 19 17 17 16 16 14 14 14 13 12 11 9 7 7 7 7 7 7 7 7 7 5 4 4 4 3 3 3 3 3 2 2 1 1 1 1 
88 78 69 68 63 63 60 58 58 56 55 53 53 50 49 43 41 37 37 37 36 36 36 36 31 28 28 28 28 26 23 23 23 23 22 22 20 20 20 20 20 20 19 18 17 17 16 13 13 13 13 12 12 12 11 10 8 7 7 7 7 6 5 5 5 5 5 4 4 4 3 3 3 2 2 1 1 1 
83 68 68 64 62 61 60 57 55 55 53 51 51 49 45 40 38 37 37 37 36 36 35 34 30 28 28 27 26 24 23 23 23 22 21 20 20 20 20 20 19 18 17 17 15 15 13 13 13 12 11 10 9 9 8 8 7 7 7 7 6 6 5 5 4 4 4 3 3 3 3 3 3 2 2 1 1 1 
82 67 66 63 62 59 55 55 55 55 53 51 48 48 40 38 38 37 35 33 33 33 33 33 29 28 28 26 25 24 23 23 23 21 21 20 20 19 19 19 19 17 16 12 12 12 12 12 12 12 9 9 9 9 8 8 7 7 7 6 6 6 5 5 4 4 3 3 3 3 2 2 2 2 2 1 1 1 
79 67 66 61 61 55 55 55 54 52 50 49 46 44 37 37 37 36 34 33 33 33 33 32 28 28 28 26 23 23 22 20 20 20 20 19 19 19 19 19 16 16 15 12 12 12 12 11 11 11 9 8 8 7 7 7 7 5 5 5 5 5 4 4 4 4 3 3 3 2 1 1 1 
73 67 66 61 59 55 53 53 53 52 48 47 44 44 37 37 37 36 34 33 33 33 30 28 28 26 26 23 23 23 21 20 20 19 19 19 17 17 17 15 15 15 14 12 12 11 11 11 11 11 9 8 7 7 7 6 5 5 5 5 4 4 4 3 3 3 3 3 2 2 1 1 1 
72 65 65 61 58 53 53 48 48 48 48 44 42 42 37 36 36 34 33 32 32 30 29 27 27 25 24 23 22 20 20 20 20 19 18 18 14 14 14 14 14 12 11 11 10 9 9 9 8 8 8 8 7 7 6 6 4 4 4 4 3 3 3 3 3 3 2 2 2 2 
71 64 64 60 58 53 51 48 48 48 45 43 42 42 37 35 35 33 31 31 29 29 28 26 25 25 24 22 22 20 20 19 19 19 17 17 14 14 14 14 12 12 9 9 9 9 9 8 8 8 8 8 6 6 5 5 4 4 4 3 3 3 3 3 3 3 2 2 1 1 
68 64 62 58 58 53 51 48 48 47 44 43 42 42 37 32 32 31 31 28 27 26 26 23 22 22 20 20 20 20 20 19 18 18 17 16 14 14 14 12 11 10 9 9 9 9 8 8 8 8 7 7 6 5 5 5 4 4 4 3 3 3 2 2 2 2 2 2 1 1 
62 61 60 58 57 53 49 48 47 46 44 40 39 38 36 32 31 28 28 28 27 26 25 22 22 21 20 20 20 19 17 17 16 16 15 14 14 13 12 11 11 10 9 9 9 9 8 8 7 7 7 6 5 5 5 5 4 4 4 3 3 3 2 2 1 1 
61 59 56 54 52 52 49 47 46 45 42 39 38 35 34 32 31 28 28 28 23 23 23 22 21 20 20 20 19 17 16 16 14 14 14 13 13 13 10 10 10 10 9 9 9 8 8 8 7 7 6 5 5 5 4 4 3 2 2 2 2 2 2 1 1 1 
60 57 55 54 52 50 49 47 43 40 40 37 37 34 34 31 30 28 28 26 20 20 19 19 19 19 18 18 17 16 15 14 14 14 13 13 13 12 10 10 10 9 9 9 8 8 8 6 6 6 5 5 5 4 4 3 3 2 2 2 2 2 2 1 1 1 
60 57 53 52 50 49 44 44 39 39 38 35 35 34 32 31 30 28 27 25 20 19 19 18 18 18 18 17 15 15 14 14 14 14 13 13 12 11 10 10 10 9 9 9 7 6 6 6 6 6 5 5 5 4 4 3 2 2 2 2 1 1 
60 56 52 52 50 46 44 42 38 37 35 35 34 33 32 29 28 23 23 23 19 19 19 18 18 18 18 16 15 15 14 14 14 14 12 10 10 10 10 10 8 8 5 5 5 5 5 5 5 5 5 5 4 4 4 3 2 2 2 2 1 1 
58 56 52 51 45 45 42 39 37 37 35 34 34 32 28 28 25 23 23 23 19 19 18 18 17 16 16 16 15 15 14 14 14 11 10 10 10 10 10 10 8 8 5 5 5 5 5 5 5 5 5 5 3 3 3 2 2 2 1 1 
57 53 52 47 45 44 41 39 37 36 35 32 31 28 27 27 24 23 22 22 17 17 17 17 16 16 16 15 15 15 14 14 13 11 10 10 10 10 10 9 8 7 5 5 5 5 5 5 5 5 5 5 3 2 1 1 1 1 
57 53 47 46 41 39 39 38 36 36 34 30 26 26 26 23 23 21 21 19 17 17 17 16 15 15 15 14 14 14 13 13 11 10 10 9 9 9 9 9 8 6 5 5 5 5 5 4 4 4 4 4 1 1 1 1 1 
56 51 47 46 41 39 39 38 36 35 32 29 25 22 22 22 22 21 20 19 17 17 17 16 15 15 14 14 14 14 11 11 10 10 10 9 9 8 8 8 7 6 5 5 5 4 4 4 4 4 4 1 1 1 1 
55 51 45 45 41 39 39 38 36 35 32 29 25 22 21 21 21 19 19 19 17 17 16 15 14 14 13 12 12 12 11 10 10 10 10 9 9 7 7 6 6 6 5 4 4 4 4 4 4 2 2 1 1 
54 51 45 44 39 39 38 32 29 28 28 28 25 22 21 21 20 19 19 17 17 16 16 15 14 12 12 12 11 11 11 10 10 10 9 9 9 7 7 6 6 6 5 4 4 4 4 3 2 2 1 1 1 
54 50 45 43 39 39 38 29 29 28 28 26 22 22 21 20 20 18 17 17 16 15 15 15 13 11 11 11 11 11 10 10 9 9 9 8 8 7 7 5 5 5 5 4 4 4 4 3 2 1 1 1 1 
53 50 45 42 39 39 35 29 28 28 27 23 22 21 21 20 19 16 16 16 16 15 15 15 12 11 11 11 11 11 10 9 9 9 9 8 8 7 7 5 5 5 5 4 4 3 3 3 2 1 1 1 1 
53 50 44 40 39 34 34 28 28 27 26 23 22 21 19 19 19 16 16 16 15 15 15 13 12 11 11 11 11 10 9 9 9 8 8 8 6 5 5 5 5 5 5 3 3 3 3 1 1 1 1 
50 49 43 40 39 34 32 28 28 26 25 23 22 21 19 19 17 16 15 15 15 15 15 11 11 11 11 11 10 10 9 9 8 7 7 7 5 5 5 5 5 5 4 2 2 2 2 1 1 
48 47 42 37 35 33 32 28 26 26 25 21 21 21 19 19 17 16 15 15 15 14 14 11 11 11 11 11 10 10 9 8 7 7 7 7 5 5 5 4 4 3 3 2 2 2 1 1 1 
48 45 42 36 35 32 31 28 26 26 25 21 21 20 19 19 17 16 15 15 14 14 12 11 11 11 11 11 10 8 8 8 7 7 5 5 5 5 5 3 3 3 2 2 2 1 1 1 1 
48 43 40 36 35 32 31 26 25 25 25 21 21 20 19 18 17 15 15 15 14 13 12 11 11 11 11 9 7 7 7 7 6 5 5 3 3 3 3 3 3 2 2 2 2 1 1 1 1 
48 41 40 35 35 30 30 26 25 25 25 21 20 20 18 18 17 15 15 15 14 12 12 11 11 9 9 9 7 7 7 7 6 5 5 3 3 3 3 2 2 2 1 1 1 1 1 1 1 
47 40 40 35 34 28 28 26 24 24 24 20 19 17 17 17 17 15 12 12 12 12 12 11 10 9 9 9 7 6 6 5 5 5 5 3 3 3 2 2 2 2 1 1 1 1 1 
47 38 38 33 29 28 28 25 24 24 23 20 17 17 16 16 15 15 12 12 12 11 11 10 9 9 9 9 7 6 5 4 4 4 4 3 3 3 2 2 2 2 1 1 1 1 
47 38 38 32 29 28 28 25 24 24 22 19 17 17 16 15 15 14 12 12 12 11 11 10 9 8 8 7 6 6 5 3 3 3 3 2 2 2 2 1 1 1 1 1 1 1 
46 37 37 32 28 28 27 24 24 23 21 18 17 15 15 15 15 14 12 12 12 10 10 9 8 8 7 7 6 5 4 3 3 3 3 2 2 2 2 1 1 1 1 1 
44 37 37 32 28 28 25 24 21 21 20 18 15 15 15 15 15 14 12 12 12 10 8 8 8 7 7 6 5 4 4 3 3 3 2 2 2 2 1 1 1 1 1 
44 37 37 29 28 28 25 24 21 21 20 18 15 15 15 15 12 12 12 12 10 10 8 8 7 7 7 6 5 4 4 3 3 3 2 2 2 2 1 1 1 1 1 
44 37 31 29 28 25 25 24 21 20 20 18 15 15 13 13 12 12 12 11 10 9 8 6 6 6 6 5 4 4 4 3 3 3 2 2 2 1 1 1 1 1 
41 37 31 28 28 25 24 23 21 20 18 17 15 15 13 13 12 12 11 10 10 9 8 6 6 6 6 5 4 4 3 3 3 2 2 1 1 1 1 1 1 
41 37 29 28 26 25 24 20 20 19 18 16 15 15 13 11 11 11 10 10 10 8 7 6 5 5 5 5 4 4 2 1 1 1 1 1 1 1 
39 34 27 26 26 25 24 20 20 19 15 15 14 13 12 11 11 10 10 10 10 7 5 5 5 5 5 5 4 2 1 1 1 1 1 1 1 1 
39 34 27 25 25 24 23 20 20 18 15 14 14 13 12 11 11 10 10 9 8 7 5 5 5 5 5 4 1 1 1 1 1 1 1 1 1 1 
38 31 26 25 25 22 22 20 18 17 15 14 13 13 10 10 9 9 9 9 7 6 5 5 5 5 5 4 1 1 1 1 1 1 1 1 
38 31 26 25 22 22 22 19 16 15 14 14 13 12 10 10 9 9 8 8 7 5 5 5 5 4 4 3 1 1 1 1 1 1 1 1 
36 29 26 25 22 22 21 19 16 14 12 12 10 10 10 10 9 8 8 8 7 5 5 5 5 4 4 2 1 1 1 1 1 1 1 1 
36 29 26 25 22 21 20 18 16 14 11 10 10 10 10 10 8 8 8 8 6 5 5 5 4 4 4 1 1 1 1 1 1 1 1 1 
34 29 26 24 20 20 17 17 16 14 10 10 10 9 9 9 8 8 8 7 6 5 5 5 4 4 4 1 1 1 1 1 1 1 1 1 
34 27 26 23 20 19 17 17 16 13 10 10 10 9 9 9 8 8 8 7 6 4 3 3 3 3 2 1 1 1 1 1 1 1 1 
31 26 26 23 20 17 17 15 14 13 10 10 9 9 9 8 8 8 6 6 6 4 3 3 3 3 1 1 1 1 1 1 1 1 
30 26 25 22 20 17 17 15 14 11 10 10 9 9 8 8 8 8 6 6 5 3 3 3 3 2 1 1 1 1 1 
30 26 23 21 20 16 15 15 14 11 10 10 8 8 8 8 8 6 6 6 5 3 3 3 2 2 1 1 1 1 1 
27 26 23 21 20 15 15 15 14 11 10 9 8 8 8 8 7 5 5 5 4 3 3 3 2 2 1 1 1 1 1 
27 24 23 20 20 15 15 15 12 11 10 9 8 8 8 7 5 5 5 5 4 3 3 3 2 2 1 1 1 1 1 
27 24 23 20 19 15 14 13 11 11 9 8 6 6 5 5 5 5 5 5 4 3 3 3 2 2 1 1 1 1 1 
27 24 21 20 18 14 14 13 11 10 8 7 6 5 5 5 5 5 5 4 4 3 3 3 2 2 1 1 1 1 
26 24 21 18 18 14 14 12 11 10 8 7 6 5 5 5 5 5 5 4 3 3 2 2 2 2 1 
24 22 20 18 17 14 13 11 10 8 8 7 5 5 5 5 3 3 3 3 3 3 2 2 2 2 1 
24 22 19 18 15 13 11 11 10 8 8 7 5 5 5 4 3 3 3 3 3 3 2 2 2 2 
23 22 19 18 14 12 11 11 10 8 8 5 5 5 5 4 3 3 3 3 3 3 2 2 2 1 
22 22 17 17 14 12 11 10 10 8 7 5 5 5 4 4 3 3 3 3 3 3 2 1 1 1 
22 21 17 17 14 12 11 9 9 8 7 5 4 4 4 4 3 3 3 3 3 2 1 1 1 1 
22 19 17 16 14 11 11 9 9 8 7 5 4 4 3 3 3 3 3 3 2 2 1 1 1 1 
21 18 17 16 14 11 11 9 9 7 7 4 4 4 3 3 3 3 3 3 2 2 1 1 1 
21 18 17 16 14 11 11 9 9 7 6 4 4 4 3 3 3 3 3 3 2 2 1 1 1 
17 17 17 16 12 11 10 8 8 6 6 4 4 4 3 3 3 2 2 2 2 1 1 
17 17 17 16 12 10 8 8 7 6 6 4 4 4 3 3 3 2 2 1 1 1 1 
17 17 17 16 12 9 8 6 6 6 5 4 4 4 3 2 2 2 2 1 1 1 
17 17 16 16 9 8 7 6 5 5 5 4 3 3 3 2 2 2 2 1 1 
17 17 15 15 9 8 6 6 5 5 5 4 3 3 2 2 2 2 2 1 1 
17 16 15 15 9 8 6 6 5 5 5 4 3 3 2 2 2 2 2 1 1 
17 16 15 13 9 8 6 6 4 4 4 4 3 3 2 2 1 1 1 1 1 
17 15 14 13 8 6 5 5 4 4 4 4 3 3 2 2 1 1 1 1 1 
16 14 13 11 8 6 4 4 4 4 4 4 3 3 2 1 1 1 1 1 1 
16 14 13 10 8 6 4 4 4 4 4 4 3 3 1 1 1 1 1 1 1 
15 14 12 10 7 6 4 4 4 4 4 3 3 2 1 1 1 1 
15 14 11 8 7 6 4 4 4 4 4 3 3 2 1 
15 14 10 8 7 6 4 4 4 4 4 3 3 2 1 
14 14 10 8 7 6 4 4 4 4 4 3 3 2 1 
14 13 10 8 7 6 4 4 4 4 3 2 2 1 1 
14 13 10 8 7 6 4 4 4 3 3 2 1 1 1 
13 13 10 8 6 5 4 4 4 3 3 2 1 1 1 
13 12 10 8 6 5 4 4 3 3 3 2 1 1 1 
13 12 10 8 6 5 4 4 3 3 2 2 1 1 1 
13 12 9 8 6 5 4 4 3 3 2 2 1 1 
13 12 8 8 6 5 4 4 3 2 2 2 1 1 
13 11 8 8 5 4 4 4 3 2 2 2 1 1 
13 11 8 8 4 4 4 4 3 2 2 1 1 
13 10 8 8 4 4 4 4 3 2 2 1 1 
13 10 8 8 4 4 4 4 3 2 2 1 1 
13 10 8 8 4 4 4 4 3 2 2 1 1 
12 10 8 7 4 4 4 4 3 2 1 1 1 
10 10 8 7 4 4 4 3 3 2 1 1 1 
10 9 7 4 4 4 3 3 3 2 1 1 
9 8 7 4 4 4 3 3 2 1 1 
9 8 6 4 4 3 3 3 2 1 1 
9 8 4 4 4 3 3 3 2 1 1 
9 5 4 4 4 3 3 2 1 1 1 
9 5 4 4 4 3 2 2 1 1 1 
9 5 4 4 4 3 2 2 1 1 1 
9 5 4 4 3 3 2 1 1 
9 4 4 3 3 3 1 1 1 
9 4 4 3 3 2 1 1 1 
8 4 4 3 3 1 1 1 1 
7 4 4 3 3 1 1 1 1 
7 4 3 3 3 1 1 1 1 
6 4 3 3 2 1 1 1 1 
6 4 3 3 2 1 1 1 1 
6 4 3 2 2 1 1 1 
6 4 2 2 2 1 1 1 
6 4 2 2 1 1 1 1 
6 4 2 2 1 
6 4 2 1 1 
6 4 2 1 1 
6 3 2 1 1 
6 3 2 1 1 
6 3 1 1 1 
4 3 1 1 1 
4 2 1 1 1 
3 2 1 1 1 
2 2 1 1 
2 2 1 1 
2 1 1 1 
2 1 1 
2 1 1 
2 1 1 
2 
1 
1 
1 
1 
1 
1 
1 
