166 151 147 126 125 123 121 115 112 110 109 104 100 100 96 95 95 93 89 81 79 78 73 70 70 70 69 69 68 68 66 66 63 60 56 55 50 50 49 49 43 43 43 43 42 40 39 34 34 34 34 34 34 34 34 32 32 32 30 30 29 28 28 27 27 27 27 26 26 26 26 26 26 23 22 22 21 19 19 19 19 17 17 15 15 15 15 15 15 15 15 15 12 12 12 12 12 12 11 11 11 11 11 11 11 11 11 11 10 10 10 9 9 9 8 8 8 8 8 8 8 8 8 8 8 8 8 6 6 6 6 6 6 5 5 4 4 3 3 2 2 2 2 2 2 2 2 2 2 1 1 
162 140 137 125 120 117 116 106 106 105 103 100 91 88 87 78 77 74 73 73 73 72 69 69 69 67 67 64 64 64 60 59 59 53 51 49 49 49 46 46 43 42 42 42 41 40 36 34 34 34 34 34 33 33 31 29 29 29 29 29 29 28 27 26 26 25 25 25 25 23 22 21 21 19 19 19 18 18 18 18 18 17 17 15 15 15 15 15 15 14 13 13 12 11 11 11 11 11 11 11 11 11 11 11 10 10 10 10 9 8 8 7 7 6 6 6 6 6 5 5 5 5 5 5 5 5 5 5 5 5 5 4 4 4 4 4 4 2 2 2 2 2 2 1 1 1 1 1 1 1 1 
155 134 125 123 117 116 108 105 95 95 85 81 81 79 78 78 77 74 73 73 72 70 67 66 64 61 61 59 59 57 56 55 51 51 50 48 44 44 41 40 36 36 36 36 36 35 35 33 33 33 33 33 33 30 30 29 29 29 29 25 25 25 24 24 23 23 23 22 22 21 21 20 20 19 19 16 16 16 16 16 15 14 14 14 14 14 14 11 11 11 11 10 10 10 10 9 9 9 9 9 9 7 6 6 5 4 4 4 3 3 3 3 3 3 3 3 3 3 3 3 1 1 1 
150 120 119 118 108 107 103 101 95 83 82 81 79 77 72 72 71 68 68 64 64 64 63 59 59 59 57 57 57 55 54 53 51 50 48 47 44 41 41 38 36 36 33 32 32 32 32 32 30 30 30 30 29 29 29 27 27 27 25 25 25 19 19 19 19 19 17 17 17 17 14 14 14 14 14 13 13 13 13 13 13 12 12 12 12 12 12 11 10 10 10 10 9 8 8 8 8 7 6 5 5 5 4 4 4 3 3 3 3 3 3 3 3 3 3 3 3 3 2 
146 117 117 115 104 100 97 96 94 79 79 75 74 73 72 71 71 67 66 64 61 61 60 59 58 55 55 53 52 51 49 48 48 47 47 45 41 41 36 36 35 35 33 32 32 32 32 31 30 29 29 29 28 27 27 27 25 25 24 23 23 19 18 17 17 16 16 16 16 15 14 14 14 14 12 12 12 12 12 12 11 10 10 9 9 9 8 8 7 7 7 7 7 7 7 6 6 6 6 5 5 5 4 4 4 3 3 3 3 3 3 3 2 2 2 2 2 
140 117 114 113 102 96 96 92 86 79 74 72 72 71 70 69 66 64 63 62 58 57 57 54 54 50 50 50 47 47 46 42 42 42 42 42 41 40 36 35 34 34 32 30 29 29 29 29 29 28 26 26 26 26 26 25 24 23 22 21 20 17 17 17 16 15 15 15 14 14 13 12 12 12 12 12 12 12 10 10 10 8 8 8 8 7 7 7 7 7 6 6 6 6 4 4 4 4 4 4 4 4 4 2 2 2 2 2 2 2 2 2 2 2 2 2 2 
121 114 114 104 102 96 93 92 85 79 73 72 71 71 67 65 64 59 59 59 57 57 56 54 51 49 48 48 47 47 46 42 42 42 40 39 38 38 36 34 34 33 32 30 29 29 29 29 27 26 25 25 20 20 19 19 19 19 18 18 18 17 17 15 14 13 13 13 13 13 12 12 12 12 11 11 11 10 9 8 8 8 8 7 7 7 4 4 4 4 4 4 4 4 4 4 4 3 3 3 3 2 2 2 2 2 2 2 1 1 1 1 1 1 
117 110 104 101 91 87 87 86 83 77 72 71 71 67 67 65 64 59 59 58 57 55 55 53 51 47 43 43 43 43 42 40 40 40 40 38 38 37 35 34 33 33 29 29 27 26 26 25 25 23 23 22 19 19 19 19 19 18 17 17 17 17 16 14 13 13 13 12 12 12 12 12 12 12 10 8 8 8 7 7 7 7 7 6 6 6 4 4 4 4 4 4 4 4 3 3 3 3 3 3 3 2 2 2 2 2 2 2 1 1 1 1 
114 110 98 92 89 86 86 84 82 77 72 71 68 67 64 63 62 59 55 54 53 50 49 46 45 45 43 43 43 42 39 39 38 36 36 36 35 35 34 33 33 29 28 25 24 24 24 24 24 23 23 21 19 19 19 19 18 17 17 17 17 16 15 13 12 12 12 12 12 12 12 12 9 9 8 8 7 7 7 7 7 6 5 4 3 3 3 3 2 2 2 2 2 2 2 2 2 2 2 2 2 2 2 1 1 1 1 1 1 1 1 1 
111 109 98 91 87 86 83 82 78 71 70 67 63 63 60 60 56 55 55 53 47 47 45 45 44 44 42 42 40 40 39 39 37 36 35 34 32 32 32 28 28 28 25 24 23 20 20 18 17 17 17 17 17 16 14 14 14 14 14 14 14 14 12 12 12 12 12 12 11 9 9 8 8 6 6 6 6 6 6 6 6 5 3 3 3 3 3 2 2 2 2 2 1 1 1 1 1 1 1 1 1 1 1 1 1 1 1 1 1 
108 106 98 88 83 82 77 76 72 71 69 65 63 61 60 57 56 54 52 47 45 44 43 43 43 43 42 41 40 38 37 36 36 33 33 33 31 31 28 28 27 26 24 24 18 18 18 17 17 17 17 17 16 16 14 14 13 12 12 12 12 11 10 10 10 10 10 10 10 8 8 8 8 5 5 5 5 5 5 5 5 5 2 2 2 2 2 2 2 2 1 1 1 1 1 1 1 1 1 1 1 1 1 1 1 1 1 1 1 
108 100 96 78 77 77 72 72 69 69 64 62 60 60 57 56 53 52 50 46 45 43 43 43 42 42 41 38 36 36 35 35 33 33 32 31 30 29 28 25 25 25 22 22 18 18 18 17 17 17 17 15 14 12 12 12 12 12 10 10 10 10 10 10 10 10 10 8 7 6 6 5 5 5 5 5 4 4 4 4 4 4 2 2 2 2 2 2 1 1 1 1 1 1 1 1 1 1 1 1 
107 100 95 78 77 77 70 70 63 63 62 59 59 58 57 54 51 50 50 46 43 40 39 37 37 37 36 35 34 34 32 32 31 30 28 25 24 24 22 22 21 16 16 16 16 16 16 16 16 16 15 15 14 12 12 11 11 11 10 10 10 9 9 8 8 8 6 6 5 5 5 5 5 5 4 4 4 4 3 3 3 3 2 2 2 2 2 2 1 1 1 1 1 1 1 1 1 1 1 1 
102 98 91 76 74 71 69 67 63 63 59 57 56 56 53 53 50 49 47 43 43 40 36 35 35 35 35 34 34 34 32 32 29 28 25 23 23 22 21 21 17 16 15 15 15 15 15 15 14 13 13 13 12 12 11 10 10 10 10 10 9 9 9 8 8 6 6 5 5 5 5 4 4 4 4 4 3 3 2 2 2 2 2 2 2 2 1 1 1 1 1 1 1 1 1 1 
99 90 87 76 71 71 68 67 63 58 57 56 56 53 53 51 49 42 42 40 39 38 36 35 35 35 35 34 34 33 30 28 27 27 22 22 21 20 18 18 17 16 15 15 14 14 14 14 13 13 13 13 12 10 10 10 10 10 9 9 9 9 8 8 7 6 6 5 5 4 4 3 3 3 2 2 2 2 2 2 2 2 2 2 2 1 1 1 1 1 1 
92 87 81 72 71 70 67 66 63 58 56 51 51 47 44 44 43 41 40 40 39 38 36 35 35 35 35 32 32 31 28 28 27 24 22 22 19 19 18 18 17 16 15 14 14 14 13 13 13 13 13 12 11 10 10 10 9 8 8 8 7 7 7 6 6 6 6 5 5 4 3 3 2 2 2 2 2 2 2 2 2 2 2 1 1 1 1 1 1 1 
92 86 79 72 69 69 63 61 61 54 54 47 46 42 42 42 41 40 37 36 36 36 35 35 35 35 32 32 29 26 26 21 20 19 18 18 18 18 18 17 16 16 15 13 13 13 13 11 11 11 11 11 11 10 9 9 9 7 7 7 6 6 4 4 4 4 3 3 3 3 3 3 2 2 2 2 2 2 2 2 2 1 1 1 1 1 1 1 1 
90 86 75 71 69 66 61 60 55 54 54 43 43 42 42 42 41 38 37 36 36 36 35 35 31 31 30 30 29 26 26 21 20 19 18 18 18 18 17 17 16 15 13 12 12 12 11 11 11 10 10 9 9 9 9 9 8 7 7 7 6 4 4 4 4 4 3 3 3 3 2 2 2 2 2 2 2 2 2 2 2 1 1 1 1 1 1 1 
90 74 72 66 65 65 61 57 55 54 53 43 43 42 42 42 40 38 36 36 36 36 34 32 31 30 30 29 28 23 22 21 18 18 18 18 18 17 16 15 14 13 12 12 11 11 11 11 11 10 10 9 9 8 8 7 7 7 7 5 5 4 4 3 3 3 3 3 3 2 2 2 2 2 2 2 2 2 1 1 1 1 1 1 1 1 1 
83 72 68 65 65 64 60 51 51 50 49 43 43 42 42 40 40 38 35 35 35 32 31 29 29 29 29 28 26 22 21 19 18 18 18 18 17 16 15 14 14 13 11 11 11 10 10 8 8 8 7 7 7 7 7 7 6 6 4 4 4 4 3 3 3 3 3 2 2 2 2 2 2 2 1 1 1 1 1 1 1 1 1 1 
83 72 66 63 62 62 59 49 49 49 45 43 43 42 42 40 40 35 32 32 32 31 29 29 29 29 28 28 24 21 21 19 18 18 18 18 16 16 15 14 14 13 11 10 10 10 10 8 8 8 6 6 6 6 5 4 4 4 4 4 3 3 3 2 2 2 2 2 2 2 2 2 2 2 1 1 1 1 1 1 1 1 
83 68 64 63 62 59 58 49 49 49 45 43 43 42 39 39 39 33 32 32 32 30 29 26 26 24 24 24 23 21 21 19 18 17 17 17 15 13 13 13 13 12 11 10 10 10 10 8 7 7 6 6 6 4 4 3 3 3 2 2 2 2 2 2 2 2 2 2 2 2 2 2 1 1 1 1 1 1 1 1 1 1 
77 66 61 61 61 58 57 49 48 48 42 40 40 39 39 37 36 32 31 30 29 29 28 24 24 23 20 20 18 18 18 18 18 17 16 13 13 13 13 13 13 11 11 10 10 10 10 8 7 7 6 6 5 4 4 3 3 3 2 2 2 2 2 2 2 2 2 2 1 1 1 1 1 1 1 1 1 1 1 1 1 
76 59 59 59 58 57 56 49 48 47 41 40 40 39 37 36 34 32 31 30 25 25 25 24 22 22 20 18 18 18 18 18 18 17 16 13 13 13 13 13 11 11 11 10 10 9 9 8 7 7 4 4 3 3 3 3 2 2 2 2 2 2 2 2 2 2 2 1 1 1 1 1 1 1 1 1 1 1 
76 59 59 57 56 56 54 48 42 42 39 38 38 37 37 35 33 32 30 29 24 24 24 22 22 22 20 18 18 18 18 18 15 14 14 13 13 13 13 12 11 11 10 9 9 9 9 7 6 5 3 3 3 3 2 2 2 2 2 2 2 1 1 1 1 1 1 1 1 1 1 1 1 
76 59 57 57 56 53 49 48 42 38 38 38 37 33 33 33 33 32 30 28 24 24 24 22 22 19 19 18 18 18 18 17 13 13 13 13 13 13 12 12 11 11 9 9 9 8 7 7 6 4 3 3 3 3 2 2 2 2 2 2 2 1 1 1 1 1 1 1 1 1 1 1 
73 59 57 57 55 48 47 46 41 38 36 36 36 33 33 32 30 30 29 26 24 23 23 22 22 19 19 18 17 17 17 14 13 13 13 13 13 13 12 11 11 10 8 7 7 7 6 6 6 4 3 3 2 2 2 2 2 2 2 2 1 1 1 1 1 1 1 1 1 1 
73 59 57 56 51 46 46 46 41 38 36 36 35 33 31 29 28 26 26 25 24 22 22 21 19 17 17 17 17 17 17 14 13 13 13 13 11 10 10 10 10 10 6 6 6 6 6 6 6 4 3 3 2 2 2 2 2 2 2 2 1 1 1 1 1 1 1 1 
71 58 56 52 47 46 46 45 39 38 36 36 34 33 29 27 27 26 25 25 22 22 21 19 18 17 17 17 17 16 16 14 13 13 13 13 11 10 10 10 9 9 6 6 6 6 6 5 4 4 3 2 2 2 2 2 2 2 1 1 1 1 1 1 1 1 1 
70 57 55 51 47 46 45 41 39 38 36 34 32 32 28 26 26 26 25 25 22 22 19 17 17 17 17 15 15 15 15 14 13 12 12 12 10 9 9 9 9 6 6 6 5 5 5 4 4 4 3 2 2 2 2 2 2 2 1 1 1 1 1 1 1 1 
67 55 55 51 47 43 42 40 39 38 35 31 31 31 27 26 26 22 22 22 22 20 17 17 17 17 17 15 15 14 14 14 12 10 10 10 9 9 9 8 7 6 6 4 4 4 4 4 3 3 3 2 2 2 2 2 2 1 1 1 1 1 1 1 1 1 
61 53 53 50 42 42 41 39 39 37 35 31 31 30 26 26 26 22 22 22 19 18 17 17 17 15 15 15 14 14 14 12 11 10 10 9 9 9 9 6 6 6 6 4 4 4 4 4 3 3 2 2 2 2 2 2 1 1 1 1 1 1 1 
60 50 50 49 42 42 39 38 35 35 33 28 28 27 25 25 25 22 19 19 19 17 17 17 16 15 15 14 14 11 10 10 10 10 10 9 8 8 6 6 5 5 5 4 4 4 4 4 3 2 2 2 1 1 1 1 1 1 
60 46 44 42 42 41 38 36 31 31 31 28 28 27 25 25 22 21 19 19 19 17 17 17 16 15 14 14 12 11 10 10 10 9 9 7 7 7 6 5 5 5 4 3 3 3 3 2 2 2 2 2 1 1 1 1 1 
60 44 42 41 40 39 36 36 30 30 30 28 28 27 25 25 21 21 18 18 18 17 17 17 15 13 12 12 10 10 9 9 8 7 7 7 7 7 6 5 4 3 3 3 3 2 2 2 2 2 2 1 1 1 1 1 
56 41 41 41 40 39 35 34 30 30 28 27 26 26 25 24 21 20 18 18 18 17 17 17 15 12 12 12 10 10 8 8 8 7 7 7 6 5 5 4 3 3 3 3 3 2 2 2 2 2 2 1 1 1 1 1 
56 41 41 40 39 36 34 30 30 30 27 24 24 24 22 22 21 19 18 17 17 17 16 15 15 12 12 12 10 10 8 7 7 7 7 5 5 5 5 4 3 3 3 2 2 2 2 2 2 2 2 1 1 1 1 
52 41 41 38 35 35 32 30 30 27 26 24 23 22 22 20 19 18 18 17 17 15 15 15 14 12 11 10 9 9 8 7 7 7 7 5 5 5 5 3 3 3 2 2 2 2 2 2 2 2 1 1 1 1 1 
49 41 40 38 35 32 31 29 29 26 25 24 23 21 21 20 18 18 18 16 15 15 14 13 11 11 8 8 8 7 7 7 7 6 6 5 5 4 4 3 3 3 2 2 2 2 2 2 2 2 1 1 1 1 1 
49 40 38 38 35 31 30 29 24 24 23 23 20 20 20 20 18 16 16 16 15 15 12 10 10 10 8 8 7 7 7 6 6 5 5 5 4 4 3 3 3 2 2 2 2 2 2 2 2 2 1 1 
47 40 38 32 32 31 29 28 23 23 22 22 20 20 19 18 18 16 16 13 12 11 10 10 9 9 8 7 7 7 7 6 5 5 5 4 4 4 3 2 2 2 2 2 2 2 2 2 2 1 1 1 
46 40 37 32 32 31 29 28 23 23 22 20 20 19 18 17 13 13 13 11 11 9 9 9 9 9 7 7 7 7 6 6 5 5 5 4 4 3 3 2 2 2 2 2 2 1 1 1 1 1 1 1 
43 38 36 32 32 30 29 27 23 23 22 20 19 18 18 17 13 13 13 11 9 9 9 9 9 9 7 7 7 7 6 6 4 4 4 4 4 3 3 2 2 2 2 2 1 1 
42 38 34 32 31 30 28 27 23 23 22 20 19 18 17 15 13 13 13 9 9 9 9 9 9 8 7 7 7 7 6 6 4 4 4 4 4 3 2 2 2 2 2 1 1 
41 37 33 32 30 29 27 24 23 23 21 20 19 16 16 15 13 13 11 9 9 9 9 9 8 7 7 7 7 7 6 5 4 4 4 4 4 3 2 2 2 2 1 1 1 
41 36 33 32 29 27 25 24 23 23 21 20 19 16 16 15 13 13 9 9 9 9 9 8 8 7 7 7 6 6 6 5 4 4 4 2 2 2 2 2 2 2 1 1 1 
41 34 33 29 28 27 25 24 23 21 20 19 19 16 16 14 13 13 9 9 9 9 9 8 7 7 7 7 6 6 6 4 4 4 3 2 2 2 2 2 2 1 1 1 
40 34 31 29 27 24 23 23 20 19 19 19 18 15 15 12 12 12 9 9 9 9 8 8 7 7 7 7 6 5 4 4 4 3 3 2 2 2 2 2 1 1 1 1 
39 33 31 28 25 24 23 23 19 19 19 19 16 14 12 12 11 11 9 9 9 9 8 8 7 7 7 6 5 5 4 4 4 3 2 2 2 2 2 1 1 
39 32 25 25 25 24 23 22 19 19 19 18 16 14 12 12 11 11 9 9 9 9 8 8 7 7 6 6 5 5 4 3 3 2 2 2 2 2 2 1 1 
38 31 25 24 23 23 23 22 19 19 17 17 16 14 12 12 11 11 9 9 9 8 8 6 6 6 6 5 5 5 4 3 3 2 2 2 2 2 1 
37 31 24 23 23 23 23 22 18 18 17 16 15 14 12 12 11 11 9 9 9 8 8 6 6 6 5 5 5 4 2 2 2 2 2 2 2 2 1 
37 31 24 23 23 23 22 22 18 17 17 16 14 13 11 10 10 9 9 9 8 8 8 6 6 6 5 5 5 4 2 2 2 2 2 2 2 1 1 
36 29 24 23 23 22 21 21 18 17 17 16 14 13 10 10 10 9 9 9 8 8 8 6 6 6 5 5 5 3 2 2 2 2 2 2 2 1 
35 29 24 23 23 20 18 18 18 16 16 16 14 13 10 10 10 9 9 8 8 8 7 6 6 6 5 5 5 3 2 2 2 2 2 2 
34 29 23 23 23 19 18 17 17 16 16 16 14 12 10 10 9 9 9 8 6 6 6 6 5 5 5 4 4 3 2 2 2 1 1 1 
33 27 23 22 21 18 18 16 16 16 16 15 12 12 10 10 9 9 9 8 6 6 6 6 5 4 4 4 3 2 2 2 2 1 1 1 
33 26 23 22 21 18 16 16 16 16 15 15 12 11 10 10 9 9 7 6 6 6 4 4 4 4 4 2 1 1 1 1 1 1 1 
33 26 23 21 17 17 16 16 16 16 15 14 12 10 10 9 8 8 6 6 6 5 4 3 2 2 2 2 1 1 1 1 1 
33 24 23 20 17 17 16 16 16 15 15 13 12 9 9 9 8 7 6 6 4 3 2 2 2 1 1 1 1 1 1 
31 24 23 20 17 17 16 15 15 14 12 11 11 8 8 8 8 7 6 5 4 3 2 1 1 1 1 1 1 1 1 
31 24 22 20 17 15 15 15 14 14 12 11 10 8 8 7 7 6 6 4 3 3 2 1 1 1 1 1 1 1 1 
30 22 22 18 17 15 15 15 14 14 12 11 10 8 7 7 7 6 5 4 3 2 2 1 1 1 1 1 1 1 
28 22 22 18 16 15 15 15 13 13 12 10 10 8 7 7 6 5 4 4 2 2 2 1 1 1 1 1 1 
28 22 22 18 16 15 14 13 13 13 11 10 10 8 7 7 6 2 2 2 2 2 1 1 1 
26 21 20 17 15 14 13 13 13 12 10 10 9 8 7 6 6 2 2 2 2 1 1 1 
26 21 18 17 14 13 13 13 13 12 10 9 8 8 7 6 5 2 2 1 1 1 1 
26 21 18 17 14 13 13 13 13 12 10 8 8 7 6 5 5 2 2 1 1 1 
26 21 18 17 14 13 13 13 13 12 10 8 7 7 5 5 5 2 2 1 1 1 
26 19 18 16 14 13 13 13 13 11 10 7 7 7 5 5 5 2 2 1 1 1 
26 19 17 16 14 13 13 13 12 10 9 7 7 6 5 5 3 2 2 1 1 1 
26 19 16 16 14 13 13 10 9 9 9 7 7 5 5 5 3 2 2 1 1 1 
23 18 16 16 14 13 13 10 9 9 8 7 7 5 5 5 3 2 2 
23 17 16 15 14 13 12 9 9 9 8 7 7 5 4 4 3 2 2 
22 16 16 14 14 12 12 9 9 8 8 7 7 5 4 3 3 
22 15 15 13 13 12 12 9 8 8 7 7 7 4 4 3 3 
21 15 15 13 13 9 9 9 8 8 7 7 7 4 4 3 3 
21 15 15 13 13 9 9 9 8 6 6 6 6 4 4 3 2 
19 15 15 13 13 9 9 9 8 5 5 5 3 3 3 3 2 
19 15 15 13 13 9 9 9 6 3 3 3 3 3 3 2 2 
19 15 14 13 13 9 9 9 5 3 3 3 3 3 3 2 1 
19 15 13 13 13 9 9 8 5 3 3 3 3 3 3 2 
18 15 13 12 12 8 8 4 4 3 3 3 3 3 3 2 
17 15 12 12 11 8 7 4 3 3 3 3 3 3 3 2 
16 14 12 12 11 8 7 4 3 3 3 3 3 3 2 
16 13 12 12 11 7 7 4 3 3 3 3 2 2 1 
16 13 12 12 11 7 6 4 3 3 3 3 2 1 1 
16 13 12 12 10 6 6 4 3 3 3 2 2 1 1 
16 12 12 12 10 6 6 4 3 3 2 2 1 1 1 
16 12 12 12 10 6 5 3 3 3 2 2 1 1 1 
16 12 11 10 9 6 4 3 3 3 2 2 
16 12 11 9 9 6 4 3 3 3 2 2 
16 12 10 9 7 6 4 3 3 3 2 2 
16 12 10 9 6 6 4 3 3 2 2 2 
15 12 10 8 6 6 4 3 3 2 2 2 
14 12 10 7 6 6 4 3 3 2 2 2 
14 12 10 7 6 6 4 3 3 2 2 1 
14 12 10 7 6 6 4 3 2 2 2 
14 11 10 7 6 6 4 3 2 2 2 
14 11 9 7 6 4 4 3 2 2 2 
14 11 9 6 6 4 3 3 2 2 2 
14 11 9 6 6 4 3 3 2 2 2 
14 11 9 6 6 4 3 3 2 2 2 
13 11 8 6 4 4 3 2 2 2 2 
12 10 8 6 4 4 3 2 2 2 2 
12 10 8 6 4 4 3 2 2 2 1 
11 9 7 6 4 4 2 2 2 2 1 
11 9 7 6 4 3 2 2 2 2 
11 9 7 6 4 2 2 2 2 2 
11 9 7 4 3 2 2 2 2 1 
11 8 7 3 3 2 2 2 2 1 
10 7 7 3 3 2 2 2 2 
10 7 5 3 3 2 2 2 2 
9 7 5 3 2 2 2 2 2 
9 7 5 3 2 2 2 2 2 
8 7 3 3 2 2 2 1 1 
8 7 3 3 2 2 2 1 1 
8 5 3 3 2 2 2 1 1 
8 5 3 3 2 2 1 1 1 
6 4 3 3 2 2 1 1 
6 4 3 2 2 1 1 1 
6 4 2 2 2 1 1 
6 4 2 2 2 1 1 
6 4 2 2 2 1 1 
6 4 2 2 1 1 1 
6 4 2 2 1 1 1 
6 4 2 2 1 1 1 
6 4 2 2 1 1 1 
5 4 2 2 1 
5 4 2 1 1 
4 4 1 
3 3 1 
3 3 
3 2 
3 2 
3 2 
3 1 
3 1 
3 1 
2 
2 
2 
2 
2 
2 
2 
2 
2 
2 
2 
2 
2 
2 
2 
2 
2 
2 
1 
1 
1 
1 
1 
