175 169 157 148 138 131 122 122 112 112 112 99 97 96 95 95 90 86 85 83 81 81 78 75 74 73 71 70 68 65 61 59 58 55 54 52 50 49 47 47 47 47 47 45 45 45 43 43 42 40 39 39 39 37 37 37 35 35 35 35 34 34 33 32 31 27 27 25 24 23 22 22 22 21 21 21 21 20 20 20 20 20 18 18 18 17 17 16 16 16 16 16 16 16 15 15 15 14 14 14 14 14 13 13 13 13 13 13 13 12 12 11 11 11 11 11 10 8 8 8 7 7 6 6 6 6 6 6 6 6 6 5 5 5 5 5 5 4 4 4 4 3 3 3 3 3 2 2 2 2 2 2 1 1 1 1 1 1 1 
154 140 134 130 127 126 120 115 110 110 101 99 96 93 93 86 82 76 76 74 74 74 72 71 69 65 64 64 60 60 60 58 57 55 54 50 50 47 47 47 47 47 47 45 45 42 39 38 37 37 37 35 35 34 34 34 34 32 32 32 31 28 27 27 27 24 24 24 24 22 22 22 22 21 21 19 19 19 19 17 11 10 10 10 10 10 10 10 10 10 10 10 10 10 10 10 10 10 10 7 6 6 6 6 6 6 6 5 5 5 5 5 5 5 5 5 5 5 5 5 5 5 5 5 5 5 5 5 4 4 4 4 4 4 4 4 3 3 3 3 2 2 2 2 2 2 2 1 1 1 
145 136 133 127 118 116 107 95 94 92 86 81 81 79 79 78 78 73 73 73 68 68 65 63 61 61 61 60 60 58 57 55 52 51 50 48 47 47 42 42 42 41 40 39 39 37 36 35 35 34 34 33 32 31 31 31 31 31 31 29 26 26 25 25 24 24 23 21 21 21 21 20 20 20 20 19 19 17 17 16 10 10 10 10 10 10 10 9 9 9 9 9 9 8 8 8 8 8 8 6 6 6 6 6 6 6 6 5 5 5 5 5 5 5 5 5 5 5 4 4 4 4 4 4 4 4 3 3 3 3 3 3 3 3 3 3 3 3 3 2 2 2 2 2 2 
140 135 124 123 113 109 98 93 90 89 83 80 80 78 77 74 74 72 72 69 68 67 63 61 60 60 60 58 57 57 53 53 50 50 46 46 46 43 42 41 40 40 36 35 34 34 32 32 32 31 31 30 30 29 29 28 27 27 26 26 26 23 23 23 23 22 22 21 19 19 19 19 18 18 18 18 18 17 14 11 10 10 10 10 10 9 9 8 8 8 8 8 8 8 8 8 7 7 6 6 6 5 5 5 5 5 5 5 5 5 5 5 5 5 5 4 4 4 4 3 3 2 2 2 2 1 1 1 1 1 1 1 1 1 1 1 1 1 1 1 1 1 1 
135 113 113 109 96 95 90 88 87 84 79 78 72 70 70 70 68 68 67 63 62 61 58 56 56 55 54 52 52 52 52 48 48 48 46 44 44 42 38 37 37 35 35 35 34 34 32 31 31 27 27 27 27 27 27 26 26 24 24 23 23 19 19 18 18 18 18 15 15 14 14 14 14 14 14 14 14 13 12 11 10 10 10 10 10 9 9 8 8 8 8 7 7 7 7 5 5 5 5 5 5 5 5 5 5 5 5 5 3 3 3 3 2 2 2 1 1 1 1 1 1 1 1 1 1 1 1 1 1 1 1 1 1 1 1 1 1 1 
125 101 100 100 95 91 88 86 85 81 79 73 71 69 68 68 67 64 64 61 61 60 55 54 50 49 48 47 46 45 44 43 42 42 41 40 39 39 37 37 34 34 34 34 32 29 29 29 29 27 27 27 27 26 24 24 23 22 20 20 20 19 19 18 18 16 15 14 12 12 12 12 11 11 11 11 11 11 11 11 10 10 10 9 9 9 9 8 7 7 7 7 7 6 5 5 5 5 5 5 5 5 3 3 3 3 3 3 3 3 3 3 2 2 1 1 1 1 1 1 1 1 1 1 1 1 1 1 1 1 1 
124 100 93 93 89 89 88 83 82 78 74 71 70 68 68 68 65 63 60 60 55 55 55 54 50 47 46 44 40 40 40 40 40 39 39 37 37 35 35 35 34 33 33 29 29 28 28 27 27 27 25 25 24 23 23 21 20 20 19 18 18 18 15 15 14 14 13 13 12 12 12 11 11 11 11 11 11 11 11 11 10 10 9 9 9 9 8 7 7 6 5 5 5 5 4 4 4 4 4 4 3 3 3 3 3 3 3 3 3 2 1 1 1 1 1 1 1 1 1 1 1 1 1 1 1 1 1 
117 98 93 93 89 88 86 82 72 71 69 69 67 67 65 64 64 62 59 59 55 55 53 51 48 46 45 44 40 40 40 40 39 39 37 35 35 35 35 34 34 32 30 28 28 28 25 25 25 25 23 23 22 21 20 20 19 17 17 16 16 15 14 12 12 12 12 12 12 12 11 11 11 11 11 11 10 9 9 8 8 8 8 6 6 6 5 5 5 5 5 5 4 4 4 4 4 4 4 3 3 3 3 2 2 2 2 2 1 1 1 1 1 1 1 1 1 1 1 1 1 1 
114 97 93 92 83 81 74 74 72 71 69 69 64 62 62 61 61 60 57 55 54 52 50 50 48 43 43 43 40 40 40 39 38 36 36 35 35 34 34 33 32 30 29 28 27 27 25 25 25 24 21 18 18 17 16 16 14 14 12 12 11 11 10 10 10 10 10 10 10 10 10 10 10 10 10 10 9 7 7 5 5 5 5 5 5 4 4 4 4 4 3 3 3 3 2 2 2 1 1 1 1 1 1 1 1 1 1 1 1 1 1 1 1 1 1 1 1 1 1 1 1 
114 97 93 89 77 76 74 74 71 70 67 63 61 60 60 54 50 48 48 46 46 46 46 46 46 41 41 41 40 40 39 38 37 35 33 32 32 32 32 32 30 29 27 26 24 24 24 24 23 23 21 17 17 17 12 10 10 10 10 10 10 10 10 10 10 9 8 8 8 7 7 7 7 7 7 6 6 6 6 5 5 5 5 5 4 4 3 3 3 3 3 3 3 3 2 2 2 1 1 1 1 1 1 1 1 1 1 1 1 1 1 1 1 1 1 1 1 
114 88 88 88 77 75 72 71 70 68 64 61 61 58 56 54 48 48 48 46 46 44 43 41 41 40 39 39 37 37 37 35 35 35 33 32 32 31 29 29 28 26 25 24 24 23 23 22 22 22 17 17 16 16 11 10 10 10 10 10 10 10 10 10 10 8 8 7 7 7 7 7 7 7 7 5 5 5 5 5 4 4 4 4 4 3 3 3 3 3 3 3 2 2 2 2 1 1 1 1 1 1 1 1 1 1 1 1 1 
109 85 85 81 76 73 72 70 69 68 63 61 60 58 56 48 48 47 47 46 43 42 41 39 39 39 38 38 36 36 31 31 31 31 31 30 30 29 29 28 24 24 24 24 23 23 22 21 18 18 17 17 15 15 10 10 10 10 10 10 10 10 10 10 10 7 7 7 7 7 7 7 7 7 6 5 5 5 5 5 4 4 4 3 3 3 3 3 3 3 3 3 2 1 1 1 1 1 1 1 1 1 1 1 1 1 
106 85 84 81 74 73 71 69 68 64 61 57 57 52 51 47 47 47 45 43 42 41 39 38 37 36 36 36 35 32 31 31 30 30 30 30 30 28 27 26 24 24 23 23 21 19 19 19 18 17 16 15 15 14 10 10 10 10 10 10 10 10 10 9 7 7 7 7 7 7 7 7 7 6 4 4 4 4 4 4 4 4 4 3 3 3 3 3 3 3 3 1 1 1 1 1 1 1 1 1 1 1 1 
102 85 84 81 72 71 69 68 68 63 59 54 54 51 49 46 44 44 44 42 42 40 39 37 37 36 36 36 32 30 30 30 30 30 30 30 29 28 26 25 23 22 21 21 20 19 18 17 17 16 16 15 13 11 10 10 10 10 10 10 9 9 9 9 7 7 7 7 7 7 6 6 5 5 4 4 4 4 4 3 3 3 3 3 3 2 2 
100 84 82 78 70 70 66 64 64 59 55 51 51 50 49 46 43 43 41 40 40 39 35 35 35 35 35 32 30 30 30 30 30 30 28 27 27 26 26 25 23 22 21 21 19 19 18 13 13 13 13 13 13 11 10 10 10 10 10 10 9 9 9 7 7 7 7 7 7 6 6 5 5 5 4 4 4 4 3 3 3 3 3 3 1 1 1 
97 83 78 72 70 70 64 64 61 58 53 49 49 49 46 43 42 40 40 40 39 38 35 35 34 33 32 30 30 30 29 29 28 27 27 27 25 24 23 23 21 20 19 18 17 15 15 13 13 13 12 12 12 10 10 10 10 10 10 9 9 9 8 7 7 7 7 5 5 4 4 4 4 4 4 4 4 4 3 2 2 2 1 1 1 1 
91 79 78 72 64 63 63 63 57 56 52 49 48 48 45 42 41 39 39 39 38 35 34 34 33 33 31 30 30 30 28 28 27 27 26 25 22 21 20 19 18 18 18 16 15 14 13 13 11 11 11 11 11 10 10 10 10 10 8 8 8 7 7 7 5 5 5 5 5 4 4 3 3 3 3 3 1 1 
88 78 78 69 63 63 60 59 57 55 51 47 47 46 45 41 40 39 39 37 37 35 33 33 32 31 31 30 29 29 26 25 25 25 22 22 21 20 19 19 18 17 17 15 15 13 13 11 11 10 10 10 10 9 9 9 9 9 8 8 8 7 6 6 5 5 5 4 4 3 3 3 3 3 2 
86 77 77 69 63 62 60 59 57 55 51 44 44 44 43 41 40 39 38 37 35 34 30 30 29 27 27 27 26 26 26 20 20 20 20 20 19 19 18 18 18 17 17 15 13 13 12 11 11 9 9 9 9 9 9 8 8 8 8 8 8 7 5 5 5 5 5 4 3 3 2 2 2 2 1 
85 77 76 68 63 61 58 58 56 51 51 44 44 43 43 41 40 36 36 36 32 32 29 28 28 27 27 26 26 25 25 20 20 20 20 20 19 19 18 17 17 15 15 12 12 10 10 10 10 9 9 9 9 9 8 7 7 7 6 6 5 5 4 4 4 4 2 
83 75 73 68 63 60 58 54 54 51 48 44 44 43 42 41 38 36 35 34 31 30 28 28 27 27 27 25 24 24 24 20 20 20 20 20 19 19 18 16 15 14 11 10 10 10 10 9 9 9 9 9 8 7 6 4 4 4 3 3 2 2 2 2 2 2 
82 75 72 67 63 60 57 54 48 47 47 43 43 40 40 40 37 36 35 34 31 28 28 27 27 27 26 23 23 21 20 20 19 19 18 18 18 17 17 16 12 12 10 10 9 9 9 8 8 7 7 7 6 4 4 4 4 4 3 3 2 2 2 2 2 1 
82 73 69 65 62 57 56 50 48 47 44 42 40 40 38 38 33 33 30 30 30 27 26 26 26 26 24 21 21 21 20 20 19 18 17 16 16 16 16 13 12 12 10 10 9 9 9 8 8 6 6 6 6 4 4 3 3 2 2 2 2 2 2 2 
82 73 69 64 60 56 56 50 45 44 43 41 40 39 37 34 33 31 30 29 29 26 26 26 26 23 22 21 21 20 20 19 18 18 17 16 16 15 12 12 12 12 10 9 9 9 8 7 7 6 6 6 6 4 4 3 2 2 2 2 1 1 1 1 
78 72 66 62 60 56 56 50 44 44 42 41 40 36 34 34 30 29 29 29 28 26 26 23 23 23 21 21 20 20 18 18 16 16 16 16 15 14 12 12 11 11 9 9 9 9 8 7 6 5 5 5 3 3 2 2 2 2 2 1 1 1 1 1 
76 71 66 61 58 56 54 48 41 41 41 38 38 36 30 30 30 29 29 29 28 26 24 23 23 23 21 20 19 19 18 18 16 15 15 15 15 14 12 12 11 11 9 8 7 7 7 7 6 5 5 4 3 3 2 2 1 1 1 1 1 1 1 1 
76 69 63 59 57 55 53 47 41 41 39 37 36 36 30 30 29 29 29 28 27 26 24 22 22 22 21 20 19 18 16 16 14 14 14 12 12 12 12 11 11 11 8 7 7 7 7 6 6 4 3 3 3 3 2 2 1 1 1 1 1 1 
75 69 61 58 56 54 50 47 39 39 38 36 35 35 30 30 29 29 28 28 26 25 21 21 21 21 20 20 18 17 15 15 13 11 11 10 10 10 10 10 10 9 8 7 7 5 5 5 4 4 3 3 3 2 1 1 1 1 1 1 1 1 
72 65 59 57 54 51 47 44 39 39 38 36 35 34 30 30 29 28 28 25 23 23 21 19 19 19 19 17 17 17 15 15 13 10 10 10 10 9 9 9 9 9 7 7 5 5 5 5 4 4 3 3 3 2 1 1 1 1 1 1 
72 65 57 55 52 51 47 44 39 39 37 36 33 28 28 28 27 26 26 24 21 21 21 19 19 17 17 17 17 15 15 13 13 10 10 10 9 9 8 8 8 8 7 7 5 5 5 4 4 4 2 2 2 1 1 1 
71 60 56 54 46 46 45 42 39 37 37 35 31 28 28 28 25 25 23 22 21 21 21 19 18 17 14 13 12 12 11 11 11 10 10 9 8 8 8 7 7 6 6 6 5 4 4 4 3 2 2 2 2 1 1 1 
69 58 56 53 46 46 44 42 39 35 34 34 28 28 27 27 25 25 23 22 21 19 18 17 17 17 13 13 12 12 11 11 11 9 8 8 7 7 7 7 7 6 6 6 5 4 4 4 3 2 1 1 1 1 1 
65 58 53 52 46 45 43 38 38 34 34 30 28 27 25 25 25 23 23 21 21 18 18 17 17 15 12 12 12 11 11 11 10 9 8 7 7 7 7 7 7 6 5 5 4 3 3 3 1 1 1 
64 57 52 51 46 45 39 38 37 34 29 28 28 27 24 24 24 22 22 19 18 16 15 15 15 15 12 12 12 11 11 11 10 8 8 6 6 6 6 6 6 5 4 4 3 3 3 3 1 1 1 
61 57 52 51 43 42 38 38 35 31 28 28 26 25 24 23 22 21 21 18 17 15 15 15 15 14 12 12 11 11 9 9 9 8 8 6 6 5 5 5 4 4 4 4 3 3 3 3 1 1 1 
58 54 51 50 42 36 36 35 33 31 28 28 25 25 23 23 20 20 18 17 16 15 15 15 13 12 10 10 10 10 9 8 8 7 7 6 6 5 5 5 4 4 3 3 3 3 2 2 1 
55 52 51 45 41 35 35 34 30 29 28 28 25 25 23 22 18 16 16 16 16 15 15 15 12 11 10 10 10 9 9 7 7 7 6 6 5 5 5 3 3 3 3 3 3 2 2 2 1 
55 47 44 44 40 35 35 33 28 28 27 27 24 22 22 21 18 16 16 16 15 15 13 12 12 10 10 10 10 9 7 7 7 6 6 5 5 5 3 3 3 3 2 2 2 2 2 2 1 
54 46 44 44 40 35 34 30 28 26 26 23 23 22 21 21 17 16 16 16 15 13 12 12 11 10 9 9 9 9 7 6 5 5 5 5 5 5 3 3 3 3 2 2 2 2 2 1 1 
54 45 44 44 38 34 30 30 26 26 26 23 23 21 21 21 17 15 15 13 13 12 12 11 10 10 9 9 9 8 7 5 5 5 5 5 4 4 3 3 3 2 2 2 2 1 1 1 1 
53 44 43 43 37 34 30 27 26 24 24 23 23 19 19 17 16 15 14 13 13 11 11 10 10 9 9 9 7 6 5 5 5 4 4 4 4 4 3 3 2 2 2 1 1 1 1 1 
52 43 43 41 37 34 29 27 26 24 24 23 21 17 16 14 14 14 14 13 12 10 10 10 9 9 9 6 5 5 5 5 4 4 4 4 3 3 3 3 2 2 1 1 1 1 1 1 
47 43 42 40 34 33 29 27 26 23 21 19 18 16 15 14 13 13 13 13 12 10 10 10 9 9 9 5 5 5 5 5 4 4 4 4 3 3 3 3 2 2 1 1 1 1 1 
47 43 42 39 34 29 28 26 26 21 18 18 18 16 15 13 13 13 13 12 11 9 9 9 9 9 9 5 5 5 5 5 4 4 4 4 3 3 3 3 2 2 1 1 1 1 1 
46 42 41 38 34 28 28 26 24 19 18 18 18 16 15 13 13 13 12 12 11 9 9 9 9 9 9 5 5 4 4 4 4 4 3 3 3 3 3 3 2 1 1 1 1 1 
44 40 36 36 34 28 28 26 24 19 18 17 16 13 13 13 12 12 12 11 11 9 9 9 9 9 7 5 5 4 4 4 4 4 3 3 3 3 3 2 2 1 1 
44 40 36 36 33 28 27 23 23 17 17 17 15 13 13 13 12 12 11 11 11 9 9 8 8 8 6 5 5 4 4 4 4 3 3 3 3 3 3 2 1 1 1 
44 39 36 34 33 27 26 23 23 17 17 17 15 13 13 13 12 12 11 11 10 9 8 8 8 8 6 5 4 4 4 4 4 3 3 2 2 2 2 1 1 1 1 
43 39 35 33 33 27 25 23 23 17 17 17 14 13 12 12 12 11 11 10 10 9 8 8 8 8 6 5 4 4 4 3 3 3 3 2 1 1 1 1 1 1 
43 38 35 33 30 26 24 23 22 17 17 17 13 13 12 12 12 11 10 10 10 9 8 7 6 6 6 4 4 4 4 3 3 3 3 1 1 1 1 1 
42 38 35 30 30 25 23 22 21 17 17 16 13 12 12 12 11 10 10 10 9 9 8 7 6 6 5 4 4 4 4 3 3 3 3 1 1 1 1 
41 37 33 30 30 24 22 21 20 17 17 16 13 12 12 12 11 10 10 10 9 8 8 6 6 5 4 4 4 4 3 3 3 3 3 1 1 1 1 
40 36 30 30 30 22 21 21 18 17 16 16 11 11 10 10 10 10 10 10 9 8 8 6 6 5 4 4 4 4 3 3 3 3 3 1 1 1 
38 30 28 28 26 22 21 19 16 16 15 13 11 10 10 10 10 10 9 9 8 7 6 5 5 4 4 4 4 4 3 3 3 1 1 1 1 
38 29 28 26 26 22 21 19 16 16 15 13 11 10 10 10 9 8 8 8 7 7 6 5 4 4 3 3 3 3 3 3 3 1 1 
37 29 27 25 25 22 20 18 16 16 14 13 11 10 9 8 8 8 8 7 7 5 5 3 3 3 3 3 3 3 3 2 2 1 
37 29 27 25 23 22 19 17 16 14 13 13 11 9 9 8 8 8 8 6 5 5 3 3 3 3 3 3 3 3 3 1 1 1 
37 29 27 25 22 20 19 16 16 13 13 13 11 9 8 8 8 8 7 5 5 5 3 3 3 3 2 
36 29 27 25 20 19 19 15 14 13 13 13 9 9 8 8 8 8 7 5 5 5 3 3 3 3 1 
35 29 27 25 20 19 15 15 14 13 13 11 9 8 8 8 7 7 6 5 5 5 3 3 3 1 
35 27 26 25 19 18 15 14 14 13 13 11 9 8 8 6 6 6 6 5 5 3 3 3 3 
35 27 26 22 19 18 15 13 13 13 12 11 8 8 8 6 6 6 6 5 3 3 3 3 2 
33 26 25 22 18 18 14 13 13 12 10 10 7 6 6 5 5 4 4 4 3 3 2 2 2 
30 26 25 22 17 16 13 12 12 10 9 9 7 6 5 5 4 4 4 4 3 3 2 2 2 
30 26 24 20 17 16 12 11 11 10 9 9 6 6 5 5 3 3 3 3 3 2 2 2 
30 26 24 19 17 15 12 11 11 10 9 7 5 5 4 4 3 3 3 3 3 2 2 1 
26 22 22 19 17 15 12 10 10 9 9 7 5 5 4 4 3 3 3 3 3 2 2 1 
25 22 21 17 16 13 11 10 10 9 7 7 5 5 4 4 3 3 3 3 3 2 2 1 
25 22 21 17 16 10 9 8 8 8 7 7 5 4 4 3 3 3 3 2 2 2 1 1 
25 22 20 16 15 10 9 8 7 7 7 7 4 4 4 3 3 3 2 2 2 2 1 
25 21 20 16 15 9 9 8 7 7 6 6 4 4 4 3 3 3 2 2 2 1 
24 21 19 16 12 9 7 7 7 6 6 5 4 4 3 3 3 3 2 1 1 1 
23 20 19 15 12 8 7 7 7 6 6 5 4 4 3 3 3 3 2 1 
22 18 18 15 11 8 7 7 7 6 5 5 4 4 3 3 3 2 1 
22 18 17 14 10 8 7 7 7 6 5 4 4 3 3 3 2 1 1 
22 18 17 14 10 7 7 7 7 6 4 4 4 3 3 3 2 1 1 
21 18 16 13 10 7 7 7 6 6 4 4 4 3 3 3 2 1 1 
19 18 13 12 10 7 6 6 6 5 4 4 4 3 3 3 2 1 1 
18 18 12 12 10 7 6 6 6 4 4 4 3 3 3 3 1 1 1 
18 18 12 12 10 7 6 6 4 4 4 3 3 3 3 1 1 1 1 
15 15 12 12 8 7 6 5 4 4 4 3 3 3 1 1 1 1 1 
15 15 12 11 8 7 6 5 4 3 3 3 2 1 1 1 1 1 1 
15 14 12 10 8 7 6 4 4 3 3 3 2 1 1 1 1 1 1 
15 13 12 10 8 7 6 4 4 3 2 2 1 1 1 1 1 
15 13 11 10 8 7 4 4 4 3 2 2 1 1 1 
14 13 11 9 8 7 4 4 3 3 1 1 1 
14 13 11 8 7 7 4 3 3 3 1 1 
13 13 10 8 7 7 4 3 3 3 1 1 
13 13 10 8 7 7 4 3 3 3 1 1 
12 11 9 8 7 5 4 3 3 2 1 1 
12 11 9 7 7 5 4 3 3 2 1 1 
12 10 9 6 6 5 4 3 3 2 1 1 
12 10 9 6 6 5 4 3 3 1 1 1 
11 10 9 6 6 3 3 3 2 1 1 
11 10 9 6 5 3 3 3 2 1 1 
11 10 8 6 4 3 3 3 2 1 
11 10 8 6 4 3 2 2 2 1 
11 10 7 6 4 2 2 2 2 1 
11 10 6 5 4 2 2 2 1 1 
11 10 6 4 4 2 2 2 1 1 
10 8 6 4 4 2 2 2 1 1 
9 8 6 4 3 2 2 2 1 
9 8 4 4 3 2 2 2 1 
9 8 4 4 2 2 2 2 
9 8 4 4 2 2 1 1 
9 6 4 4 2 2 1 1 
8 5 4 3 2 2 1 1 
8 5 3 3 2 2 1 1 
8 5 3 3 2 2 1 1 
8 5 3 3 2 2 1 1 
8 5 3 3 2 2 1 
8 4 3 3 2 2 1 
8 4 3 2 2 2 1 
7 4 3 2 2 1 1 
7 4 2 2 2 1 1 
4 4 2 2 2 1 1 
4 3 2 2 2 
4 3 2 2 2 
4 3 2 2 2 
4 2 2 2 1 
4 2 2 2 1 
4 2 2 1 1 
4 2 2 1 1 
4 2 1 1 
4 2 1 1 
4 2 1 1 
3 2 1 1 
1 1 1 
1 1 1 
1 1 1 
1 1 1 
1 1 
1 1 
1 1 
1 1 
1 1 
1 1 
1 1 
1 1 
1 1 
1 1 
1 1 
1 
1 
1 
1 
1 
1 
1 
1 
1 
1 
1 
1 
1 
1 
1 
1 
1 
1 
1 
1 
