167 141 134 132 131 122 119 101 97 97 97 91 90 89 88 88 87 84 82 81 75 70 70 70 70 70 68 67 66 63 60 59 55 54 52 52 51 51 51 50 47 45 44 43 41 41 40 40 39 39 38 37 34 34 34 34 34 32 31 30 29 29 29 26 25 25 24 24 24 24 24 24 24 24 22 22 22 22 22 21 21 19 19 19 18 18 18 18 18 18 17 16 15 9 9 9 9 9 9 8 7 7 7 7 7 7 7 7 7 7 7 7 7 7 6 6 6 6 6 6 6 6 5 5 5 5 5 5 5 5 5 5 5 5 5 5 5 5 5 5 5 3 3 2 2 2 2 2 1 1 1 1 1 1 1 1 1 1 1 1 1 1 1 1 1 
163 125 125 122 116 113 104 97 96 94 94 90 89 83 83 82 80 78 77 73 73 69 69 67 65 65 61 61 60 60 60 54 54 52 51 51 49 48 48 48 44 44 43 41 40 39 39 39 37 32 32 30 29 29 28 28 28 28 28 28 28 27 25 25 25 24 24 22 22 21 21 21 21 20 20 20 20 20 18 18 18 18 17 17 17 12 12 12 9 9 9 9 9 9 9 8 8 8 8 7 6 5 5 5 5 4 4 4 4 4 4 4 4 4 4 4 4 4 4 4 4 4 4 4 4 4 4 4 4 4 4 4 4 4 4 4 4 4 3 3 3 2 2 2 1 1 1 1 1 1 1 1 1 1 1 1 1 
158 125 123 114 103 100 94 94 88 85 85 84 82 81 80 78 77 69 69 68 68 65 63 62 62 61 61 61 60 55 52 52 51 48 48 44 42 42 42 42 41 36 36 36 36 35 34 34 34 32 31 29 29 28 28 28 28 28 28 28 27 26 25 25 22 21 21 21 21 20 19 19 19 19 19 19 19 19 18 17 16 15 12 12 9 9 7 7 7 7 7 7 6 6 6 6 5 5 5 5 5 5 4 4 4 4 4 4 4 3 3 3 3 3 3 3 3 3 3 3 3 3 3 3 3 3 3 3 3 3 3 3 3 3 3 3 3 3 3 3 2 1 1 1 1 1 1 1 1 1 1 1 1 1 1 
131 122 112 106 103 99 90 90 86 85 85 83 78 78 77 72 71 68 68 67 63 63 56 56 56 52 52 52 50 50 50 49 49 48 45 42 41 38 36 36 36 36 36 34 34 34 33 33 32 31 29 28 28 28 28 28 28 28 28 28 26 25 25 24 20 20 19 19 19 18 18 18 18 18 18 18 17 15 15 15 14 13 11 10 9 8 7 7 7 7 6 6 5 5 5 5 5 5 4 4 4 4 4 4 4 4 4 3 3 3 3 3 3 3 3 3 3 3 3 3 3 3 3 3 3 3 3 3 3 2 2 2 2 2 2 2 2 2 1 1 1 1 1 1 
120 113 102 100 100 99 90 90 85 85 80 80 77 76 71 68 68 67 62 58 58 57 56 55 53 49 49 49 45 45 43 43 41 40 40 40 39 36 36 36 33 33 31 28 28 28 28 28 28 28 28 27 27 27 26 26 26 25 25 23 23 23 23 21 20 19 19 18 18 18 18 17 16 16 16 15 14 13 13 12 11 11 8 8 8 7 7 7 7 7 5 5 5 4 4 4 4 4 4 4 4 4 4 4 3 3 3 3 3 3 3 3 3 3 3 3 3 2 2 2 1 1 1 1 1 1 1 1 1 1 1 1 1 1 1 1 1 1 1 1 1 1 
118 109 100 97 96 94 90 86 85 82 78 73 73 69 68 66 65 63 60 58 56 55 55 55 53 49 47 47 45 42 42 41 40 40 39 37 36 34 34 34 33 30 30 28 28 28 27 27 24 23 23 23 23 22 22 22 21 21 20 20 19 19 19 19 19 19 19 18 17 15 15 15 14 13 13 11 11 11 11 9 9 9 8 7 7 7 7 7 5 5 5 5 5 4 4 4 4 4 4 4 4 4 3 3 3 3 3 3 3 3 3 3 2 2 2 1 1 1 1 1 1 1 1 1 1 1 1 1 1 1 1 1 1 1 1 1 1 1 1 1 
118 106 97 94 93 91 83 83 78 78 73 71 68 68 65 64 64 57 57 53 52 52 51 50 48 48 46 42 42 41 41 40 40 40 37 35 35 34 34 33 32 28 28 28 28 28 26 26 23 23 22 21 21 21 21 20 20 20 18 18 18 18 18 16 15 15 15 15 14 14 14 14 10 10 10 10 10 10 9 8 8 7 7 7 5 5 5 5 5 5 5 4 4 4 4 4 3 3 3 3 3 3 3 3 3 3 3 3 2 2 2 2 2 2 1 1 1 1 1 1 1 1 1 1 1 1 1 1 1 1 
114 99 93 90 89 88 80 80 75 73 71 68 68 67 64 61 55 53 52 52 52 51 50 50 48 46 44 42 39 39 38 38 38 34 32 31 31 31 29 29 29 28 28 27 27 27 26 25 23 22 22 21 21 19 19 17 17 16 16 16 15 15 15 15 15 15 15 15 14 14 12 12 10 10 10 9 9 9 8 7 7 5 4 4 4 4 4 4 4 4 4 4 4 4 3 3 3 3 3 3 3 3 2 2 2 2 1 1 1 1 1 1 1 1 1 1 1 1 1 1 1 
111 95 89 89 88 81 76 72 69 66 66 65 65 64 62 56 53 53 52 51 51 49 48 48 47 43 41 36 35 35 35 31 30 30 30 30 30 29 29 29 28 24 24 24 24 23 23 23 22 22 19 19 19 18 18 17 17 16 16 15 15 14 12 12 12 12 12 12 12 12 12 10 10 9 8 8 8 8 8 7 7 4 4 4 4 4 4 4 4 4 4 4 4 3 3 3 3 3 3 3 2 2 2 2 1 1 1 1 1 1 1 1 
108 94 89 89 78 74 72 70 67 66 66 65 61 60 60 55 51 50 50 49 49 47 47 46 46 39 38 35 35 35 35 30 30 30 30 29 28 28 28 28 26 24 24 24 24 23 23 22 22 22 19 19 18 17 17 17 17 15 15 15 15 13 12 12 12 12 11 11 9 9 9 9 9 8 8 8 8 8 7 7 6 4 4 4 4 4 4 4 4 4 4 4 3 3 3 3 3 3 2 2 2 2 2 1 
106 86 86 85 70 70 70 68 62 61 61 60 60 55 55 54 51 50 49 47 47 47 42 42 41 38 38 35 35 33 32 30 30 30 29 29 28 28 28 26 26 24 24 24 24 23 23 22 21 21 17 17 17 17 17 15 15 14 14 14 14 12 12 12 12 12 10 9 9 9 9 9 9 8 8 8 8 8 7 6 5 4 4 4 4 4 4 4 4 4 4 4 3 2 2 2 2 2 2 2 1 1 
106 86 84 83 68 66 66 66 62 58 58 58 58 54 53 53 50 49 45 44 44 43 42 38 38 38 37 35 34 33 32 29 29 28 28 28 28 28 26 25 24 24 24 24 24 23 22 21 18 18 17 17 16 16 15 14 14 13 13 13 13 12 12 11 11 11 10 9 9 9 9 8 8 8 8 7 7 7 6 5 5 4 4 4 4 3 3 3 3 3 3 3 2 2 2 2 2 1 1 1 1 
105 86 84 79 68 66 66 63 60 58 57 54 52 50 50 48 48 48 44 44 43 41 41 38 36 36 36 34 33 32 30 29 27 27 27 27 27 27 26 24 23 23 21 21 19 18 18 17 15 15 15 15 15 14 14 13 13 11 11 11 11 10 10 9 8 8 8 8 8 8 8 8 8 8 7 7 7 7 5 5 5 4 4 4 4 3 3 3 3 3 3 2 2 2 2 2 1 1 
104 85 83 78 68 66 64 63 60 55 54 53 51 50 48 48 48 47 44 43 41 39 39 37 36 36 36 33 33 30 28 28 27 27 27 26 23 23 23 22 22 22 21 20 18 17 17 15 14 14 14 14 13 13 13 13 13 11 11 11 10 9 9 9 8 8 8 8 7 7 7 6 6 6 6 5 5 4 4 4 4 4 4 4 3 2 2 2 2 2 2 2 2 2 2 
104 85 83 78 67 63 63 60 57 55 53 51 51 49 48 47 47 44 41 41 39 39 38 36 35 35 34 33 31 29 28 28 27 27 23 22 22 22 22 22 20 20 20 19 17 16 14 14 14 13 13 13 13 13 13 10 10 10 10 10 10 9 9 9 8 8 7 7 7 7 6 6 6 5 5 4 4 4 3 3 3 3 3 3 2 2 2 2 1 1 1 1 1 1 1 
99 85 82 76 66 63 62 60 56 54 52 51 49 49 48 46 45 44 41 40 38 36 36 36 35 34 33 32 28 26 26 26 26 26 23 22 22 22 22 20 20 19 19 18 16 15 14 14 14 13 13 12 12 12 12 10 10 9 8 8 8 8 8 7 7 7 7 7 6 6 6 6 4 4 4 4 3 3 3 3 3 3 3 3 2 1 1 1 1 1 1 
95 84 79 76 65 59 58 57 56 51 49 49 49 46 44 44 41 41 41 39 37 36 36 34 33 31 31 31 27 26 26 26 26 23 22 21 21 19 19 19 18 16 16 16 15 15 14 14 14 13 13 11 11 11 10 10 8 7 7 7 7 7 7 7 6 5 5 5 5 4 4 3 3 3 3 3 3 3 3 3 3 3 2 2 2 1 1 1 1 1 
94 84 77 70 65 58 58 55 50 47 47 47 46 43 42 41 39 39 37 37 36 35 31 31 30 29 29 29 27 25 25 21 21 19 18 18 18 18 18 18 18 14 14 13 13 13 13 13 11 11 11 11 10 10 10 9 8 7 7 7 7 7 7 6 5 5 5 5 4 4 4 3 3 3 3 3 3 3 3 3 3 2 2 1 1 1 1 1 1 
92 80 73 70 65 58 51 49 46 45 45 45 43 42 39 39 37 37 37 35 35 34 31 31 29 29 29 28 26 25 25 21 19 19 18 18 18 18 16 14 14 13 13 13 13 13 13 13 11 11 11 10 9 8 8 8 7 7 7 7 7 7 6 4 4 4 4 3 3 3 3 3 3 3 2 2 2 2 2 2 2 2 2 1 1 1 1 
86 77 73 69 60 56 50 48 46 45 45 45 43 36 36 35 35 35 35 35 33 32 31 31 29 28 27 25 24 23 22 19 18 18 18 18 18 15 15 14 14 13 13 13 12 12 12 11 11 9 9 9 9 8 8 7 7 7 7 7 7 6 6 4 4 4 4 3 3 3 3 3 3 3 2 2 2 2 2 2 1 1 1 1 1 1 1 
81 77 72 68 60 56 49 47 46 45 45 44 37 36 35 35 34 34 32 32 32 32 30 30 29 28 27 24 22 22 20 18 18 18 18 18 16 15 15 13 11 11 11 11 11 11 11 11 10 9 9 9 9 7 7 7 5 5 5 5 5 5 4 4 4 4 4 3 3 3 3 3 3 2 2 2 2 2 2 2 1 1 1 1 1 1 1 
74 74 71 65 57 54 46 45 45 45 43 43 36 35 34 34 33 32 30 30 29 28 26 26 26 26 26 24 20 20 18 18 18 18 18 16 16 15 13 13 11 11 11 11 11 11 10 9 9 9 9 9 8 7 7 5 5 5 5 5 5 5 4 3 3 3 3 3 3 3 3 3 3 2 2 2 2 2 2 1 1 1 1 1 1 
74 74 70 65 56 54 45 45 43 43 43 43 35 35 33 32 32 29 27 27 27 27 26 26 26 26 26 24 20 20 18 18 18 18 18 16 15 13 13 12 11 11 11 11 10 9 9 9 9 9 9 7 7 7 6 5 5 5 5 5 5 3 3 3 3 3 3 2 2 2 2 2 2 2 2 2 1 1 1 1 1 1 1 
74 68 66 63 54 52 45 43 42 42 42 42 35 34 32 32 31 28 27 27 27 27 25 25 25 25 24 24 20 20 18 18 18 16 15 15 14 13 11 11 11 11 10 10 10 9 9 8 8 6 6 6 6 5 5 5 5 5 5 5 4 3 3 3 3 3 3 2 2 2 2 2 2 2 1 1 
73 65 62 62 53 49 45 43 42 42 40 39 34 33 30 29 29 28 27 25 25 25 25 24 24 24 23 19 19 19 18 18 17 16 15 15 14 13 11 11 11 11 10 9 8 7 7 6 6 6 6 5 5 5 5 5 4 4 4 4 3 3 1 1 1 1 1 1 1 1 1 1 
69 65 62 61 51 49 45 43 42 40 33 33 33 31 30 29 28 28 25 25 25 25 25 24 22 22 22 19 18 18 18 18 16 16 11 11 11 11 11 11 11 11 10 8 7 7 7 6 6 6 6 5 5 5 5 4 4 4 4 3 3 3 1 1 1 1 1 1 1 1 1 1 
67 65 62 59 51 48 44 43 42 40 33 33 31 30 29 28 28 27 25 25 25 24 24 24 22 21 20 19 18 18 17 16 16 14 11 11 11 11 11 11 10 10 9 7 7 6 6 6 6 6 5 5 5 5 4 4 3 3 3 3 3 3 1 1 1 1 1 1 1 1 1 1 
67 57 57 57 50 48 44 41 40 39 33 33 31 29 29 28 27 26 25 25 25 24 23 23 20 20 20 18 17 17 16 15 15 14 11 11 11 11 11 11 10 9 9 7 7 6 6 6 6 6 5 5 5 4 3 3 3 3 3 3 1 1 1 1 1 1 1 1 1 1 1 
62 57 57 57 50 47 43 41 40 39 33 33 31 29 25 25 25 25 25 23 23 23 23 22 20 20 17 17 17 16 15 15 15 13 11 11 11 10 10 10 10 9 9 7 7 6 6 6 6 5 5 5 5 4 3 3 3 3 2 2 1 1 1 1 1 1 1 1 1 1 1 
62 57 55 55 50 47 43 40 39 39 33 31 30 27 25 25 25 25 24 23 23 23 21 21 17 17 16 16 16 16 15 14 12 12 11 11 11 10 9 9 8 8 7 7 7 6 6 5 5 5 5 4 4 4 3 3 3 2 1 1 1 1 1 1 1 1 1 1 1 1 1 
60 57 55 55 48 45 43 40 39 36 33 31 28 27 25 25 25 23 23 23 23 21 19 19 16 16 16 16 16 14 12 12 12 11 11 11 11 8 8 8 8 8 7 6 6 5 5 5 4 4 4 3 3 3 3 3 3 2 1 1 1 1 1 1 1 1 
60 55 55 52 46 44 42 40 36 34 32 29 28 27 24 24 23 23 22 22 22 20 17 17 16 16 16 16 14 14 11 11 11 10 10 10 10 8 8 8 8 6 6 6 6 5 5 4 4 3 3 3 3 3 3 2 2 2 1 1 1 1 1 
59 55 54 50 46 44 42 38 36 33 31 28 27 27 24 23 23 23 22 21 21 18 17 16 16 16 16 14 14 12 11 11 11 10 10 9 9 8 8 8 7 6 6 6 5 5 5 4 4 3 3 3 3 3 3 2 1 1 1 1 
58 55 49 49 45 44 42 37 36 33 31 28 27 25 24 23 23 23 21 21 20 18 17 16 16 16 15 14 14 11 11 11 10 10 10 8 8 8 8 7 6 6 6 6 4 4 4 4 4 3 3 2 2 2 1 1 1 1 
57 53 49 49 44 43 41 37 33 33 30 28 27 25 24 23 23 23 21 20 19 15 15 15 15 15 15 14 12 10 10 10 10 10 9 8 8 8 7 7 6 4 4 4 4 4 4 4 4 3 3 2 2 2 1 1 
57 53 47 47 44 41 39 37 33 33 28 28 27 25 22 22 22 22 18 18 18 15 15 15 15 15 15 12 12 10 10 10 10 10 9 8 5 5 5 5 5 4 4 4 3 3 3 3 3 3 2 2 2 2 
57 51 46 45 44 41 37 34 31 31 28 28 26 25 21 21 21 21 18 18 18 15 15 15 15 15 14 12 10 10 10 10 10 9 9 6 5 5 5 5 5 4 4 3 3 3 3 3 2 2 2 2 2 
57 50 45 42 38 38 34 34 31 31 28 28 26 25 21 20 20 19 18 18 17 15 15 15 15 14 13 12 10 10 10 10 8 7 7 5 5 5 5 4 4 4 3 3 3 2 2 2 2 2 2 2 2 
55 44 44 41 37 32 32 31 30 28 28 27 24 24 20 20 19 19 16 16 16 15 15 15 15 13 12 12 10 10 9 9 6 6 6 5 5 5 5 4 4 3 3 3 3 2 2 2 2 2 2 2 1 
52 44 39 39 34 32 32 30 29 28 27 27 24 24 19 19 19 18 16 16 16 15 15 14 13 13 12 11 10 9 9 7 6 6 6 5 5 5 5 4 4 3 3 3 2 2 2 2 2 1 1 
50 44 39 39 33 29 29 29 29 28 25 25 24 22 19 19 18 18 16 16 15 15 14 14 13 13 12 11 9 9 9 7 6 6 5 5 4 4 4 3 3 3 3 2 2 1 1 1 
49 44 39 37 30 29 29 29 29 28 25 25 22 20 18 18 18 18 16 16 15 15 14 13 13 11 11 9 9 9 8 7 6 5 5 4 4 3 3 3 3 3 2 2 2 1 1 1 
49 43 38 37 30 29 29 28 27 27 25 23 22 19 18 18 18 16 16 15 15 14 14 13 9 8 7 7 7 7 7 5 5 5 3 3 3 3 3 3 3 3 1 1 1 1 1 1 
49 43 38 32 30 29 28 27 27 26 23 23 21 19 18 18 18 16 16 15 14 14 13 12 8 7 7 7 6 5 5 5 5 4 3 3 3 3 3 3 3 3 1 1 1 1 
47 42 38 30 29 29 28 27 27 26 23 21 19 19 18 18 17 16 16 14 14 14 13 11 8 7 7 7 4 4 4 4 3 3 3 3 3 3 2 2 2 2 1 1 1 
41 37 35 30 29 29 27 26 26 23 23 19 19 18 18 18 17 15 15 14 13 13 12 11 7 7 6 6 4 4 4 4 3 3 2 2 2 2 2 2 1 1 1 1 1 
40 36 33 30 29 28 26 26 26 23 23 19 19 18 18 18 16 15 15 14 12 11 11 11 7 7 4 4 4 4 4 4 3 2 2 2 2 2 2 1 1 1 1 1 
40 33 32 30 29 28 26 26 26 23 21 19 19 18 18 18 15 14 14 13 11 11 10 9 7 6 4 4 4 4 4 3 3 2 2 1 1 1 1 1 1 1 1 1 
39 33 31 28 28 27 26 26 25 23 20 19 19 18 18 17 14 14 14 12 11 11 9 8 6 6 4 4 3 3 3 3 2 2 1 1 1 1 1 1 
39 33 31 28 28 27 25 25 24 23 19 19 19 18 17 14 14 13 13 11 10 10 9 7 6 4 4 3 3 2 2 2 2 2 1 1 1 1 1 1 
39 31 30 27 27 27 25 24 23 22 19 19 17 17 17 14 14 12 12 11 9 8 8 7 5 4 4 3 2 2 2 2 2 1 1 1 1 1 1 1 
39 30 29 27 26 26 22 22 19 18 18 17 17 16 16 14 13 12 12 9 9 8 7 6 5 4 3 3 2 2 2 2 2 1 1 1 1 1 1 1 
37 30 28 27 26 26 22 22 17 17 17 17 16 15 15 13 13 11 11 9 9 8 7 6 5 4 3 3 2 2 2 2 1 1 1 1 1 1 1 1 
37 30 28 27 22 21 21 19 17 17 17 17 16 15 13 12 11 11 11 9 8 8 6 6 4 4 3 3 2 2 2 2 1 1 1 1 1 1 1 
37 30 28 27 20 20 19 18 17 17 17 16 15 14 11 11 11 10 10 9 8 7 6 6 4 3 3 3 2 2 2 2 1 1 1 1 1 1 1 
37 30 27 25 20 20 18 18 17 17 15 15 13 12 11 11 11 10 10 9 8 7 6 5 4 3 3 3 2 2 2 1 1 1 1 1 1 1 1 
36 28 27 24 19 19 18 18 17 17 15 14 12 12 11 11 9 9 9 9 7 6 6 5 4 3 3 3 2 1 1 1 1 1 1 
35 28 26 24 18 18 18 18 17 13 13 11 11 11 10 10 8 8 8 8 6 6 6 5 3 3 3 1 1 1 1 1 1 1 
35 25 24 24 18 18 18 18 16 11 11 10 10 10 10 10 8 8 8 8 6 6 6 5 3 3 3 1 1 1 1 1 1 1 
34 25 24 24 18 18 18 18 16 11 10 9 9 9 9 9 8 8 8 8 6 5 5 4 3 2 2 1 1 1 1 1 
34 25 24 24 18 18 17 16 16 10 9 9 9 9 9 9 7 7 7 6 6 5 4 4 2 2 2 1 1 1 1 1 
34 25 24 24 18 18 17 16 16 9 9 9 9 9 9 7 6 6 6 6 5 4 4 3 2 2 2 1 1 1 1 
30 25 24 24 18 18 17 14 14 9 9 9 9 9 9 7 6 6 6 6 5 4 4 3 2 2 1 1 1 1 
30 24 22 22 18 17 17 14 14 9 9 8 8 8 8 7 6 6 6 6 5 4 4 3 2 2 1 1 1 1 
29 24 22 19 18 17 17 14 14 9 9 8 8 8 8 7 6 6 5 5 5 4 4 3 2 2 1 1 1 1 
28 23 22 19 17 17 17 13 13 9 8 8 8 8 7 6 5 5 5 5 5 4 4 3 2 1 1 1 1 1 
27 23 20 19 17 15 14 13 13 8 8 8 8 7 6 5 5 5 5 5 5 4 4 3 2 1 1 1 
27 22 20 19 17 15 14 13 12 8 8 8 7 6 6 5 5 5 5 4 4 3 3 3 2 1 1 
27 22 20 19 17 15 13 13 12 8 8 8 6 5 5 5 5 5 4 4 4 3 3 2 2 1 1 
26 22 19 19 16 15 13 12 12 8 8 8 5 5 5 5 5 4 4 4 4 3 3 2 1 1 1 
26 22 19 19 16 15 13 12 11 8 8 8 5 5 5 4 4 4 4 3 3 3 2 1 1 1 1 
25 19 19 19 15 14 13 12 9 8 8 6 5 5 5 4 4 4 4 3 3 3 1 1 1 1 1 
24 19 19 18 15 14 10 10 9 8 8 6 5 4 4 4 4 4 4 3 3 3 1 1 1 1 
24 19 18 18 14 14 10 9 9 8 8 6 5 4 4 4 4 4 4 3 3 2 1 1 1 
23 19 18 18 14 12 10 9 9 8 7 6 5 4 4 4 4 4 3 3 3 2 1 1 1 
23 19 18 18 14 12 8 8 8 8 6 6 4 4 4 4 3 3 3 3 2 2 1 1 1 
23 19 18 15 13 12 8 8 8 8 6 6 4 4 4 4 3 3 3 3 2 2 1 1 1 
22 19 15 14 13 12 8 8 8 8 6 5 4 4 4 3 3 3 3 2 1 1 1 1 1 
20 18 15 14 13 11 8 8 8 7 6 5 4 4 3 3 3 3 3 2 1 1 1 1 
20 18 15 14 11 11 8 7 7 7 5 4 4 4 3 3 3 3 2 2 1 1 1 1 
20 17 15 14 11 11 8 7 7 5 4 4 4 3 3 3 2 2 2 2 1 
20 15 15 14 11 11 8 7 7 4 4 4 4 3 3 3 2 2 2 1 1 
19 15 14 14 10 10 8 7 6 4 4 4 3 3 3 2 2 2 1 1 1 
18 15 14 12 9 9 8 7 5 4 4 4 3 3 2 2 2 2 1 1 1 
18 14 12 12 9 8 8 6 5 4 4 4 3 3 2 2 2 1 1 1 1 
18 12 12 10 9 8 8 6 5 4 4 3 3 3 2 2 2 1 1 1 
18 12 12 10 8 8 7 6 5 4 4 3 3 3 2 2 1 1 1 
17 12 11 10 8 8 7 5 3 3 3 3 3 3 2 2 1 1 
17 12 11 10 8 7 7 5 3 3 3 3 3 3 2 2 
17 12 11 10 8 7 7 5 3 3 3 3 3 3 2 2 
17 12 11 10 8 7 7 4 3 3 3 3 3 3 2 1 
17 12 11 10 8 7 7 4 3 3 3 3 3 3 
17 12 11 9 8 7 6 3 3 3 3 3 3 
15 12 11 9 8 7 6 3 3 3 3 3 3 
15 11 10 7 6 6 6 3 3 3 3 3 3 
13 11 10 7 6 6 6 3 3 3 3 3 2 
13 9 9 7 6 6 5 3 3 3 3 3 2 
13 9 9 7 6 4 4 3 3 3 2 2 2 
13 9 9 7 6 4 4 3 2 2 2 2 1 
13 9 6 5 5 4 4 2 2 2 2 2 1 
11 9 5 5 5 4 4 2 2 2 2 1 1 
10 9 5 5 5 4 3 2 2 2 1 1 1 
10 9 5 5 5 4 3 2 2 2 1 1 
10 9 5 5 4 4 3 2 2 2 1 1 
10 9 5 5 4 3 3 2 2 1 1 1 
10 9 5 5 3 3 3 2 2 1 1 1 
8 7 5 5 3 3 2 2 2 1 1 1 
8 6 5 5 3 3 2 2 1 1 1 
8 6 5 5 3 3 2 2 1 1 
8 6 5 5 3 2 2 
8 6 5 5 2 2 1 
8 6 5 5 2 2 
7 6 5 5 2 2 
7 5 5 4 2 2 
7 5 5 4 2 2 
7 5 5 3 2 2 
7 5 5 3 2 2 
7 5 5 3 2 2 
7 5 4 3 2 1 
7 5 4 3 2 1 
7 5 4 3 2 1 
7 4 4 3 2 1 
7 4 4 3 2 1 
6 4 4 3 2 1 
6 4 4 3 2 1 
6 4 3 2 2 1 
4 3 3 2 2 
4 3 3 2 2 
4 3 3 1 1 
4 3 2 1 1 
3 3 2 1 1 
3 3 2 1 1 
3 3 1 1 1 
3 3 1 1 
3 3 1 
3 3 1 
3 2 1 
3 2 1 
3 2 
3 2 
3 1 
3 1 
3 1 
2 1 
2 1 
1 1 
1 1 
1 
1 
1 
1 
1 
1 
1 
1 
1 
