173 160 148 142 137 119 119 115 108 107 99 99 99 93 90 89 79 79 72 71 71 68 68 67 66 65 63 63 63 63 63 61 61 59 59 57 57 57 57 57 56 55 53 52 50 49 48 47 47 47 46 42 41 39 38 37 35 34 34 34 34 32 32 31 28 26 25 23 23 23 23 23 21 20 19 19 18 18 18 18 18 18 18 17 16 15 15 15 14 14 14 14 14 13 13 13 13 13 12 12 11 9 9 9 8 8 8 8 8 8 8 8 8 8 8 8 8 8 8 7 7 6 5 5 5 5 5 5 5 5 5 5 5 5 5 5 5 5 4 4 3 3 3 3 2 2 2 2 2 2 2 2 2 2 2 2 2 2 2 2 2 2 2 2 2 1 
153 152 140 122 122 116 106 106 105 104 99 94 94 90 86 82 78 78 69 68 68 67 66 65 65 63 54 53 53 53 53 52 52 52 52 52 52 52 48 47 47 47 46 46 46 40 38 37 37 37 37 37 35 31 31 31 31 31 31 30 30 30 29 29 27 25 24 21 21 21 21 20 18 18 18 18 17 16 16 14 14 14 14 13 13 13 13 12 12 11 11 11 11 11 11 11 10 10 10 10 9 8 8 8 8 8 8 8 8 8 8 8 8 8 8 8 7 7 7 7 7 5 5 5 5 5 5 5 5 5 4 4 4 4 4 4 4 4 3 2 2 2 2 2 2 2 2 2 2 2 2 1 1 1 1 1 
150 130 126 122 122 113 106 102 101 97 97 94 87 82 82 79 78 77 68 68 66 66 65 63 63 63 53 53 53 52 52 52 52 52 51 51 51 50 48 47 47 45 42 42 41 38 37 37 37 34 34 34 34 31 31 31 31 30 28 28 28 27 26 25 25 22 21 21 21 19 19 18 18 17 17 17 17 16 16 14 14 14 12 12 12 12 12 12 12 11 11 11 11 11 10 10 9 9 9 9 9 8 8 8 7 7 7 6 6 6 6 6 6 6 6 6 6 6 6 4 4 4 4 4 4 4 3 1 1 1 1 1 1 1 1 1 1 1 1 1 1 1 1 1 1 1 1 1 1 1 1 
147 123 118 115 108 96 96 94 91 90 89 89 87 81 76 75 72 71 67 67 62 61 59 59 59 58 53 53 53 52 52 51 51 50 50 43 39 39 37 37 37 37 33 33 32 32 31 31 31 30 30 29 29 29 29 29 29 28 26 26 23 19 18 18 18 18 18 18 18 18 17 16 16 16 16 16 15 15 15 14 11 10 10 10 10 10 10 10 8 8 7 6 6 6 6 6 6 5 4 4 4 4 4 4 4 4 4 4 4 4 4 3 3 3 3 3 3 3 3 2 2 2 2 1 1 1 1 1 1 1 
125 118 113 107 100 96 94 93 89 87 83 80 77 73 73 70 67 67 64 64 62 59 59 58 57 53 51 50 49 48 46 44 44 41 41 37 36 36 35 35 34 34 33 31 25 25 25 23 22 22 21 21 21 21 21 21 21 21 21 21 21 19 18 18 18 18 18 18 18 17 16 16 16 16 13 13 13 13 12 12 11 10 10 10 10 10 10 6 6 6 6 6 6 6 6 5 5 5 4 4 4 4 4 4 4 4 4 3 3 3 3 3 3 3 3 3 2 2 2 1 1 1 1 1 1 1 1 1 1 1 
117 113 109 92 91 89 87 86 77 75 72 70 70 69 69 69 63 63 60 55 55 52 52 47 47 44 44 44 44 44 44 43 40 40 40 36 34 34 34 31 31 30 30 27 25 23 23 22 22 21 21 21 21 21 21 21 21 21 21 20 20 19 18 18 18 18 18 18 16 14 14 14 14 13 13 13 12 11 11 11 11 8 8 8 8 6 6 6 6 6 5 5 5 5 4 4 4 4 4 4 4 4 4 4 3 3 3 3 3 3 3 3 3 2 2 2 2 2 2 1 1 1 1 1 1 1 1 1 
110 109 105 90 90 87 86 85 75 73 71 69 69 63 62 61 59 58 58 52 52 52 52 47 44 44 44 44 44 43 43 42 36 36 35 33 31 31 29 29 27 27 27 27 25 22 22 22 21 21 21 21 21 21 21 20 20 20 20 20 20 19 18 18 17 17 17 16 15 14 12 12 12 12 12 11 11 10 8 8 8 8 8 7 6 6 5 5 5 4 4 4 4 4 4 4 4 4 3 3 3 3 2 2 2 2 2 2 2 2 2 2 2 2 2 2 2 2 1 1 1 1 1 1 
110 96 96 88 88 86 83 77 74 73 69 63 63 59 58 57 57 53 53 52 51 51 51 47 44 44 44 44 42 40 40 37 36 35 32 31 31 29 28 28 27 25 24 23 23 22 21 20 20 20 20 20 20 20 20 20 20 20 18 18 18 18 18 15 15 15 14 14 14 12 12 11 11 8 8 8 8 7 7 7 6 6 5 5 4 4 4 4 4 4 4 4 4 4 4 4 4 4 3 3 3 2 2 2 2 2 2 2 2 2 1 1 1 1 1 1 1 1 1 1 
106 96 96 88 88 86 82 71 71 71 65 57 57 57 56 56 53 53 52 50 49 49 46 42 42 42 41 40 38 36 36 34 32 32 31 31 30 29 28 28 27 24 23 22 20 20 20 20 20 20 20 20 20 19 19 17 16 16 16 16 15 15 15 14 14 14 14 13 12 12 10 10 7 7 7 7 7 7 5 5 5 5 5 5 4 4 4 4 4 4 4 4 4 4 4 4 3 3 3 3 3 2 2 2 2 2 2 2 1 1 1 1 1 1 1 1 1 
99 94 93 86 86 85 79 70 68 60 57 57 56 56 53 53 50 49 45 45 44 44 44 42 41 41 39 34 34 32 32 31 31 31 30 30 28 28 27 26 25 24 22 22 20 20 20 20 20 20 19 19 19 19 17 16 16 16 16 14 13 13 13 13 13 13 11 11 11 10 10 10 7 7 7 6 6 6 5 5 5 4 4 3 3 3 3 3 3 3 3 3 3 3 3 3 3 3 3 3 2 2 2 2 2 2 1 1 1 
97 93 91 86 83 83 77 69 62 59 54 54 53 50 50 50 49 49 44 44 44 44 44 40 38 38 36 33 32 32 31 30 30 29 29 27 27 27 24 23 23 23 22 21 20 20 20 20 17 16 15 14 14 14 14 14 14 14 14 14 13 13 12 12 11 11 8 8 8 8 8 7 7 4 4 4 4 4 4 4 4 4 3 3 3 3 3 3 3 3 3 3 3 3 3 3 2 2 2 2 2 2 2 2 2 1 1 1 1 
97 92 88 86 83 76 76 64 58 55 52 50 50 50 50 49 47 46 43 42 42 41 41 40 38 36 33 32 31 30 29 29 29 27 27 27 26 25 23 23 23 23 22 21 20 19 19 19 16 15 15 14 14 14 14 14 14 14 14 13 12 11 11 9 7 7 6 6 6 6 6 6 5 4 4 4 4 4 4 4 4 3 3 3 3 3 3 3 3 3 3 3 3 2 2 2 2 2 2 2 2 2 2 2 1 1 1 
96 89 88 85 83 76 68 61 56 50 50 50 50 50 47 47 45 43 43 41 41 39 39 38 37 33 32 31 30 30 28 28 27 27 27 27 25 24 23 21 21 21 19 19 18 18 18 16 16 15 14 14 14 14 13 13 13 13 13 11 11 10 9 8 6 5 5 5 5 5 5 5 5 4 4 4 4 4 4 4 3 3 3 3 3 3 3 3 3 3 3 2 2 2 2 2 2 2 2 2 1 1 1 1 1 
88 88 85 84 80 72 67 59 56 49 49 49 47 47 46 43 43 41 41 41 38 38 38 36 36 33 30 30 29 28 28 28 27 27 27 26 25 24 22 19 19 19 19 19 18 18 16 15 15 15 14 14 14 14 13 13 13 13 11 11 10 9 9 7 5 5 5 5 5 5 5 4 4 4 4 4 4 3 3 3 3 3 3 3 3 1 1 1 1 1 1 1 1 1 1 1 1 1 1 
88 86 85 78 69 69 63 55 54 49 48 46 46 46 45 42 41 39 39 39 38 38 32 32 32 31 30 30 29 27 27 27 27 27 26 26 25 24 20 19 18 18 18 18 18 17 16 15 14 13 13 13 13 13 13 12 12 12 11 10 8 7 6 5 5 5 5 4 4 3 3 3 3 3 3 3 3 3 3 3 3 3 3 3 3 1 1 1 1 1 1 1 1 1 1 1 1 1 1 
87 86 84 77 69 68 62 54 52 49 48 46 45 45 41 39 39 39 37 35 34 34 32 32 32 31 30 30 29 27 27 27 27 26 25 24 22 22 19 19 18 18 18 18 18 15 15 15 13 13 12 12 12 12 12 12 12 11 11 9 6 5 5 5 5 5 5 4 3 3 3 3 3 3 3 3 3 3 3 3 3 3 3 3 3 1 1 1 1 1 1 1 1 1 1 1 1 1 
86 85 83 77 68 65 62 51 50 49 48 46 45 42 39 39 39 39 37 35 34 34 32 31 31 31 30 30 29 27 27 26 26 26 24 23 20 18 18 18 18 17 17 16 16 15 15 15 13 13 12 12 12 12 10 10 10 10 8 8 6 5 5 5 5 5 5 4 3 3 3 3 3 3 3 3 3 3 3 3 3 3 3 1 1 1 1 1 1 1 1 1 1 1 1 
85 85 82 75 67 65 58 50 50 49 48 46 45 42 39 39 39 39 36 34 34 34 32 31 31 28 28 27 27 27 26 25 21 21 21 21 19 18 18 18 17 16 16 16 15 15 15 15 13 13 12 12 10 10 9 9 9 9 8 8 5 5 5 5 5 4 3 3 3 3 3 3 3 3 3 3 3 3 3 3 3 2 2 1 1 1 1 1 1 1 1 1 1 
85 81 79 75 65 63 56 50 49 49 46 44 43 42 39 38 38 35 33 33 33 33 31 31 29 28 28 26 26 26 26 24 21 21 21 20 19 18 18 16 16 15 15 15 14 14 14 14 13 12 11 10 10 10 9 9 9 8 8 7 5 5 5 5 5 4 3 3 3 3 3 3 3 3 3 3 3 3 3 3 2 2 1 
85 80 73 73 64 56 56 50 49 48 46 43 43 41 38 38 35 35 33 33 33 32 30 30 29 27 27 26 26 25 25 23 21 21 19 18 18 18 18 16 15 15 13 13 13 13 12 12 12 11 9 9 9 9 8 8 8 7 7 7 5 5 4 4 3 3 3 3 3 3 3 3 3 2 2 2 2 1 1 1 1 1 
85 79 72 70 61 56 50 49 49 47 45 40 40 39 38 38 35 33 33 33 33 31 30 30 27 27 26 25 24 23 22 22 19 18 15 14 14 14 14 14 14 13 13 12 12 11 11 11 11 10 9 8 7 7 7 7 7 7 7 6 5 5 4 3 3 3 3 3 3 3 3 3 3 2 2 2 1 1 1 1 1 1 
83 77 70 68 60 56 49 48 46 43 42 40 40 38 36 36 35 33 32 32 30 30 30 29 26 26 26 25 22 22 22 21 18 15 14 14 14 14 14 14 12 12 12 11 11 11 10 10 10 10 9 7 7 7 7 6 4 4 4 4 4 4 4 3 3 3 3 3 3 3 2 2 2 2 2 1 1 1 1 1 1 1 
83 74 66 65 60 55 49 45 45 42 41 38 38 37 36 36 35 33 32 30 28 28 28 27 26 26 25 24 22 22 21 19 18 15 14 14 13 12 12 11 11 11 10 10 10 10 10 10 8 8 8 7 7 7 6 6 4 4 4 4 4 4 4 3 3 3 2 1 1 1 1 1 1 1 1 1 1 1 1 1 1 1 
75 71 66 64 59 51 47 45 42 42 41 38 38 36 36 36 35 33 31 30 28 28 28 27 23 20 19 18 17 17 16 16 16 15 14 12 12 10 10 10 10 10 10 10 10 9 9 9 8 8 8 7 7 7 6 6 4 4 4 4 4 4 3 3 3 3 1 1 1 1 1 1 1 1 1 1 1 1 
74 67 66 64 59 51 45 42 41 41 40 38 38 36 34 34 34 31 29 28 28 26 24 24 23 18 17 17 16 16 16 16 15 13 13 12 10 10 10 10 10 9 9 9 9 7 7 7 7 7 7 7 7 7 6 6 4 4 4 4 3 3 3 2 2 2 1 1 1 1 1 1 1 1 1 1 1 
72 66 65 60 58 49 44 41 41 39 38 37 36 36 34 33 33 29 28 26 24 24 22 20 19 18 16 16 16 16 16 15 15 13 12 11 10 10 10 10 9 9 9 8 8 7 7 7 7 7 7 7 7 7 6 4 4 4 3 3 3 3 3 1 1 1 1 1 1 1 1 1 
72 65 64 60 56 49 43 41 41 38 36 36 35 33 33 33 30 29 25 24 23 22 22 20 18 18 16 15 15 14 14 13 11 11 11 10 10 9 9 9 9 9 9 8 7 7 7 7 7 6 6 6 6 6 5 4 4 3 3 3 3 3 2 1 1 1 1 1 1 1 
69 64 63 58 56 48 42 41 40 38 36 36 35 33 32 32 29 29 24 22 22 22 20 20 17 16 14 11 11 11 11 11 11 11 11 10 10 9 9 8 8 8 8 7 7 7 7 7 6 6 6 6 6 5 4 3 3 3 3 3 3 2 2 1 1 1 1 1 1 1 
69 64 62 58 49 46 42 40 38 38 36 34 34 33 31 31 28 28 24 22 19 19 19 18 12 12 12 11 10 10 10 10 10 10 10 10 9 9 8 8 8 8 7 7 7 7 7 6 6 6 6 6 5 4 4 3 3 3 3 2 2 2 1 1 1 1 1 1 1 
69 64 60 56 49 45 41 39 37 37 36 34 34 31 29 29 28 25 24 22 19 19 17 16 12 12 12 10 10 10 10 10 10 10 9 8 8 8 8 8 8 7 7 7 7 7 6 6 6 6 5 5 4 4 4 3 3 3 2 2 2 2 1 1 1 1 1 
67 63 59 54 48 45 41 37 37 36 36 34 34 29 29 29 28 25 24 22 19 15 15 14 12 12 10 10 10 10 10 10 10 9 8 8 8 8 8 7 7 7 7 7 7 7 6 5 5 5 4 4 3 3 3 3 3 3 2 2 2 2 1 1 1 1 1 
61 61 58 54 48 44 41 37 36 35 35 32 31 29 29 28 28 24 22 21 18 15 15 14 12 11 10 10 10 10 10 10 10 8 8 8 8 8 7 7 7 7 7 7 7 6 6 5 5 4 3 3 3 3 2 2 2 2 1 1 1 1 1 1 1 
61 58 54 50 48 44 41 37 36 35 35 31 30 29 28 27 27 24 21 20 15 15 13 13 11 11 10 10 10 10 10 10 9 8 8 8 8 7 7 7 7 6 6 6 6 5 4 4 3 3 3 3 2 1 1 1 1 1 1 1 1 1 1 
60 56 54 49 45 43 41 36 34 34 32 30 30 28 26 26 25 24 21 18 15 15 13 11 10 10 10 10 10 10 10 9 9 8 8 8 7 7 7 7 6 6 6 5 5 5 4 3 3 3 3 2 2 1 1 1 1 1 1 1 1 1 1 
55 54 52 49 44 43 39 36 34 34 27 27 26 26 26 24 23 23 21 18 15 14 13 11 10 10 10 10 10 10 10 9 7 7 7 7 7 7 7 7 6 6 6 5 5 5 3 3 3 3 2 2 2 1 1 1 1 1 1 1 1 1 
55 54 51 46 42 42 38 36 34 31 26 26 26 26 23 23 22 21 20 18 15 14 13 11 10 10 10 10 10 9 8 7 7 7 7 6 6 6 6 6 6 5 5 5 5 3 3 3 3 2 2 2 1 1 1 1 1 1 1 1 1 
55 52 50 46 42 42 37 35 33 29 26 25 24 24 21 21 21 21 20 16 14 14 12 10 10 10 10 10 10 7 7 7 7 6 6 6 6 6 6 5 5 5 5 4 4 3 3 3 2 1 1 1 1 1 1 1 1 1 1 1 
55 52 49 42 42 41 36 35 33 28 26 24 24 23 21 20 20 20 19 15 14 13 11 10 10 9 9 8 8 7 7 6 6 6 6 6 6 5 5 5 5 5 5 3 3 3 3 2 1 1 1 1 1 1 1 1 1 
55 51 48 42 41 40 34 34 29 27 25 24 24 23 21 20 19 19 19 15 14 13 11 10 10 9 9 8 8 7 7 6 6 6 6 6 5 4 4 4 4 4 4 3 3 3 2 2 1 1 1 1 1 1 1 1 
54 50 47 41 41 37 34 32 29 26 25 24 24 23 19 19 19 19 18 15 14 13 11 10 9 8 8 8 7 7 6 6 6 6 6 6 4 4 4 4 4 4 4 3 3 3 2 2 1 1 1 1 1 1 1 1 
53 50 45 40 38 36 33 32 29 26 23 23 23 23 19 19 19 19 18 14 13 12 11 9 9 8 8 8 7 7 6 6 6 5 5 5 4 4 4 4 4 4 4 3 2 1 1 1 1 1 1 1 1 1 1 1 
52 47 45 38 37 35 32 31 26 25 23 23 23 23 19 19 19 18 17 14 13 12 11 9 9 8 7 7 7 7 6 6 5 5 5 5 4 4 4 4 3 3 3 3 2 1 1 1 1 1 1 1 1 1 1 1 
49 46 44 38 34 34 32 31 26 23 23 23 23 21 19 19 19 18 16 13 13 12 11 9 9 8 7 7 6 6 6 5 5 5 5 5 4 4 4 3 3 3 3 3 2 1 1 1 1 1 1 1 1 1 1 
48 45 44 36 34 32 28 26 23 23 23 23 22 21 19 19 17 14 13 11 11 11 10 9 9 8 7 7 6 6 5 5 5 5 5 5 4 4 3 3 3 3 3 3 1 1 1 1 1 1 1 1 1 1 
47 44 43 35 32 32 28 26 23 23 23 22 22 20 19 18 16 14 13 11 10 10 9 8 8 7 7 7 6 6 5 5 5 5 5 5 3 3 3 3 3 3 3 2 1 1 1 1 1 1 1 1 
46 44 42 34 32 32 28 26 23 23 22 22 21 20 19 18 15 14 13 11 10 10 9 8 8 7 7 7 6 5 5 5 5 5 5 4 3 3 3 3 3 3 2 2 1 1 1 1 1 1 1 1 
43 42 42 34 32 31 27 25 23 21 20 20 20 18 18 17 15 12 12 11 10 10 9 8 8 7 7 6 6 5 5 5 5 3 3 3 3 3 3 3 3 2 2 2 1 1 1 1 1 1 1 
43 41 39 32 32 28 27 24 23 20 20 20 20 17 17 16 13 11 10 9 9 8 8 8 7 7 7 6 6 5 5 5 5 3 3 3 3 3 3 2 2 2 2 2 1 1 1 1 1 1 
39 39 38 32 30 28 25 24 23 20 19 19 19 17 16 16 11 10 8 8 8 8 7 7 7 7 7 5 5 5 5 5 5 3 3 3 3 3 3 2 2 2 2 2 1 1 1 1 1 
39 37 37 31 29 27 25 24 22 20 19 19 18 17 14 13 10 9 8 8 8 8 7 6 6 6 5 5 5 5 5 5 4 3 3 3 3 3 3 2 2 2 1 1 1 1 1 1 
39 36 34 31 29 27 24 24 22 20 19 18 18 15 14 13 9 8 8 8 8 8 7 6 6 6 5 5 5 5 5 3 3 3 3 3 3 3 3 2 1 1 1 1 1 1 
39 35 34 31 28 26 23 21 20 20 17 17 17 14 12 9 9 8 8 8 8 8 7 6 6 5 5 5 5 5 4 3 3 3 3 3 3 2 2 1 1 1 1 1 1 1 
39 34 31 29 27 26 23 21 18 18 17 17 16 14 12 9 8 8 8 8 6 6 6 6 6 5 5 5 5 5 4 3 3 3 3 3 3 2 1 1 1 1 1 1 1 
38 33 30 28 24 24 22 19 17 17 17 17 16 12 12 9 8 8 8 8 6 6 6 6 6 5 5 5 4 4 3 3 3 3 3 2 2 2 1 1 1 1 1 1 
38 32 30 26 24 22 21 18 17 17 17 16 15 12 12 8 8 8 7 7 5 5 5 5 5 5 5 4 4 3 3 2 2 2 2 2 2 1 1 1 1 1 1 
38 32 30 26 24 22 21 18 17 17 15 13 13 12 12 8 8 8 7 6 5 5 5 5 5 5 5 4 4 3 3 2 2 2 2 2 1 1 1 1 1 1 1 
34 31 29 26 21 21 20 17 17 16 14 13 13 11 10 8 8 8 7 6 5 5 5 5 5 5 4 3 3 2 2 2 2 2 2 1 1 1 1 1 
34 31 29 25 21 21 20 17 16 15 13 13 12 10 10 8 8 7 6 5 5 5 5 5 4 4 4 3 3 2 2 2 2 2 2 1 1 1 1 1 
30 26 25 25 21 21 19 17 15 13 13 13 12 10 10 8 7 6 6 5 5 5 5 4 4 4 4 3 3 2 2 2 2 2 2 1 1 1 1 1 
30 25 24 24 21 21 17 17 15 13 13 12 12 10 10 7 6 6 6 5 5 5 5 4 4 4 3 3 2 2 2 2 2 2 2 1 1 1 
30 25 24 24 21 21 17 17 15 13 12 11 11 9 9 7 6 6 6 5 5 5 4 4 4 4 3 2 2 2 2 2 2 2 1 1 
27 24 24 24 21 20 17 16 14 13 11 10 9 8 8 7 6 6 6 5 5 5 3 3 3 3 3 2 2 2 2 2 1 1 1 1 
27 24 24 24 21 18 17 16 14 13 11 10 9 7 7 7 6 6 5 4 4 4 3 3 3 3 3 2 2 2 2 2 1 1 1 1 
27 24 24 24 21 18 17 16 14 11 11 10 9 7 7 7 6 6 5 4 4 4 3 3 3 3 2 2 2 2 1 1 1 1 
26 24 24 23 20 18 16 15 14 11 10 9 9 7 6 6 6 6 4 4 4 3 3 3 3 3 2 2 2 2 1 1 1 1 
24 24 24 22 20 17 15 14 13 10 9 8 8 7 6 6 5 5 4 4 3 3 3 3 3 2 2 2 2 2 1 1 1 
24 24 22 22 19 17 14 12 11 10 8 8 8 7 6 6 5 5 4 3 3 3 3 2 2 2 2 2 2 2 1 1 1 
24 23 22 22 18 16 14 12 10 8 8 8 8 7 6 6 5 5 3 3 3 3 3 2 2 2 2 2 2 2 1 1 1 
24 23 22 20 17 16 14 12 10 8 8 8 7 7 6 6 5 5 3 3 3 3 2 2 2 2 2 2 1 1 1 
23 22 20 20 17 14 13 12 10 8 8 7 7 7 6 6 5 4 3 3 3 2 2 2 2 2 2 1 1 1 1 
20 20 20 18 16 14 12 12 10 8 8 7 6 6 6 6 5 4 3 3 3 2 2 2 2 2 1 1 1 
20 20 18 15 14 14 12 12 10 8 8 7 6 6 6 6 5 4 3 3 3 2 2 2 2 2 1 1 1 
20 20 18 15 14 13 11 11 10 8 8 7 6 6 6 6 5 4 3 3 3 2 2 2 2 2 1 1 
20 20 17 15 14 13 11 11 10 8 8 6 6 6 6 6 5 3 3 2 2 2 2 2 2 2 1 
20 20 17 15 14 13 11 10 8 8 7 6 6 5 5 5 3 3 2 2 2 2 2 2 1 1 1 
20 20 16 15 14 13 10 10 8 8 7 6 5 5 5 5 3 3 2 2 2 2 2 1 1 1 
20 18 16 15 14 13 10 10 8 8 6 6 5 5 5 5 3 3 2 2 2 2 2 1 1 1 
20 18 16 15 14 12 10 9 8 8 5 5 5 5 5 3 3 3 2 2 2 2 2 1 
20 18 15 14 14 12 10 9 8 8 5 5 5 5 4 3 3 3 2 2 2 1 1 1 
19 17 15 13 13 11 9 9 8 8 5 5 5 4 3 3 3 3 2 2 2 1 1 1 
18 17 15 13 13 11 9 9 8 8 5 5 4 4 3 3 3 2 2 2 2 1 1 
18 17 15 12 12 11 9 8 8 7 5 5 4 4 3 3 3 2 2 2 2 1 1 
18 17 15 12 12 11 8 8 7 7 5 5 4 3 3 3 3 2 2 2 1 1 1 
17 17 15 12 10 10 8 7 7 7 5 5 4 3 3 2 2 2 2 2 1 1 
17 17 14 12 9 9 8 7 7 6 5 5 3 3 2 2 2 2 2 1 1 1 
17 16 14 12 9 9 8 6 6 6 5 4 3 3 2 2 2 2 2 1 
17 16 11 11 9 9 8 6 6 6 5 3 3 3 2 2 2 2 1 1 
16 16 9 9 9 8 7 6 6 6 5 3 3 3 2 2 2 1 
16 12 9 9 9 8 7 6 6 6 5 3 3 2 2 2 2 
16 12 9 9 8 8 7 6 6 5 5 3 3 2 2 1 1 
14 12 9 9 7 7 6 6 6 5 4 3 3 2 2 1 1 
13 12 9 9 7 7 6 6 6 5 4 3 2 2 2 1 1 
13 12 9 9 7 7 6 6 5 5 4 3 2 2 2 
13 12 9 8 7 7 6 6 5 5 4 2 2 2 2 
13 11 9 8 7 7 6 5 5 5 2 2 2 2 1 
13 11 9 8 7 7 6 5 5 4 2 2 2 1 1 
13 11 9 8 7 7 6 5 5 4 2 2 2 1 1 
10 10 8 8 7 6 5 5 4 4 2 2 2 1 1 
10 10 8 6 6 5 5 4 4 3 2 2 2 1 
10 10 7 5 5 5 5 4 3 3 2 2 2 
10 9 7 5 5 3 3 3 3 2 2 2 1 
10 8 7 5 3 3 3 2 2 2 2 2 1 
10 8 7 5 3 3 3 2 2 2 2 2 1 
10 7 6 4 3 3 3 2 2 2 2 2 1 
10 7 4 3 3 3 3 2 2 2 1 1 
8 7 4 3 3 3 2 2 2 
7 5 3 3 3 3 2 2 2 
7 4 3 3 3 3 2 2 2 
7 4 3 3 2 2 2 2 1 
7 4 3 3 2 2 1 
7 3 3 3 2 1 1 
7 3 3 3 2 1 1 
7 3 3 3 1 1 1 
7 3 3 3 1 1 1 
7 3 3 3 1 1 1 
6 2 2 2 1 1 
6 2 2 2 
6 2 2 2 
6 2 1 1 
6 2 1 1 
5 2 1 1 
5 2 1 1 
1 1 1 1 
1 1 1 1 
1 1 1 1 
1 1 1 1 
1 1 1 1 
1 1 1 1 
1 1 1 1 
1 1 1 1 
1 1 1 1 
1 1 1 1 
1 1 1 1 
1 1 1 1 
1 1 1 
1 1 1 
1 1 1 
1 1 1 
1 1 1 
1 1 1 
1 1 1 
1 1 
1 1 
1 1 
1 1 
1 1 
1 1 
1 1 
1 
1 
1 
1 
1 
1 
1 
1 
1 
1 
1 
