157 149 149 142 137 135 132 129 117 111 106 96 95 94 88 86 85 77 75 75 72 69 69 67 65 65 65 65 65 63 63 63 63 63 59 59 59 59 58 56 55 52 50 48 46 46 43 43 43 43 43 43 43 40 39 39 38 38 38 37 36 36 36 35 34 34 33 33 31 28 28 28 28 27 27 27 25 25 25 24 20 20 20 20 20 19 18 17 17 16 16 16 16 15 15 15 15 13 13 12 12 12 12 12 10 10 10 10 9 9 9 8 8 8 8 6 6 6 6 6 6 6 6 6 6 6 6 6 6 6 3 3 3 3 3 3 3 3 3 2 2 2 2 2 2 2 2 2 1 1 1 1 1 1 1 1 1 1 1 1 
150 148 142 132 125 123 121 115 114 106 95 88 87 82 81 81 77 75 74 69 67 67 66 63 61 60 59 59 58 52 51 51 50 48 48 47 47 47 47 47 47 47 45 43 43 43 42 42 41 41 41 41 41 38 37 37 33 32 32 31 29 29 29 28 26 26 23 23 23 23 23 23 23 22 22 21 21 15 15 15 15 15 15 15 15 13 13 13 13 12 11 10 10 10 10 10 10 10 7 7 7 7 7 7 7 7 7 7 7 6 6 6 6 6 6 6 6 6 5 5 5 5 5 5 4 4 4 4 4 3 3 3 3 3 3 3 3 3 1 1 1 1 
149 144 132 129 122 121 117 110 105 98 93 87 84 81 81 81 77 73 70 67 67 64 63 62 61 57 57 57 56 52 51 51 50 48 47 47 47 47 47 44 44 43 43 42 41 41 39 38 38 37 37 37 35 34 33 32 30 29 29 28 28 26 24 24 22 22 20 20 18 17 17 16 16 16 16 16 16 15 15 15 14 14 14 11 11 11 10 10 10 10 10 10 9 9 9 9 9 8 7 7 7 7 7 7 6 6 6 6 6 5 5 4 4 4 4 4 4 4 4 4 4 4 4 3 3 3 3 3 3 3 3 3 1 1 1 1 1 
147 135 124 119 117 115 108 104 101 95 88 87 83 81 80 78 75 73 68 66 65 64 61 59 57 57 55 55 54 52 48 47 47 47 47 47 46 46 46 44 44 42 41 37 37 35 35 34 34 33 30 30 29 29 29 27 25 25 25 24 21 20 20 20 20 20 17 17 17 16 16 16 16 16 16 14 14 14 14 13 13 10 10 10 10 10 10 10 9 9 9 9 9 9 6 6 6 6 6 5 5 5 5 5 5 5 5 5 5 4 4 4 4 4 4 4 4 3 3 3 3 3 3 3 3 3 3 3 3 3 3 3 1 1 1 
128 126 117 117 110 107 104 100 91 90 86 83 83 80 79 77 71 71 68 66 62 61 60 58 55 55 55 55 52 52 48 47 46 46 45 42 42 42 40 40 40 38 37 33 33 33 33 32 32 32 28 28 28 26 26 26 23 23 23 23 20 20 20 20 19 17 16 16 16 16 16 16 16 14 14 14 14 14 14 13 10 10 10 10 9 9 9 8 8 8 7 7 5 5 5 5 5 5 5 5 5 5 5 5 5 5 4 4 4 4 4 4 3 3 3 3 3 3 3 3 3 3 3 2 2 2 2 2 2 2 1 1 1 1 
126 120 116 114 106 105 99 93 89 87 86 82 74 74 71 68 67 67 65 65 60 60 59 58 55 53 52 52 48 47 45 45 44 43 43 41 40 39 39 38 32 32 32 32 32 31 31 28 25 24 24 24 24 24 24 23 22 22 21 20 20 20 18 18 18 16 16 16 15 14 14 13 13 12 12 11 11 11 11 11 10 9 9 7 7 7 5 5 5 5 4 4 4 4 4 4 4 4 4 4 4 4 4 4 4 3 3 3 3 3 3 1 1 1 1 1 1 1 
125 112 106 106 102 95 88 88 86 83 81 80 74 70 66 65 65 64 64 64 60 58 57 53 51 51 50 50 46 46 43 41 41 41 40 39 39 36 35 34 32 32 30 30 30 28 28 27 24 24 24 23 23 22 22 22 20 20 19 19 19 19 17 17 16 15 15 15 12 12 12 12 12 10 10 10 10 10 10 10 7 7 4 4 4 4 4 4 4 4 4 4 4 4 4 4 4 4 4 4 4 2 2 2 2 2 2 2 2 1 1 1 1 1 1 1 1 1 
125 112 103 99 96 92 88 86 85 79 74 74 72 69 65 65 65 63 61 60 59 57 51 49 49 49 47 44 44 44 41 38 38 37 37 36 34 34 34 31 31 31 30 30 30 26 26 24 23 21 21 21 21 20 18 16 16 16 16 16 15 15 15 13 13 13 13 13 12 12 12 11 11 10 10 9 4 4 4 4 4 4 4 4 4 4 4 4 4 4 4 4 4 4 3 3 3 3 3 1 1 1 1 1 1 1 1 1 1 1 1 1 1 1 1 1 1 
116 106 101 99 89 87 85 82 79 75 72 71 69 67 65 64 61 60 59 59 53 49 48 48 48 48 46 43 43 41 36 36 36 32 32 32 32 32 29 28 28 27 26 26 25 24 23 22 21 21 21 21 21 19 17 16 16 16 16 14 14 14 13 13 13 13 13 12 12 12 11 10 10 10 9 8 4 4 4 4 4 4 4 4 4 4 4 4 4 4 4 4 4 4 3 2 1 1 1 1 1 1 1 1 1 1 1 1 1 1 1 1 1 
116 99 98 96 88 87 82 79 76 74 71 69 68 65 63 62 57 55 50 50 50 49 48 47 46 44 44 43 42 38 36 36 36 32 32 32 30 29 28 27 26 26 24 23 23 23 22 22 20 20 20 20 18 18 15 15 15 15 15 14 14 14 13 12 11 11 11 11 11 10 10 9 9 9 8 7 4 4 4 4 4 4 4 4 4 4 4 3 3 3 3 3 3 3 3 1 1 1 1 1 1 1 1 1 1 1 1 1 1 1 1 1 
109 95 95 88 86 85 81 74 72 70 69 68 67 65 59 57 57 51 48 48 48 46 45 44 41 41 40 38 38 35 35 34 34 32 32 32 28 27 27 25 24 24 23 22 22 22 19 19 19 18 17 17 17 17 15 15 13 13 13 11 11 11 11 11 10 10 10 10 10 8 8 8 8 6 5 5 4 4 4 4 3 3 3 3 2 2 2 2 2 2 2 1 1 1 1 1 1 1 1 1 1 1 1 1 1 1 1 1 1 1 1 
106 94 93 88 86 83 81 72 70 70 68 65 62 62 57 57 54 48 48 48 47 45 44 44 41 40 38 37 34 34 34 34 34 32 32 29 28 27 27 25 23 23 23 21 21 21 19 18 18 14 14 14 14 14 13 13 13 12 11 11 11 10 10 10 9 9 9 9 7 7 7 5 5 5 3 3 3 3 3 3 3 3 1 1 1 1 1 1 1 1 1 1 1 1 1 1 1 1 1 1 1 1 1 1 1 1 1 
104 94 87 82 79 79 79 71 69 68 67 65 62 59 57 55 50 48 47 45 45 45 44 44 40 39 38 35 33 33 32 31 30 30 27 27 26 26 25 25 20 20 19 17 17 17 17 17 16 14 14 14 14 14 13 13 11 11 11 11 11 10 10 9 9 9 9 9 7 5 4 4 3 2 2 2 2 2 2 2 2 1 1 1 1 1 1 1 1 1 1 1 1 1 1 
103 91 83 81 79 78 77 70 68 68 65 61 58 58 54 53 47 47 46 45 45 42 41 41 37 35 35 33 32 32 30 30 29 27 27 26 25 25 25 22 20 19 18 17 17 16 16 14 14 14 14 14 13 13 12 12 11 11 10 10 10 9 9 9 7 7 6 5 5 5 3 3 3 2 2 2 2 2 1 1 1 1 1 1 1 1 1 1 1 1 1 1 1 1 1 
102 90 79 77 76 75 72 70 68 67 64 60 57 56 53 50 47 44 44 44 44 41 41 40 34 34 34 33 32 32 30 29 29 25 24 22 21 21 20 20 18 16 16 15 15 15 14 14 14 14 14 13 13 12 11 11 11 9 9 9 9 9 9 6 6 6 5 5 5 4 3 3 3 2 1 1 1 1 1 1 1 1 1 1 1 1 1 1 1 1 
94 86 78 76 75 72 70 66 66 62 60 58 55 54 53 50 47 44 44 43 42 41 40 39 34 34 30 27 27 27 25 25 25 23 23 18 18 18 17 17 17 15 15 14 13 12 12 12 11 11 11 11 10 10 10 10 9 9 9 9 9 6 6 5 5 5 4 4 4 3 3 2 2 2 1 1 1 1 1 1 1 1 1 1 1 1 1 1 1 1 
91 84 75 75 73 69 67 66 63 61 59 57 53 53 49 49 46 44 42 41 40 39 38 37 34 29 29 27 27 22 22 22 22 22 21 18 18 17 17 17 16 15 15 14 12 12 12 12 11 11 10 10 10 10 9 9 9 9 9 9 7 6 6 5 5 4 4 3 3 3 2 2 2 1 1 1 1 1 1 1 1 1 1 1 1 1 1 1 
89 83 75 72 69 68 67 63 59 57 53 48 48 47 46 46 45 43 42 40 38 38 37 33 33 28 27 27 24 22 21 21 21 19 17 17 17 15 15 15 15 15 14 13 12 12 11 11 11 11 10 9 9 8 8 8 8 8 8 7 6 6 5 5 5 4 4 3 3 2 1 1 1 1 1 1 1 1 1 1 1 1 1 1 1 1 1 1 
84 79 73 65 65 65 65 59 56 54 53 47 47 47 46 43 42 42 41 37 37 35 35 33 33 28 27 25 21 21 21 18 18 17 17 17 16 14 14 13 12 12 12 11 11 11 10 10 10 8 8 8 8 8 8 8 8 8 8 6 6 6 5 4 4 4 4 3 3 1 1 1 1 1 1 1 1 1 1 1 1 
80 79 69 65 63 63 59 57 56 52 47 44 44 44 44 42 42 40 37 37 36 34 34 33 32 27 23 23 21 21 21 18 18 17 16 14 14 13 12 12 12 12 11 11 10 10 10 8 8 8 8 8 8 8 8 7 6 6 6 6 6 6 4 3 3 3 3 3 3 1 1 1 1 1 1 1 1 1 1 1 
79 75 67 64 63 57 57 57 54 52 47 44 44 44 44 42 41 39 37 36 35 34 33 32 28 24 22 22 20 20 19 18 17 15 13 13 13 13 12 12 12 11 11 9 9 9 9 8 8 8 8 8 8 8 8 7 6 6 6 6 5 4 3 3 3 3 3 2 2 1 1 1 1 1 1 1 1 1 1 
78 75 67 62 60 57 55 52 52 49 47 44 44 43 41 41 40 37 36 36 34 33 32 31 28 22 22 21 20 20 17 16 14 13 12 12 12 12 11 11 11 11 11 9 9 9 9 8 8 8 8 8 8 8 7 7 6 6 6 5 3 3 3 3 3 3 2 2 1 1 1 1 1 1 1 
72 69 64 61 60 56 53 52 52 48 47 44 44 42 41 40 39 37 35 34 33 31 31 29 28 22 21 18 18 18 16 13 12 12 11 11 11 11 11 11 10 10 9 9 9 9 9 8 8 8 8 8 8 8 7 7 6 6 5 4 3 3 3 2 2 2 2 2 1 1 1 1 1 1 1 
70 62 61 61 58 55 53 52 48 45 43 43 42 40 39 37 36 35 33 33 32 30 29 28 26 22 19 16 16 16 14 13 12 12 11 11 11 10 10 10 10 10 9 9 8 8 8 8 8 8 8 8 8 8 6 6 6 4 4 3 3 3 3 2 2 2 2 2 1 1 1 1 
69 62 60 57 53 51 50 47 46 44 41 41 38 38 37 36 35 34 32 32 31 29 28 25 24 22 18 16 16 15 14 13 12 11 11 11 11 10 10 10 10 9 9 9 8 8 8 8 8 8 8 7 7 7 6 5 4 4 4 3 2 2 2 2 2 2 2 1 1 1 1 1 
68 62 59 57 51 51 48 45 45 43 39 38 37 37 36 34 34 33 31 31 29 29 26 25 24 21 17 16 16 15 12 11 11 11 11 11 10 9 9 9 9 9 9 9 8 8 8 8 8 7 7 7 6 6 6 4 4 4 4 3 2 2 2 2 1 1 1 1 1 1 
67 60 57 55 51 47 46 45 44 40 38 38 36 35 34 34 32 32 30 28 28 27 25 24 22 21 17 16 14 14 11 11 11 11 11 11 10 9 9 9 9 9 9 8 8 8 8 8 7 6 6 6 6 6 4 4 4 4 3 3 2 2 2 2 1 1 1 1 1 1 
66 57 56 55 51 47 44 44 41 38 38 37 33 33 33 32 32 31 29 28 27 26 25 21 21 18 17 15 13 13 11 11 11 11 11 10 9 9 9 9 9 9 8 8 8 7 7 6 6 6 6 6 5 5 4 4 4 3 3 3 2 2 2 2 1 1 1 1 
66 56 54 54 47 47 44 40 40 38 36 34 33 33 32 29 29 29 26 26 26 25 24 21 21 18 17 15 13 13 11 11 11 10 9 9 9 9 9 9 9 8 8 7 7 7 6 6 5 5 4 3 3 3 3 3 3 2 2 1 1 1 1 1 1 1 1 1 
62 56 53 53 46 44 43 40 39 37 34 34 33 33 32 29 29 28 26 25 25 24 23 21 20 16 13 13 13 12 11 11 11 10 9 9 9 8 8 8 8 8 8 7 6 5 5 5 5 3 3 3 3 3 2 2 2 2 1 1 1 1 1 1 1 1 
57 54 52 52 46 43 40 39 38 35 33 30 30 29 29 29 28 26 25 25 24 22 21 20 19 14 13 13 13 12 11 11 11 10 9 9 8 8 8 8 8 7 6 6 5 5 5 5 4 3 3 3 3 3 2 2 2 2 1 1 1 1 1 1 1 1 
57 52 52 46 42 42 38 36 35 32 30 29 29 28 28 27 27 26 23 23 21 21 21 19 18 14 12 12 12 12 11 11 8 8 8 8 8 8 8 8 7 7 6 6 5 5 5 5 3 3 3 2 2 2 2 2 2 1 1 1 1 1 1 
57 51 50 46 42 41 35 35 35 29 26 26 25 24 24 24 24 23 21 21 20 20 19 18 17 12 12 11 11 11 11 11 8 8 8 8 8 8 6 6 6 6 6 5 5 5 5 4 3 3 3 2 2 1 1 1 1 1 1 1 1 1 
54 50 50 45 40 35 34 34 30 28 26 25 25 24 24 24 23 22 21 21 19 18 18 17 17 12 12 10 10 10 9 8 8 8 8 7 7 6 6 6 6 6 6 5 5 5 5 3 3 3 2 2 2 1 1 1 1 1 1 1 1 1 
53 50 49 42 40 34 33 31 30 28 25 25 24 24 24 24 23 18 18 18 18 18 17 16 14 12 10 10 10 9 9 8 8 8 8 7 6 6 6 6 6 6 5 5 4 4 4 3 3 3 2 2 2 1 1 1 1 1 1 1 1 1 
53 49 47 42 38 33 32 31 29 28 25 25 24 24 24 23 21 18 18 18 17 16 16 16 14 12 10 9 9 9 9 8 8 8 6 6 6 6 6 5 4 4 4 4 4 3 3 3 2 2 2 1 1 1 1 1 1 1 1 1 1 1 
51 47 41 37 37 31 29 29 28 27 25 25 24 24 24 23 21 18 18 18 17 16 16 16 14 11 10 9 9 9 8 8 8 8 6 6 6 6 5 4 4 4 4 4 3 3 3 3 2 2 2 1 1 1 1 1 1 1 1 1 
51 45 39 34 34 30 29 29 28 27 25 25 24 23 23 21 20 18 18 18 15 14 14 13 9 9 9 9 9 8 8 8 8 7 6 6 6 6 4 4 4 4 3 3 3 3 3 3 2 2 2 1 1 1 1 1 1 
46 45 34 32 32 30 29 28 27 26 24 24 24 23 22 21 20 18 18 14 14 14 14 13 9 9 9 8 8 8 8 8 7 6 6 6 5 4 4 4 4 4 3 3 3 2 2 2 2 2 1 
46 43 33 32 30 28 28 28 26 24 24 23 23 22 22 20 20 17 15 14 14 14 13 13 9 9 9 8 8 8 8 8 6 6 6 6 5 4 4 4 4 3 3 3 2 2 2 2 2 2 1 
45 42 33 32 29 28 27 27 25 24 24 22 22 20 20 19 19 17 15 13 13 13 11 11 9 9 8 8 8 8 8 7 6 6 6 5 4 4 4 3 3 3 3 2 2 2 2 2 1 1 
44 39 33 32 28 26 26 25 24 22 22 22 22 20 20 19 19 17 14 13 13 13 11 11 9 9 8 8 8 8 8 7 6 6 5 4 4 4 3 3 3 3 3 2 2 2 2 2 1 1 
44 37 33 30 26 26 24 24 22 22 22 21 21 20 19 18 17 16 14 13 13 12 11 10 9 9 8 8 8 7 7 7 6 6 5 4 4 4 3 3 3 3 3 2 2 2 2 2 1 1 
42 37 33 30 26 24 24 24 22 22 22 21 20 19 16 16 16 15 13 12 11 10 10 10 9 9 8 8 8 7 7 7 6 6 4 4 4 4 3 3 3 3 3 2 2 1 1 1 1 1 
41 35 33 27 26 24 24 24 22 22 22 20 19 18 16 15 15 14 12 11 11 10 10 10 9 9 8 8 8 7 7 7 6 4 4 4 4 4 3 3 2 2 1 1 1 1 1 
39 30 30 27 25 24 24 22 22 22 19 19 19 16 16 15 15 13 11 11 11 10 10 10 8 8 8 8 8 7 7 6 5 4 4 4 4 3 3 3 2 2 1 1 1 1 
37 29 29 27 24 24 24 22 21 21 19 19 19 15 14 14 14 13 11 11 10 8 8 8 8 8 7 7 7 7 7 5 4 4 3 3 3 2 2 1 1 1 1 1 1 1 
35 29 28 27 24 24 23 21 21 21 18 18 18 15 14 14 13 12 11 10 8 8 8 8 7 7 7 7 7 7 6 5 4 4 3 1 1 1 1 1 1 1 1 1 1 
33 27 27 26 24 23 23 21 21 19 18 18 17 15 13 13 13 12 11 9 7 7 7 7 7 7 7 7 6 6 6 5 4 4 3 1 1 1 1 1 1 1 
32 27 26 26 24 23 22 21 20 18 18 16 12 12 12 12 12 10 10 8 7 7 7 7 7 7 7 6 6 6 6 4 4 3 2 1 1 1 1 1 
32 27 26 26 24 23 22 21 20 18 17 16 12 12 12 11 10 10 8 7 7 7 7 7 7 7 6 6 6 5 5 4 4 3 1 1 1 1 1 1 
31 26 26 26 24 23 22 21 19 18 17 15 12 11 11 11 10 9 8 7 7 7 7 7 7 7 6 6 6 5 4 3 3 2 1 1 1 1 1 1 
31 26 26 26 24 21 18 18 18 17 17 13 12 11 11 10 9 9 8 7 7 7 7 7 6 6 6 6 5 5 4 3 2 1 1 1 1 1 1 
31 26 26 25 23 19 18 18 18 17 16 13 12 11 11 10 9 8 7 7 7 7 7 7 6 6 5 5 5 4 2 2 2 1 1 1 1 1 1 
31 26 26 25 19 19 18 18 18 17 14 13 12 10 10 8 8 8 7 7 7 7 7 6 6 6 5 5 5 4 2 2 2 1 1 1 1 1 1 
30 26 26 23 18 18 18 18 18 16 13 13 12 10 9 8 8 7 7 7 7 7 7 6 6 5 5 5 4 3 2 2 2 1 1 1 1 1 1 
30 25 25 22 18 18 18 18 18 16 13 13 10 10 9 8 8 7 7 7 7 7 5 5 5 4 4 4 3 2 2 2 2 1 1 1 1 1 
30 25 24 22 18 18 18 18 16 16 12 12 10 9 9 8 7 7 7 7 7 7 5 5 4 4 3 2 2 2 2 2 1 1 1 
30 25 24 21 18 18 18 18 16 16 12 12 10 9 9 8 7 7 7 7 7 6 5 4 4 4 3 2 2 2 2 2 1 
29 24 21 21 18 18 18 17 16 13 12 11 10 8 8 8 7 7 7 7 6 5 5 4 4 3 2 2 2 2 2 1 1 
29 23 21 20 18 18 18 17 16 12 12 11 10 8 8 8 7 7 6 6 4 4 4 3 3 3 2 2 2 2 2 1 
27 22 21 20 18 18 18 17 16 12 12 10 10 8 7 6 6 6 4 4 4 4 3 3 3 3 2 2 2 2 1 
27 22 20 19 18 18 15 15 13 12 12 9 8 8 7 5 5 5 4 4 4 4 3 3 3 3 2 1 1 1 1 
26 22 18 18 18 18 15 15 12 11 11 8 6 5 5 5 4 4 4 4 4 3 3 2 2 2 1 1 1 1 
26 22 18 17 17 14 14 13 11 11 10 8 5 5 5 4 4 4 4 4 3 3 2 2 2 2 1 1 1 
25 19 17 17 17 14 14 12 10 10 9 7 5 5 5 4 4 4 4 4 3 3 2 2 2 1 1 1 1 
25 17 17 16 15 14 13 12 10 10 6 6 5 5 4 4 4 4 2 2 2 2 2 2 2 1 1 1 1 
25 17 17 15 15 14 12 12 10 10 6 5 5 4 4 4 4 3 2 2 2 2 2 2 2 1 1 1 1 
24 17 17 15 14 13 11 11 10 10 4 4 4 4 4 3 3 2 2 2 2 2 2 2 2 1 1 
24 17 17 15 14 13 11 11 10 10 4 4 4 4 4 3 2 2 2 2 2 2 2 2 2 1 
22 17 16 15 13 13 11 11 9 9 4 4 4 4 2 2 2 2 2 2 2 2 2 2 2 
22 17 16 14 13 13 11 11 8 8 4 4 4 3 2 2 2 2 2 2 2 2 2 2 1 
21 16 14 14 13 12 11 11 8 8 4 4 2 2 2 2 2 2 2 2 2 2 2 1 
21 16 12 12 12 10 10 10 8 8 4 4 2 2 2 2 2 2 2 2 2 2 2 
21 16 12 12 12 10 9 9 8 7 4 4 2 2 2 2 2 2 2 2 2 2 1 
19 13 12 12 12 9 9 9 7 5 4 4 2 2 2 2 2 2 2 2 1 1 1 
19 12 12 12 11 9 9 8 7 5 4 4 2 2 2 2 2 2 2 1 1 1 1 
18 12 12 12 11 9 9 8 7 5 4 4 2 2 2 2 2 2 1 1 1 1 1 
18 12 12 12 10 9 8 7 7 5 4 4 2 2 2 2 2 2 1 1 1 1 1 
18 12 11 11 10 9 8 7 5 5 4 4 2 2 2 2 2 2 1 1 1 1 
18 12 11 10 8 8 8 7 5 5 4 4 2 2 2 2 2 2 1 1 1 1 
18 12 11 10 8 8 7 7 5 5 4 4 2 2 2 2 1 1 1 1 1 
17 12 10 10 8 8 6 5 5 5 4 3 2 2 1 1 1 1 1 1 
16 12 10 9 8 8 6 4 4 4 4 3 2 1 1 1 1 1 1 1 
16 12 10 9 8 8 6 4 4 3 3 3 1 1 1 1 1 1 1 
15 12 10 8 8 8 6 4 4 3 3 2 1 1 1 1 1 1 1 
15 11 10 8 8 7 5 3 3 3 3 2 1 1 1 1 1 1 1 
15 10 10 8 7 7 3 3 3 3 3 2 1 1 1 1 1 1 1 
15 9 9 8 7 7 3 3 3 3 3 1 1 1 1 1 1 1 
15 9 9 8 7 6 3 3 3 3 3 1 1 1 1 1 1 1 
15 9 9 8 7 6 3 3 3 3 3 1 1 1 1 1 
15 9 8 8 7 6 3 3 3 3 3 1 1 1 1 
15 9 7 7 7 6 3 3 3 3 3 1 1 1 
15 9 7 7 7 6 3 3 3 2 2 1 1 1 
14 9 7 7 5 5 3 3 3 2 2 1 1 1 
13 9 7 7 5 5 3 3 2 2 2 1 1 1 
12 9 7 7 5 5 3 3 1 1 1 
11 9 7 7 5 5 3 3 1 1 1 
11 9 7 7 5 5 3 2 1 1 
11 8 7 7 5 5 3 2 1 1 
11 8 7 7 5 4 3 2 1 1 
10 8 7 6 4 4 3 2 1 1 
10 7 7 6 4 4 3 2 1 1 
10 7 6 6 4 4 2 2 1 
10 7 6 6 4 3 2 1 1 
9 7 6 5 4 3 2 1 1 
9 6 6 4 4 3 2 1 
9 6 6 4 4 2 1 
9 6 6 4 4 2 1 
9 6 5 4 3 2 1 
9 6 5 4 3 2 1 
8 6 5 4 2 2 1 
8 5 4 4 2 2 1 
8 5 4 4 2 2 1 
8 4 4 4 2 2 
8 4 4 4 2 2 
8 4 4 4 2 1 
6 4 4 3 2 1 
6 4 4 3 2 
6 4 4 3 1 
5 4 3 3 1 
5 4 3 2 1 
5 4 2 1 1 
5 4 1 1 
4 4 1 
4 4 1 
4 4 1 
4 4 1 
4 4 1 
4 4 1 
4 4 1 
4 4 1 
4 4 1 
4 4 1 
4 3 1 
4 3 1 
4 3 1 
4 3 1 
4 3 1 
4 3 1 
3 1 1 
3 1 1 
3 1 1 
3 1 
3 1 
3 1 
3 1 
3 1 
3 1 
2 1 
2 
2 
2 
1 
1 
1 
1 
1 
1 
1 
1 
1 
1 
1 
1 
1 
1 
1 
1 
1 
1 
1 
