180 158 141 135 127 121 117 117 108 103 102 101 101 96 96 88 86 83 82 81 81 80 80 76 74 74 73 71 69 65 62 62 62 61 55 53 51 51 46 46 46 46 46 44 43 41 41 41 41 41 41 41 41 39 35 35 34 34 31 31 29 28 27 25 25 24 24 23 23 23 23 22 22 22 22 22 22 21 21 20 19 18 18 18 18 18 18 18 18 18 18 17 16 15 15 15 14 13 13 13 13 13 13 12 12 11 11 11 9 9 9 9 9 8 6 6 6 6 6 6 6 6 6 6 5 5 5 5 5 4 4 4 4 4 4 4 4 4 4 3 3 3 3 3 3 2 2 2 2 2 2 2 2 2 2 1 1 1 
162 148 139 127 121 111 110 109 107 103 102 98 98 96 79 79 78 78 74 73 70 70 69 66 63 62 61 58 58 58 56 56 54 53 47 47 47 47 43 43 43 43 40 40 39 39 37 37 37 36 36 34 34 31 31 30 30 29 29 29 27 27 27 25 25 23 23 23 23 20 20 20 19 19 19 19 19 19 18 18 18 17 16 15 15 15 15 13 12 11 11 11 11 11 11 11 10 10 8 8 8 8 6 6 6 6 6 6 6 6 5 5 5 4 4 4 4 4 3 3 3 3 3 3 3 3 2 2 2 2 2 2 2 
159 138 135 127 118 109 101 97 91 91 91 91 88 81 78 78 77 75 73 72 70 69 64 61 57 57 55 55 50 50 42 40 40 40 40 39 38 38 38 38 37 36 36 36 35 34 34 33 31 30 30 29 29 29 29 29 28 28 25 23 23 23 21 18 18 18 17 17 17 16 16 16 16 16 15 15 15 15 15 15 14 14 14 14 14 13 13 13 11 11 11 11 10 10 9 9 8 8 7 7 7 7 6 5 5 4 4 4 4 4 4 4 4 4 3 2 2 2 2 2 2 2 2 2 2 2 2 2 1 1 1 
135 125 121 116 115 107 101 95 91 91 91 88 87 81 78 76 74 71 68 64 63 59 59 58 56 55 52 50 50 49 41 40 40 38 37 37 37 37 36 36 36 36 34 34 34 32 30 30 29 29 28 27 27 25 25 25 24 24 23 23 21 21 19 18 18 16 16 16 16 16 15 15 15 15 14 14 14 14 14 14 14 14 13 11 11 11 10 10 9 9 9 9 8 8 8 8 8 6 6 6 5 4 4 4 4 4 4 4 3 3 3 2 2 2 2 2 2 2 2 2 2 2 2 1 1 1 1 1 1 1 1 
121 114 114 107 104 103 101 92 90 90 79 78 78 78 77 75 72 70 63 59 59 55 51 51 49 47 45 44 44 44 41 40 39 37 37 37 37 36 36 36 35 32 31 30 29 28 28 28 28 26 26 26 26 25 24 21 19 18 18 18 18 18 18 16 16 16 16 16 16 15 15 14 14 14 14 14 13 13 13 12 11 8 8 8 6 6 6 6 6 5 5 5 5 5 5 5 5 5 5 4 4 3 3 3 3 3 3 3 3 3 3 2 2 2 2 2 1 1 1 1 1 1 1 1 1 1 1 1 1 
120 113 111 102 101 100 100 92 90 83 77 77 73 70 68 67 67 65 62 58 45 45 45 45 43 43 42 42 40 40 40 38 38 37 37 34 34 34 34 34 33 30 29 29 28 25 25 25 25 25 24 24 24 23 20 20 18 18 18 18 18 18 16 16 16 16 16 14 14 14 14 14 14 14 14 13 12 12 10 10 10 8 8 6 6 6 5 4 4 4 4 4 4 4 4 4 4 4 4 4 3 3 3 3 3 3 3 3 3 3 2 2 2 1 1 1 1 1 1 1 1 1 1 
120 113 106 99 99 98 94 76 74 72 70 69 69 69 68 67 67 64 61 52 45 45 45 44 42 40 40 40 40 39 39 38 38 37 37 34 34 34 34 34 33 30 29 28 25 25 25 24 24 24 23 23 23 23 20 20 18 18 17 17 17 16 16 15 15 15 15 14 14 14 14 14 14 12 12 12 12 12 10 9 7 7 7 6 6 6 4 4 4 4 4 4 4 4 4 4 3 3 3 3 3 3 3 3 2 2 2 2 2 2 1 1 1 
115 111 104 99 94 91 87 75 73 72 68 68 68 67 66 66 64 62 59 47 45 43 41 41 41 40 39 39 39 38 38 38 36 36 35 34 32 31 31 31 31 30 28 26 25 24 24 23 23 23 23 23 21 21 20 19 18 18 17 17 16 16 15 15 15 14 14 13 12 12 12 12 12 11 9 8 8 7 7 7 7 7 6 6 5 5 4 4 4 4 4 4 4 4 3 3 3 3 3 3 3 2 2 2 2 2 2 2 1 1 1 1 1 
115 108 98 98 93 91 77 73 69 66 66 66 66 64 63 62 59 55 55 46 45 42 41 41 41 40 39 39 39 37 37 36 36 35 30 30 30 30 30 30 29 29 27 26 25 24 23 23 21 20 20 19 19 19 19 19 17 17 17 15 13 13 13 13 13 11 11 11 11 10 9 9 8 8 6 6 6 6 5 5 5 4 4 4 4 4 4 4 4 4 4 4 3 3 3 3 3 3 3 3 3 2 1 1 1 1 
103 103 98 97 90 83 77 71 68 66 66 66 65 62 62 60 54 51 51 45 44 42 41 41 41 39 38 38 37 36 36 35 34 32 30 30 30 29 29 29 27 26 23 22 21 21 21 17 17 17 17 17 17 16 15 15 15 15 15 14 13 13 13 13 13 11 11 8 8 6 6 6 6 6 6 6 6 6 5 5 5 4 4 4 4 4 4 4 3 3 2 2 2 2 2 2 2 2 2 2 2 2 1 
103 102 97 86 86 77 75 68 68 66 66 63 62 59 57 56 53 51 45 45 42 41 41 40 39 39 37 35 35 35 33 33 32 31 28 25 25 24 24 24 23 23 22 22 21 18 17 17 17 17 17 17 17 15 15 15 14 14 13 13 12 12 12 12 10 9 9 8 7 6 6 6 6 6 6 6 6 5 5 5 4 4 4 4 4 3 3 3 2 2 2 2 2 2 2 2 2 2 2 2 2 1 1 
103 91 90 85 84 74 74 68 67 63 63 60 58 58 54 54 51 48 45 44 42 40 39 39 39 38 34 34 34 34 32 32 27 26 25 25 25 24 23 23 23 22 20 18 18 17 17 17 17 17 17 14 14 14 14 14 14 13 13 13 12 12 11 10 9 8 8 8 7 6 6 5 5 5 5 5 5 5 5 5 4 4 4 4 4 3 2 2 2 2 2 2 2 2 2 2 2 1 1 1 1 1 
103 90 88 85 82 74 73 67 64 63 62 59 56 54 54 51 48 46 45 42 42 39 39 39 36 36 34 33 33 30 30 28 25 25 25 24 24 23 23 23 22 20 19 18 18 16 16 16 16 16 15 13 12 12 12 12 12 11 10 10 9 8 6 5 5 5 5 5 5 5 5 4 4 4 4 4 4 4 4 4 4 4 3 3 3 3 2 2 2 2 2 2 2 2 1 1 1 1 1 1 1 
102 87 87 84 81 70 70 66 64 59 58 57 54 54 54 48 47 44 43 42 42 37 36 36 35 35 33 33 31 30 30 27 25 24 24 23 23 23 23 21 20 19 19 18 18 15 15 15 15 15 14 12 12 11 11 11 11 9 8 8 8 8 6 5 5 5 5 5 4 4 4 4 4 3 2 2 2 2 2 2 2 2 2 2 2 2 2 2 2 1 1 1 1 1 1 1 1 
102 86 82 79 79 69 66 63 62 59 58 57 54 53 50 48 47 43 43 42 42 36 36 35 34 33 32 31 28 27 27 27 25 23 23 23 23 23 22 21 20 17 17 17 17 15 15 14 14 13 13 12 11 11 11 11 10 8 8 8 8 6 6 5 5 5 5 5 4 4 4 4 4 2 2 2 2 2 2 2 2 2 2 2 1 1 1 1 1 1 1 1 
95 86 81 77 77 69 63 62 61 58 54 52 49 49 49 47 46 43 43 42 41 36 36 35 34 29 25 25 25 25 24 24 23 23 23 23 21 20 20 20 19 17 17 17 15 13 12 12 12 12 10 10 10 10 9 9 9 8 6 6 6 6 5 5 4 4 4 4 4 4 4 4 4 2 2 2 2 2 2 2 2 2 2 2 1 1 1 1 1 1 1 1 
92 82 79 77 71 67 63 61 56 56 53 52 49 49 49 46 44 41 36 36 36 36 34 34 31 28 25 25 25 24 24 24 23 23 21 20 20 19 18 17 16 15 15 13 12 11 11 11 11 11 10 9 8 8 8 8 8 7 6 6 6 6 5 5 4 4 4 4 4 4 4 3 2 2 2 2 2 2 2 2 1 1 1 1 1 1 1 1 1 1 1 
91 79 78 76 70 67 61 61 56 56 53 51 48 48 47 44 43 40 35 35 35 35 30 30 29 27 25 25 25 24 23 23 21 21 21 20 19 18 17 16 14 13 13 13 12 11 11 11 11 11 9 7 7 6 6 6 6 6 6 6 6 5 4 4 4 4 4 4 4 4 2 2 1 1 1 1 1 1 1 1 1 1 1 1 1 1 
87 78 71 71 70 64 61 58 56 55 52 47 45 45 45 44 42 39 35 35 35 34 30 30 27 25 25 25 25 23 23 23 20 20 20 19 18 16 15 14 13 13 12 12 12 11 11 10 10 9 8 7 7 6 6 6 6 6 6 6 6 5 4 4 3 3 2 2 2 2 2 1 1 1 1 1 1 1 1 1 1 1 1 1 1 
86 78 71 70 68 58 58 58 55 54 49 46 45 45 44 43 38 38 35 35 34 33 30 30 27 25 23 23 23 23 22 22 20 20 20 19 16 15 15 14 13 13 12 12 12 11 9 9 9 7 7 7 6 6 6 6 6 5 5 5 4 4 4 4 3 3 2 2 2 2 1 1 1 1 1 1 1 1 1 1 1 1 1 1 1 
83 76 71 67 65 58 58 55 55 53 48 46 45 45 40 36 35 35 35 32 32 30 30 29 27 23 23 23 23 22 22 20 20 20 19 18 14 14 13 13 12 11 11 11 11 10 9 9 7 7 6 6 6 6 6 4 4 4 3 3 3 3 3 3 3 3 2 2 1 1 1 1 1 1 1 1 1 1 1 1 1 
82 74 68 67 65 58 57 51 51 50 45 45 44 41 40 36 35 34 34 32 28 28 28 28 26 23 23 23 22 21 20 19 19 19 17 15 14 14 13 12 12 11 11 10 10 10 9 8 7 6 6 6 6 5 4 3 3 3 3 3 3 3 3 3 3 3 2 2 1 1 1 1 1 1 1 1 1 1 1 1 1 
82 69 65 63 59 57 49 46 46 46 45 45 43 40 40 36 34 32 32 32 28 28 28 26 24 23 23 22 21 20 20 19 19 18 17 15 14 13 13 11 11 11 10 10 8 8 8 7 7 6 4 4 4 4 3 3 3 3 3 3 2 2 2 2 1 1 1 1 1 1 1 1 1 1 1 1 1 1 1 1 1 
79 65 61 61 56 53 48 46 46 46 45 43 42 40 37 36 33 31 31 31 28 27 27 25 24 23 22 22 20 20 19 19 19 18 17 15 13 13 13 11 11 11 10 8 8 8 7 7 7 5 4 4 3 3 3 3 3 3 3 2 2 1 1 1 1 1 1 1 1 1 1 1 1 1 1 1 1 1 
73 63 61 61 56 53 48 46 45 44 44 41 40 39 37 33 33 31 31 31 27 26 25 25 24 23 22 20 20 20 18 18 18 17 15 14 13 11 11 11 11 11 10 8 8 8 7 7 7 5 4 4 3 3 3 3 3 3 2 1 1 1 1 1 1 1 1 1 1 1 1 1 1 
73 61 61 59 55 50 46 45 44 44 43 40 38 36 34 32 30 29 29 29 27 26 25 24 23 22 21 20 20 18 18 18 17 16 14 14 12 11 11 11 10 10 9 7 7 7 7 7 5 4 4 4 3 3 3 3 3 3 2 1 1 1 1 1 1 1 1 1 1 
71 61 61 58 50 48 46 44 44 42 42 39 34 34 33 31 29 29 29 26 25 24 24 24 22 21 21 20 19 18 18 17 17 15 14 12 12 11 11 11 10 9 9 7 7 6 6 6 5 4 4 3 3 1 1 1 1 1 1 1 1 1 1 1 1 1 1 1 1 
71 61 59 56 50 47 46 43 42 41 41 39 33 33 33 30 29 29 28 25 25 24 24 24 22 21 21 19 19 18 17 16 16 14 13 12 12 11 11 11 8 7 7 6 6 6 6 6 5 4 4 1 1 1 1 1 1 1 1 1 1 1 1 1 1 1 1 
65 58 57 56 50 47 44 43 40 40 39 39 33 33 33 29 29 29 28 24 24 24 24 23 21 21 20 19 18 17 16 16 16 14 13 12 12 11 10 10 6 6 6 6 6 6 6 6 5 4 3 1 1 1 1 1 1 1 1 1 1 1 1 1 1 
65 58 55 54 50 46 42 42 40 40 38 38 33 31 31 29 29 28 26 24 24 24 23 23 21 21 20 18 17 17 16 16 15 14 13 12 11 10 8 8 6 6 5 5 5 5 5 5 3 3 2 1 1 1 1 1 1 1 1 1 1 1 1 1 1 
65 57 53 52 49 46 42 41 38 38 38 31 31 30 30 29 29 27 26 24 24 23 22 21 21 21 19 17 17 16 15 15 13 13 12 12 10 10 8 8 6 6 5 5 5 5 5 5 2 2 1 1 1 1 1 1 1 1 1 1 1 1 
62 56 52 50 47 45 42 41 38 35 35 31 31 30 28 28 27 25 25 24 22 22 21 21 21 18 16 16 16 15 13 13 13 12 12 12 10 9 8 8 6 6 5 5 4 4 4 4 2 2 1 1 1 1 1 1 1 1 1 1 1 
62 54 52 50 47 43 41 37 34 33 33 31 31 29 28 26 24 24 23 23 22 21 21 18 18 18 16 15 15 15 13 13 13 12 12 11 9 8 8 8 6 5 5 5 4 3 3 3 2 2 1 1 1 1 1 1 1 1 1 1 1 
62 52 50 49 46 42 37 36 32 32 30 30 29 28 28 24 24 24 23 21 21 21 19 18 18 16 16 14 14 14 13 12 12 12 10 10 8 8 7 7 6 5 5 4 4 3 2 2 2 1 1 1 1 1 1 1 1 1 1 1 1 
60 51 49 48 45 41 35 34 32 31 30 30 29 28 28 24 24 23 21 21 20 17 17 17 17 16 15 14 14 12 12 12 11 11 9 9 8 8 7 7 6 5 5 4 3 2 2 1 1 1 1 1 1 1 1 1 1 1 1 1 1 
59 50 49 43 42 34 32 31 29 29 28 27 27 27 27 24 23 21 19 19 19 17 17 17 16 16 14 14 13 12 12 11 10 9 9 8 8 7 7 6 6 5 4 3 2 2 1 1 1 1 1 1 1 1 1 1 1 1 1 1 1 
59 50 48 42 42 33 32 31 27 27 27 27 26 25 24 22 22 20 19 19 18 17 17 16 14 14 13 13 11 11 10 10 9 8 8 7 7 6 5 5 5 5 4 3 2 2 1 1 1 1 1 1 1 1 1 1 1 1 1 1 1 
55 49 46 42 41 33 31 30 27 27 27 26 26 24 23 22 22 20 19 19 16 16 16 16 13 13 12 12 9 9 9 9 9 8 8 7 7 6 5 5 4 3 3 3 2 1 1 1 1 1 1 1 1 1 1 1 1 1 
55 49 46 41 40 33 31 30 27 27 27 26 25 23 22 21 21 20 19 18 16 16 16 15 12 12 11 11 9 8 8 8 8 8 8 7 7 4 4 4 3 3 2 2 2 1 1 1 1 1 1 1 1 1 1 1 1 
55 49 44 41 38 32 31 30 27 27 27 25 25 23 22 21 21 20 19 18 15 15 15 14 12 12 11 10 9 8 8 8 8 8 7 7 7 4 3 3 3 3 2 2 1 1 1 1 1 1 1 1 1 1 1 1 1 
51 46 44 40 38 31 31 30 27 27 26 25 23 23 22 20 20 19 18 16 15 14 11 11 11 11 10 10 8 8 8 8 8 8 7 6 4 4 3 3 3 2 2 2 1 1 1 1 1 1 1 1 1 1 1 1 
48 46 42 39 38 31 30 28 26 26 25 23 23 23 21 20 19 18 18 15 14 14 11 11 10 10 10 9 8 8 8 8 7 6 5 4 4 3 3 2 2 2 2 1 1 1 1 1 1 1 1 1 1 1 1 1 
47 46 41 39 37 31 30 27 25 25 25 23 22 22 21 19 19 18 16 15 14 14 11 11 9 9 9 9 8 8 7 6 6 5 5 4 4 3 2 2 2 2 2 1 1 1 1 1 1 1 1 1 1 1 
46 46 41 39 35 31 29 27 25 24 24 23 22 21 19 19 18 18 16 15 14 14 11 9 9 9 9 8 7 7 6 4 4 4 4 4 4 2 2 2 2 1 1 1 1 1 1 1 1 1 
46 43 38 34 34 31 27 25 24 24 23 22 21 21 19 18 17 17 15 14 13 13 11 9 9 8 8 8 6 6 5 4 4 4 4 4 3 2 2 2 1 1 1 1 1 1 1 1 1 
45 40 36 34 33 29 26 24 23 23 21 21 19 18 18 17 17 13 13 13 13 10 9 9 8 6 6 6 4 4 4 4 4 3 3 3 3 2 2 1 1 1 1 1 1 1 1 1 
39 39 35 33 32 29 26 24 23 21 21 20 19 18 17 17 16 13 13 12 12 10 9 7 7 6 6 6 4 4 4 4 4 3 3 3 2 2 2 1 1 1 1 1 1 1 1 1 
37 37 35 33 32 29 23 23 23 21 21 19 18 17 16 16 14 13 12 12 9 7 6 6 4 4 4 4 4 4 4 3 3 2 2 2 2 2 1 1 1 1 1 1 1 1 1 1 
37 36 34 31 31 29 23 23 23 21 21 18 18 17 16 16 13 13 12 11 9 6 6 6 4 4 4 4 4 3 3 3 3 2 2 2 2 2 1 1 1 1 1 1 1 1 1 1 
34 34 33 29 28 28 23 23 23 21 19 18 17 17 15 15 13 12 11 10 9 6 6 6 4 4 4 3 3 3 3 3 2 2 2 2 2 1 1 1 1 1 1 1 1 1 
34 34 33 29 28 28 23 23 22 21 19 16 16 16 15 15 13 12 10 10 9 6 5 5 4 4 4 3 3 3 3 3 2 2 1 1 1 1 1 1 1 1 1 1 
33 33 32 29 28 27 23 23 20 20 19 16 16 16 15 15 13 10 8 8 8 6 5 4 4 3 3 3 3 3 3 2 1 1 1 1 1 1 
33 33 30 29 28 25 23 23 20 20 18 16 16 15 15 13 12 10 7 6 6 6 4 4 4 3 3 3 3 3 3 2 1 1 1 1 1 1 
33 32 30 28 28 25 23 23 19 19 17 16 16 15 14 12 11 9 7 4 4 4 4 3 3 3 3 3 3 2 2 1 1 1 1 1 1 1 
33 32 29 28 28 24 23 23 19 18 17 16 15 13 13 12 9 8 5 4 4 4 4 3 3 3 3 3 3 2 2 1 1 1 1 
33 30 28 28 27 24 23 23 19 18 17 14 14 13 13 11 7 6 5 4 4 4 4 3 3 3 3 3 2 2 2 1 1 
33 30 28 27 26 24 23 20 19 18 17 14 13 13 11 11 7 6 4 4 4 3 3 3 3 3 3 3 2 2 2 1 1 
33 29 27 27 24 22 22 19 19 18 15 14 13 13 11 11 7 6 4 4 4 3 3 3 3 3 3 3 2 2 1 1 
31 27 27 26 23 22 20 19 19 16 15 14 13 11 10 10 7 6 4 3 3 3 3 3 3 3 3 2 2 1 1 
30 27 27 25 23 21 20 19 18 15 14 13 12 11 9 9 6 4 4 3 3 3 3 3 3 2 2 2 1 
29 27 27 25 21 20 19 18 17 15 12 12 11 8 8 7 6 4 4 3 3 3 3 3 2 2 2 2 1 
29 27 24 24 21 19 19 17 16 14 12 10 9 8 8 7 5 4 3 3 3 3 3 3 2 2 2 1 
29 27 24 24 21 19 18 16 16 14 12 10 8 8 7 7 5 4 3 3 3 3 3 3 2 2 2 
29 27 24 24 19 18 17 16 16 14 12 10 8 8 7 7 4 4 3 3 3 3 3 3 2 1 1 
29 27 24 23 19 18 17 16 15 12 11 10 8 8 7 6 4 3 3 3 3 3 3 2 2 1 1 
29 27 24 23 19 18 17 15 15 12 11 9 8 8 7 6 3 3 3 3 3 3 2 2 2 1 1 
29 27 24 22 18 17 17 15 14 12 11 9 8 8 6 6 3 3 3 2 2 2 2 2 1 1 
29 24 22 22 18 17 14 14 14 12 11 8 7 6 6 6 3 3 3 2 2 2 2 1 1 1 
28 23 21 17 17 17 14 14 14 11 9 8 7 6 5 5 3 3 3 2 2 2 2 1 1 
27 22 20 17 17 17 14 14 11 11 8 8 7 6 5 5 3 3 3 2 2 2 2 1 
27 22 20 17 16 16 14 14 11 10 8 7 7 6 5 5 3 3 3 2 2 2 2 1 
27 22 19 17 16 16 14 12 11 10 8 6 6 6 5 4 3 3 3 2 1 1 1 1 
27 22 19 17 16 15 14 12 11 10 8 6 6 6 4 4 3 3 3 1 1 1 1 1 
27 22 18 16 16 13 13 12 10 9 8 6 6 5 3 3 3 3 2 1 1 1 1 1 
25 22 17 16 16 12 12 12 10 9 8 6 6 5 3 3 3 3 2 1 1 1 1 1 
22 21 16 16 15 12 12 11 10 8 8 6 6 5 3 3 3 3 1 1 1 1 1 1 
22 21 16 16 12 12 12 9 9 8 6 6 6 4 3 3 3 2 1 1 1 1 1 1 
22 21 16 15 12 11 10 9 9 8 6 4 4 4 3 3 2 2 1 1 1 1 1 1 
22 21 16 15 12 10 9 9 9 5 5 4 4 4 3 3 2 2 1 1 1 1 1 
20 19 16 15 12 10 9 9 9 5 5 4 4 4 3 3 2 2 1 1 
19 19 16 14 11 10 9 9 8 5 5 4 4 3 3 3 2 1 
19 19 16 14 11 9 9 9 7 5 5 4 4 3 3 2 1 
19 19 16 14 10 9 9 9 7 5 4 4 4 3 3 2 1 
19 19 13 13 10 9 9 9 7 5 4 4 4 3 3 1 1 
19 17 13 13 9 9 9 8 7 5 4 4 3 3 3 1 1 
19 17 13 13 9 9 7 7 6 5 4 4 3 2 2 1 1 
19 17 13 13 9 9 7 7 6 4 4 4 3 2 2 1 1 
18 17 13 13 9 7 7 6 5 4 4 4 2 2 1 1 1 
18 17 13 12 9 7 7 6 5 4 4 4 2 2 1 1 1 
18 15 13 12 8 7 7 6 4 4 4 4 2 1 1 1 
15 14 13 11 8 7 5 5 4 4 4 4 2 1 
14 14 13 11 8 6 5 5 4 4 4 3 1 
13 13 11 10 8 6 5 5 4 4 4 3 1 
13 13 11 10 7 5 4 4 4 4 3 2 
13 13 10 10 7 5 4 4 4 4 2 2 
13 12 10 9 6 5 4 4 4 4 2 2 
13 11 9 8 6 5 4 4 4 3 2 2 
13 10 8 6 5 5 4 4 3 2 2 2 
13 9 8 5 5 4 4 4 3 2 2 1 
13 9 8 5 4 4 4 4 2 2 2 1 
13 8 7 4 4 4 4 3 2 2 2 1 
12 8 6 4 4 4 4 3 2 2 2 1 
10 8 6 4 4 4 4 3 2 2 1 1 
10 7 5 4 4 4 2 2 2 2 1 1 
10 7 5 4 4 4 2 2 2 2 1 1 
9 7 5 4 4 3 2 2 2 2 1 1 
9 7 5 4 4 3 2 2 2 2 1 1 
9 7 5 4 3 3 2 2 2 2 1 1 
9 7 5 4 3 2 2 2 2 2 1 1 
9 7 5 4 3 2 2 2 2 2 1 
5 5 5 4 2 2 2 2 2 2 
5 5 5 4 2 2 2 2 2 
5 5 4 4 2 2 1 1 1 
5 5 4 4 2 2 1 1 1 
5 5 4 4 2 1 1 1 1 
5 5 4 3 2 1 1 1 
5 4 4 3 1 1 1 1 
4 4 2 2 1 1 1 1 
4 4 1 1 1 1 1 1 
4 4 1 1 1 1 1 1 
4 3 1 1 1 1 1 1 
4 3 1 1 1 1 1 1 
4 2 1 1 1 1 1 
4 2 1 1 1 1 1 
4 2 1 1 1 1 1 
4 2 1 1 1 1 1 
4 2 1 1 1 1 1 
4 2 1 1 1 1 1 
4 2 1 1 1 1 1 
4 2 1 1 1 1 1 
4 2 1 1 1 1 
4 2 1 1 1 
4 1 1 1 1 
2 1 1 1 
2 1 1 
2 1 1 
2 1 1 
2 1 1 
2 1 
2 1 
2 1 
2 1 
2 1 
2 1 
1 1 
1 1 
1 1 
1 1 
1 1 
1 1 
1 1 
1 1 
1 1 
1 1 
1 1 
1 
1 
1 
1 
1 
1 
1 
1 
1 
1 
1 
1 
