163 154 148 146 129 128 128 124 120 118 110 108 108 105 102 100 96 91 89 89 84 82 80 74 73 71 63 60 58 54 52 52 52 51 49 49 47 47 47 45 41 41 41 40 40 40 40 40 38 37 37 36 36 36 36 36 32 32 31 30 30 29 29 29 29 28 27 26 26 26 26 26 26 23 22 22 22 22 21 20 20 20 20 20 20 15 15 15 15 15 15 15 15 15 14 12 12 12 12 12 12 11 11 11 11 10 10 10 9 9 8 8 8 8 7 7 6 6 6 6 6 6 5 5 5 5 5 5 5 5 5 5 5 5 5 5 5 5 5 4 4 4 4 4 4 4 4 4 4 3 2 2 2 2 2 2 2 2 2 2 2 1 1 1 1 1 1 1 1 1 1 1 1 
148 141 137 137 119 117 116 105 105 104 97 96 89 88 87 87 81 80 79 78 76 72 70 70 64 64 59 59 57 54 52 52 51 50 49 46 43 42 42 42 41 41 41 40 38 37 37 36 35 35 35 34 33 33 33 33 32 32 30 30 27 27 26 25 25 25 23 23 23 23 22 21 21 20 20 20 16 16 16 16 15 15 14 14 14 14 14 14 14 14 13 13 11 11 11 10 10 10 10 10 10 9 9 9 9 9 8 8 8 7 7 7 7 7 7 6 6 6 5 5 5 5 5 5 5 5 5 4 4 4 4 4 4 4 4 4 4 4 4 3 3 2 2 2 2 2 2 2 2 2 2 2 2 2 2 2 2 1 1 1 
141 139 133 112 109 109 104 102 100 97 92 92 88 77 75 75 75 71 71 70 69 61 61 60 58 57 56 56 52 51 51 48 48 47 42 41 40 40 39 38 37 37 37 37 37 37 37 31 30 30 30 30 28 28 27 27 26 26 26 26 25 25 25 25 25 24 21 21 19 18 17 17 17 17 13 13 13 13 13 13 11 11 11 11 11 11 11 11 11 11 11 11 10 10 10 9 9 8 8 7 7 7 7 6 5 5 5 5 5 5 5 5 5 5 5 5 5 5 5 5 5 4 4 3 3 3 2 2 2 2 2 2 2 2 2 2 2 2 2 2 2 2 2 2 2 1 1 1 1 1 1 1 1 1 
138 133 126 110 106 103 100 98 96 90 90 87 81 77 75 73 71 68 68 65 65 61 61 59 56 54 53 52 52 49 48 48 43 40 40 40 39 39 36 36 36 36 33 32 32 32 32 31 30 30 30 29 27 27 26 26 25 25 25 24 22 22 22 22 22 22 20 17 17 16 16 16 16 15 13 12 12 12 12 12 11 11 11 10 10 10 10 9 9 9 8 8 8 8 8 8 8 7 7 7 7 7 6 5 5 5 5 5 5 5 5 5 5 5 4 4 4 4 3 3 3 3 3 2 2 2 2 1 1 1 1 1 1 1 1 1 1 1 1 1 1 1 1 1 1 1 1 
131 123 120 110 101 100 100 94 93 90 89 85 81 77 75 73 70 64 64 61 55 49 48 46 46 45 45 44 44 44 44 43 41 40 37 37 37 37 36 36 35 33 32 30 29 29 27 27 27 27 24 23 23 23 23 22 22 21 21 21 20 20 20 20 20 20 17 16 16 15 14 14 14 14 12 12 11 11 11 11 11 11 10 10 10 9 9 9 8 8 8 8 7 7 7 7 7 7 7 5 5 5 5 5 5 5 5 3 3 3 3 3 3 3 3 3 3 2 2 2 2 2 2 1 1 1 1 1 1 1 1 1 
128 120 115 106 99 97 97 94 91 83 77 77 75 73 68 68 62 57 52 52 48 46 46 44 44 44 44 44 44 44 43 42 40 40 37 36 36 36 36 36 34 32 31 30 29 28 27 27 27 27 23 23 23 20 20 20 20 20 18 18 17 17 17 16 16 16 16 16 16 14 11 11 11 11 11 11 11 11 11 10 10 10 10 10 10 8 7 7 6 6 6 6 6 6 6 6 5 5 5 5 5 4 4 4 4 3 3 3 3 3 3 3 3 3 3 2 2 
114 112 112 106 98 97 88 88 88 82 76 75 73 71 67 63 60 56 52 50 48 45 44 44 44 44 44 44 43 43 40 40 40 38 37 35 35 34 34 34 34 32 31 30 29 28 27 26 25 24 23 22 20 20 19 19 19 18 17 17 17 16 16 16 15 15 13 13 13 12 11 10 10 10 10 10 10 10 10 10 9 9 8 7 7 7 7 7 6 6 5 5 5 5 5 5 5 4 3 3 3 3 3 3 3 3 3 3 3 3 2 2 2 2 2 2 1 
113 109 107 106 98 95 88 87 82 79 75 68 66 66 66 55 54 53 50 50 48 45 44 44 43 43 42 42 38 38 38 38 38 35 35 35 32 32 31 31 30 30 30 27 27 27 26 25 24 24 22 20 20 20 19 19 18 18 17 17 17 16 15 15 14 13 12 12 12 11 11 9 9 9 9 9 9 9 9 9 7 7 7 7 7 6 6 6 5 5 5 4 4 4 4 4 4 3 3 3 2 2 2 2 2 2 2 2 1 1 1 1 1 1 
113 108 105 99 96 87 85 82 71 70 67 67 63 61 61 52 51 51 47 47 46 45 44 41 38 38 37 37 36 36 36 36 35 34 33 33 30 29 29 29 29 28 28 26 26 24 23 22 22 22 22 20 20 18 18 17 17 16 16 14 14 14 14 14 11 11 11 11 11 10 10 9 8 8 8 8 6 6 6 4 4 4 4 4 4 4 4 4 4 4 4 4 4 4 4 3 3 3 3 3 2 2 2 2 1 1 1 1 1 1 1 
111 105 97 90 89 83 82 75 71 70 64 62 61 59 56 51 50 50 47 46 46 44 41 41 37 37 37 36 36 35 35 35 34 34 33 32 29 29 29 29 27 27 26 26 24 23 22 22 22 19 19 19 19 18 18 16 16 16 14 14 13 12 12 11 11 11 10 10 10 10 9 8 7 6 6 6 6 6 4 4 4 4 4 4 4 4 4 4 4 3 3 3 3 3 3 2 2 2 2 1 1 1 1 
98 98 92 89 85 81 77 73 68 67 64 59 59 57 55 49 49 48 47 45 43 41 40 39 37 35 35 35 35 35 35 34 33 32 32 32 29 29 27 26 25 25 25 25 24 21 21 21 20 19 19 18 18 17 16 15 14 13 11 11 11 10 10 10 9 8 8 8 8 8 8 8 7 6 5 5 5 5 4 4 4 3 3 3 2 2 1 1 1 1 1 1 1 1 1 1 1 1 1 
97 97 91 86 79 75 75 73 64 64 62 59 56 54 54 48 48 47 44 44 43 39 38 38 36 35 35 35 34 33 33 32 30 28 28 28 28 27 25 25 24 24 23 23 21 20 20 20 19 19 19 17 17 14 13 13 12 11 10 10 10 10 9 8 8 8 8 8 7 7 7 6 6 4 4 4 4 4 3 3 3 3 3 3 2 2 1 1 1 
97 96 79 78 75 75 74 71 63 61 60 58 54 51 51 48 48 47 44 43 43 39 38 37 35 34 34 34 34 33 30 30 29 27 27 24 24 24 24 24 24 24 23 22 21 20 20 19 19 17 17 16 16 14 13 12 12 10 10 8 8 8 8 8 8 6 6 6 6 5 5 5 4 4 4 4 4 3 3 3 3 2 2 2 
96 90 79 75 74 71 69 67 63 60 58 53 53 50 50 47 46 45 44 43 41 38 37 37 35 34 34 34 33 31 30 29 28 27 26 24 24 24 24 23 22 21 21 21 18 18 18 18 18 17 14 13 13 13 13 12 10 9 9 8 8 7 7 6 6 5 5 5 5 5 5 3 3 3 3 3 3 3 3 3 3 2 1 1 
96 81 76 74 71 67 64 63 58 57 55 53 53 47 45 45 44 43 42 42 39 38 37 35 34 34 34 32 30 29 29 28 28 27 23 23 22 22 20 20 20 20 20 18 17 17 17 17 16 16 14 13 11 11 10 9 8 8 6 6 6 5 5 5 5 5 5 5 5 3 3 3 3 3 3 3 3 3 2 2 2 1 1 1 
89 78 73 72 68 62 62 60 58 57 53 52 46 45 44 43 41 41 41 40 39 38 37 34 34 32 32 32 30 29 29 26 26 26 23 23 21 21 20 20 20 20 20 17 17 16 16 16 16 15 13 13 11 11 8 8 7 6 6 5 5 5 5 5 5 5 5 5 3 3 3 3 3 3 3 3 3 2 2 1 
88 76 72 66 65 61 61 59 56 55 50 50 45 45 42 41 40 40 39 39 38 37 36 32 32 32 31 29 29 28 28 26 25 22 20 20 19 19 19 18 18 18 18 16 16 16 16 13 13 13 10 9 9 8 8 5 5 5 5 5 5 5 5 5 5 5 4 3 3 3 3 3 3 3 3 3 3 2 2 1 
87 76 71 63 63 58 58 58 56 52 50 49 44 43 41 41 39 39 39 36 34 34 33 32 32 29 28 27 27 26 25 20 18 18 18 18 18 18 18 18 18 17 16 14 14 11 10 10 8 8 8 7 7 7 7 5 5 5 5 5 4 4 4 4 4 4 4 3 3 3 3 3 3 3 3 3 1 1 1 1 
87 76 69 63 63 58 58 58 55 52 50 46 43 43 40 40 38 38 38 36 33 32 30 29 29 29 28 27 27 25 25 19 18 18 18 18 18 17 16 16 16 16 13 12 9 9 9 9 8 8 8 7 7 7 6 5 5 5 4 4 4 4 3 3 3 3 3 3 3 2 2 2 2 2 2 2 1 1 1 1 
76 72 69 62 61 57 57 57 54 52 50 45 43 42 40 39 38 34 32 31 31 31 29 29 29 28 24 24 24 24 22 18 18 18 18 17 16 16 16 16 13 13 10 10 9 9 8 7 7 7 7 7 7 7 5 5 5 5 4 4 3 3 3 3 3 3 3 3 2 2 2 2 2 2 2 2 1 1 1 
76 72 68 62 59 57 56 54 54 51 50 44 43 42 38 35 34 31 31 31 31 30 27 26 24 24 24 24 23 23 22 18 17 17 16 16 16 16 16 15 13 11 10 10 7 7 7 7 7 7 7 7 7 6 5 5 5 5 4 4 3 3 3 3 3 3 2 2 2 2 2 2 2 2 1 1 1 1 
76 71 65 62 58 57 53 51 49 49 48 42 40 40 38 35 33 31 31 31 30 30 27 26 24 24 24 23 23 21 21 18 17 17 16 16 16 16 15 15 12 10 9 9 7 7 7 7 7 7 7 7 7 6 5 5 4 4 4 3 3 3 3 3 2 2 2 2 2 1 1 1 1 1 1 1 1 1 
75 68 62 62 57 57 51 49 48 48 47 42 40 39 36 34 33 31 29 29 29 29 26 24 23 22 22 22 22 21 20 18 17 17 16 16 16 16 15 14 11 9 7 7 7 7 7 7 7 7 7 7 7 6 5 5 4 4 3 3 3 3 3 3 2 2 1 1 1 1 1 1 1 1 1 1 
75 65 62 60 57 55 50 49 48 47 45 42 40 37 34 33 32 30 29 27 27 25 24 23 23 22 22 22 20 19 17 17 17 17 16 16 14 14 14 12 10 7 7 7 7 7 7 7 6 6 6 6 6 6 4 4 4 4 3 3 3 3 3 2 2 2 1 1 1 1 1 1 1 
72 65 60 59 57 53 49 47 47 47 42 42 39 36 34 32 31 29 27 26 24 23 23 23 22 22 22 21 20 19 17 17 17 16 13 13 13 13 13 11 10 7 7 7 7 7 7 6 6 6 6 6 6 6 4 3 3 3 3 3 3 3 2 2 2 2 1 1 1 
72 65 59 56 50 47 47 46 46 45 40 40 38 34 34 31 31 29 27 25 23 23 22 22 21 19 19 19 19 17 17 17 17 16 13 13 13 13 12 10 9 7 7 7 7 7 7 6 6 6 6 6 6 6 4 3 3 3 3 3 1 1 1 1 1 1 1 
70 65 54 54 48 47 47 41 41 39 39 37 37 33 31 31 29 29 26 25 23 23 22 22 21 18 17 17 17 17 17 16 16 15 13 13 13 11 11 10 8 7 7 7 7 6 6 6 6 6 6 6 6 3 3 3 3 2 2 1 1 1 
66 61 54 50 48 45 45 40 40 39 38 35 34 31 30 30 29 28 25 23 23 23 21 20 17 17 17 17 17 16 15 15 14 14 13 12 12 11 10 10 8 7 7 7 6 6 5 5 5 5 5 5 5 3 3 3 2 2 1 
65 59 53 49 47 45 45 40 40 38 36 35 34 31 30 26 25 25 25 23 22 22 21 18 17 17 14 14 13 13 12 12 12 12 12 11 11 10 10 10 8 7 7 6 6 6 5 5 5 5 5 5 5 3 2 2 2 2 1 
64 59 52 49 45 43 43 40 40 38 36 34 34 30 30 26 25 25 25 23 22 22 21 17 17 17 13 13 12 11 11 11 11 11 10 9 9 9 9 9 8 7 6 6 6 6 5 5 5 5 4 3 3 2 2 2 2 
61 59 52 44 44 43 42 39 39 38 36 33 32 30 30 25 24 24 23 22 22 20 20 17 17 16 13 12 11 11 11 11 11 11 10 9 9 9 9 9 8 7 6 6 6 5 5 5 5 5 3 3 3 2 2 2 2 
61 50 49 44 44 43 42 39 38 38 36 33 31 30 30 23 23 23 23 22 21 20 20 17 17 15 12 11 11 11 11 10 10 10 9 9 9 9 8 7 7 6 6 6 5 5 5 5 5 5 3 3 2 2 2 2 2 
59 50 49 43 43 42 41 39 38 37 36 33 31 30 27 23 23 23 23 22 21 20 20 17 17 15 12 11 11 10 10 10 10 8 8 8 8 8 8 7 7 6 6 5 5 5 5 5 5 4 3 3 2 2 2 2 2 
57 49 48 43 43 41 41 39 37 36 34 31 27 25 25 23 23 23 23 21 21 20 18 17 16 13 12 11 11 10 10 9 9 8 8 8 8 8 7 7 6 6 5 5 5 5 5 4 4 3 3 3 2 2 2 1 1 
57 48 47 43 42 41 41 38 37 35 34 30 25 25 25 23 23 23 22 21 21 18 17 15 15 13 12 11 11 9 9 9 9 8 8 7 6 6 6 6 6 6 5 5 5 5 4 4 4 2 2 2 2 2 2 1 1 
57 47 45 42 40 37 37 37 37 34 33 29 25 25 25 23 23 22 22 21 19 17 14 14 14 11 11 11 9 9 8 8 8 8 8 7 6 6 6 6 6 6 5 5 5 4 4 3 2 2 2 1 
57 44 44 41 37 37 37 36 34 32 32 29 24 24 24 22 22 21 21 20 19 17 14 14 13 11 11 10 9 8 7 7 6 6 6 6 6 6 6 6 6 5 4 4 3 3 3 2 2 2 1 1 
57 43 43 41 37 37 37 35 34 32 32 29 23 23 23 22 21 21 21 19 17 16 13 13 13 11 10 9 9 8 6 6 6 6 6 6 6 6 5 5 4 4 4 4 3 3 3 2 2 2 1 
56 43 43 41 37 36 35 35 33 32 30 27 23 23 23 22 21 20 19 19 17 16 13 13 13 10 10 8 8 7 6 6 6 6 6 4 4 4 4 4 4 4 4 4 3 2 2 2 2 2 1 
51 43 43 40 37 35 35 33 31 31 26 26 23 23 22 21 19 19 19 14 14 14 13 13 13 10 10 8 8 7 6 6 6 5 5 4 4 4 4 4 4 4 4 3 2 2 1 1 1 1 1 
50 43 42 38 37 35 33 33 31 30 26 26 23 22 21 18 18 18 17 14 14 14 12 11 11 10 9 8 8 7 6 5 5 4 4 4 4 4 4 4 4 4 4 2 2 2 1 1 1 
50 42 41 38 36 35 33 30 29 29 26 24 22 21 20 18 16 16 14 11 11 11 11 11 10 9 9 7 7 7 6 4 4 4 4 4 4 4 4 4 4 3 3 2 1 1 1 
50 40 38 37 35 34 32 29 29 28 26 23 22 20 20 18 15 15 11 11 11 11 11 11 10 9 9 7 7 7 6 4 4 4 4 4 4 4 4 3 2 2 1 1 1 1 1 
50 40 38 33 33 33 31 29 29 27 25 23 21 20 19 17 15 15 11 11 11 11 11 11 9 9 8 7 7 7 4 4 4 4 4 4 4 4 4 3 2 2 1 1 1 1 
50 40 37 33 30 30 30 29 29 26 24 23 21 20 18 16 15 15 11 11 11 11 11 11 9 8 8 7 7 7 4 4 4 4 4 4 4 4 3 3 2 1 1 1 1 1 
49 39 37 33 30 30 29 29 28 26 23 22 20 20 17 16 15 14 11 11 11 11 11 11 8 8 8 7 7 7 4 4 4 4 4 4 4 4 3 2 1 1 1 1 1 1 
49 36 36 33 30 30 29 27 27 26 22 21 20 19 17 16 15 14 11 11 11 10 10 9 8 8 8 7 7 6 4 4 4 4 4 4 3 3 2 2 1 1 1 1 1 1 
47 36 34 32 30 29 29 27 26 24 22 21 20 19 17 16 15 14 11 11 11 10 10 9 8 8 7 7 7 6 4 4 4 4 4 3 3 2 1 1 1 1 1 1 1 
47 36 34 31 29 29 28 27 26 23 22 21 19 19 16 15 14 14 11 11 11 10 10 9 7 7 7 7 7 6 4 4 4 4 3 3 2 2 1 1 1 1 1 1 
47 36 34 29 29 29 28 27 26 23 22 21 19 18 16 15 14 13 11 11 10 10 9 8 7 7 7 7 6 6 4 4 4 4 2 2 2 1 1 1 1 1 1 
47 34 29 28 27 27 26 26 25 23 21 21 18 18 15 15 14 12 11 11 9 9 9 8 7 7 7 6 6 6 4 3 3 3 2 2 2 1 1 1 1 1 
44 34 27 27 27 27 25 24 23 23 20 19 17 17 15 15 13 12 11 11 9 9 8 7 7 7 6 6 6 4 4 3 3 3 2 2 2 1 1 1 1 1 
42 34 27 27 26 26 25 24 23 23 20 19 17 14 13 13 13 12 9 9 9 8 7 7 7 7 6 6 5 4 4 3 3 3 2 2 2 1 1 1 
40 34 27 27 26 25 25 23 23 22 19 18 15 14 13 12 12 11 9 9 9 8 7 7 7 6 5 5 4 4 4 2 2 2 2 2 1 1 1 
40 33 27 27 25 24 24 23 22 22 19 18 15 13 13 12 12 11 9 9 9 7 7 6 6 5 5 5 4 4 3 2 2 2 2 2 1 1 1 
40 31 27 26 25 24 22 22 21 21 19 17 15 13 12 12 10 10 9 8 8 7 7 6 6 5 5 4 4 4 2 2 2 1 1 1 1 1 1 
39 31 27 26 24 22 22 22 20 17 17 16 14 13 12 10 9 9 7 7 7 7 7 6 6 5 4 4 4 4 2 2 2 1 1 1 1 1 1 
39 30 27 26 24 22 22 22 20 17 17 16 14 13 11 10 7 7 7 7 7 7 7 6 4 4 4 4 4 3 2 2 2 1 1 1 
37 30 26 25 24 22 20 20 19 17 17 15 14 12 11 8 7 7 7 7 7 6 6 6 4 4 4 3 3 2 2 2 1 1 1 
35 30 26 25 24 22 20 19 18 17 16 15 13 12 11 8 7 7 7 7 7 6 6 4 4 3 3 3 2 2 2 2 1 1 1 
35 29 26 25 24 22 19 18 17 16 16 14 13 12 11 8 7 7 7 7 7 6 5 4 3 3 3 3 1 1 1 1 1 1 1 
34 27 26 24 22 21 19 17 17 16 16 14 13 12 10 8 7 7 7 7 6 6 5 4 3 3 3 3 1 1 1 1 1 
32 27 26 24 22 19 18 17 17 16 15 13 12 11 10 7 7 7 7 7 6 6 5 4 3 3 3 2 1 1 1 1 1 
31 27 26 23 22 19 17 17 16 16 14 12 11 11 9 7 7 7 6 6 6 5 5 4 3 2 2 1 1 1 1 1 
31 27 26 22 21 19 17 17 16 15 13 12 11 9 9 7 7 7 6 6 6 4 4 3 3 2 1 1 
30 27 22 22 19 18 17 16 16 15 13 12 9 8 8 7 7 6 6 6 6 4 4 3 3 1 1 1 
29 27 22 22 19 18 17 16 14 14 13 10 8 8 7 7 7 6 5 5 5 4 4 3 2 1 1 1 
28 25 22 20 19 17 16 15 14 13 12 9 8 7 7 7 6 5 5 5 4 3 2 2 1 1 1 1 
28 25 22 19 18 17 15 15 14 13 11 8 8 7 7 6 6 5 5 5 4 2 2 2 1 1 1 1 
27 25 22 19 17 15 14 14 13 12 10 8 8 7 7 5 5 5 5 4 4 2 2 2 1 1 1 1 
27 24 21 17 15 15 14 14 12 12 10 8 8 7 5 5 5 5 4 4 4 2 2 1 1 1 1 1 
27 23 21 17 15 15 14 13 12 10 9 8 7 7 5 5 5 5 4 4 3 2 2 1 1 1 
27 22 21 16 15 15 14 13 12 10 9 8 7 7 5 5 4 4 3 2 2 2 2 1 1 1 
27 21 21 15 14 14 14 12 11 9 9 8 7 6 5 5 4 4 3 2 2 2 2 1 1 1 
26 21 21 15 14 14 13 11 9 9 8 8 7 6 5 5 4 3 3 2 2 2 1 1 1 1 
26 21 21 15 14 14 12 9 9 9 8 7 7 5 5 4 4 3 3 1 1 1 1 1 1 1 
26 21 21 15 14 14 12 9 8 8 6 5 4 4 4 4 3 2 2 1 1 1 1 1 
26 19 18 15 14 13 10 9 7 6 5 5 4 4 4 4 2 2 2 1 1 1 1 1 
26 18 16 15 14 13 10 8 7 6 5 4 4 4 3 3 2 1 1 1 1 1 1 
26 17 15 13 13 10 9 7 7 4 4 4 4 4 3 2 1 1 1 1 1 1 1 
24 17 14 13 13 9 9 6 5 4 4 4 4 3 3 2 1 1 1 1 1 1 
24 17 13 13 12 9 8 6 5 4 4 4 3 3 3 1 1 1 1 
24 17 12 12 11 7 7 6 4 4 4 4 3 2 2 1 1 
23 16 12 12 11 7 7 6 4 4 4 4 3 2 2 1 1 
22 16 12 11 9 7 7 6 4 4 2 2 2 1 1 
21 16 12 10 9 7 7 6 4 4 2 2 1 1 
20 16 11 10 9 7 7 6 3 2 2 1 1 1 
19 16 11 10 9 6 6 5 3 2 1 1 1 
19 14 10 10 8 6 6 5 1 1 1 1 
19 14 10 10 8 6 5 5 1 1 1 1 
18 12 10 10 7 6 4 4 1 1 1 1 
17 11 10 10 7 5 4 3 1 1 1 1 
16 11 10 9 7 5 4 3 1 1 1 1 
16 11 9 9 7 5 3 3 1 1 
14 11 9 8 6 5 3 3 1 
13 11 7 6 6 5 3 2 1 
12 11 7 6 6 5 3 2 1 
12 9 7 6 6 4 3 2 1 
12 9 7 6 5 4 3 2 1 
11 9 7 6 2 2 1 
11 8 5 5 1 
11 8 5 5 1 
10 8 5 5 
10 5 5 4 
10 5 4 4 
10 5 4 4 
9 5 4 4 
9 4 4 4 
9 4 4 3 
8 4 4 3 
6 4 4 3 
6 4 4 3 
5 4 4 3 
4 4 4 3 
4 4 4 1 
4 3 2 1 
4 3 2 1 
4 3 2 1 
3 3 2 1 
3 2 1 
3 2 1 
3 2 1 
2 2 1 
2 2 1 
1 1 1 
1 1 
1 1 
1 1 
1 1 
1 
1 
