187 136 134 133 131 125 116 113 110 107 106 105 104 99 98 97 97 95 93 90 88 87 87 83 83 81 75 71 70 70 68 64 63 63 59 59 56 54 54 54 51 49 46 45 44 42 42 38 38 38 38 38 38 37 37 37 37 35 35 34 34 34 33 32 30 30 27 25 25 25 25 25 25 25 25 25 25 25 25 25 24 24 23 23 23 22 22 21 21 21 20 20 19 18 18 18 17 17 17 17 16 16 12 12 11 11 11 11 11 11 11 10 10 10 10 10 9 8 8 8 8 8 7 7 7 7 7 7 7 7 7 7 5 5 4 4 4 4 3 3 3 3 3 3 3 3 3 3 3 3 3 3 3 3 3 3 3 2 2 1 1 1 1 1 
160 127 127 116 116 113 110 110 106 102 102 100 99 98 91 89 89 77 75 70 67 67 67 67 66 63 62 62 62 62 59 58 57 57 56 55 51 51 48 47 46 46 43 43 42 40 40 38 38 37 37 37 37 36 36 30 29 29 29 29 29 29 29 28 28 28 26 25 25 25 24 24 22 22 22 22 22 22 21 21 19 19 18 17 15 15 15 15 14 14 13 13 13 13 13 11 11 11 10 10 10 10 10 9 9 9 9 9 8 8 8 8 8 8 8 6 6 6 6 6 6 6 5 5 4 4 4 4 4 4 4 4 4 4 4 4 3 3 3 3 3 3 2 2 2 1 1 1 1 1 1 1 1 1 1 1 1 
150 127 123 115 114 109 99 97 96 94 94 92 89 84 83 78 77 73 72 69 66 66 64 62 61 61 60 58 56 54 54 53 52 52 52 50 49 48 47 42 42 42 42 37 37 37 36 34 34 34 34 33 33 33 33 29 29 29 25 25 25 24 22 22 22 22 22 21 21 21 20 20 20 19 18 18 18 18 17 12 12 12 12 12 11 11 11 11 11 10 9 9 9 8 8 8 8 8 8 8 8 8 8 8 8 8 8 8 7 7 7 6 6 6 6 6 6 5 5 5 3 3 3 3 3 3 3 3 3 3 3 3 2 2 2 2 2 2 2 2 2 2 1 1 1 1 1 1 1 1 1 1 1 
146 127 123 112 112 106 98 96 95 94 93 86 82 79 79 77 71 71 68 66 65 62 62 61 59 59 58 54 52 52 52 50 46 43 43 39 39 39 38 38 37 37 37 37 37 36 35 34 34 34 33 32 30 30 29 29 27 25 25 24 24 22 22 22 22 21 21 21 19 19 18 17 17 17 17 16 16 14 12 12 11 11 11 11 11 11 9 9 9 9 9 9 9 8 8 8 8 7 7 6 6 6 6 6 5 5 5 5 5 5 5 5 5 5 4 4 4 4 4 4 3 3 3 3 3 3 3 3 3 2 2 2 2 1 1 1 1 1 1 1 1 1 1 1 1 1 1 1 1 
143 121 108 107 105 103 93 88 85 82 80 79 76 74 74 74 71 65 64 64 64 62 60 58 57 57 57 53 52 52 49 46 46 43 41 39 39 39 38 37 37 36 35 33 33 33 31 31 31 28 28 28 28 26 26 26 26 23 23 23 23 22 21 21 18 18 18 18 17 16 15 14 14 14 14 13 13 12 12 12 11 11 11 10 10 10 9 9 9 8 8 8 8 8 8 8 7 7 5 5 5 5 5 5 5 5 5 5 4 4 4 4 4 4 4 4 3 3 3 3 3 3 3 3 3 3 2 2 2 2 2 1 1 1 1 1 1 1 1 1 1 1 
141 119 107 95 95 94 87 84 82 79 79 79 74 73 71 71 70 65 64 64 60 60 60 57 56 50 48 47 46 45 45 40 40 40 38 38 37 36 35 34 34 33 33 31 31 31 31 27 27 26 25 25 25 25 24 24 23 23 22 22 21 21 17 17 17 17 17 16 16 15 14 14 14 14 14 13 12 12 12 11 10 10 10 10 10 10 9 9 8 8 8 8 8 8 7 6 6 5 5 5 5 4 4 4 4 3 3 3 3 3 3 3 2 2 2 2 2 2 2 2 2 2 2 1 1 1 1 1 1 1 
128 113 107 95 87 86 85 83 79 79 76 74 68 68 68 67 63 61 60 59 56 54 53 48 48 46 46 46 46 44 40 40 38 38 37 37 37 35 34 33 33 32 30 30 29 27 27 26 26 25 23 23 23 23 23 22 22 18 18 18 18 18 17 16 16 16 15 15 15 14 14 12 11 11 11 11 11 11 10 10 10 10 10 9 8 7 6 5 5 5 5 5 4 3 3 3 3 3 3 3 3 3 3 3 2 2 2 2 2 2 2 2 1 1 1 1 1 1 1 1 1 
121 113 102 92 87 85 78 75 73 72 70 70 67 66 61 60 60 55 54 53 52 50 49 48 47 46 44 43 43 40 40 39 38 37 35 34 34 34 34 32 31 30 30 29 29 27 26 25 25 22 22 22 21 21 20 20 20 18 18 18 18 18 17 16 16 16 15 15 14 13 12 11 10 9 8 8 8 8 8 7 7 6 6 6 5 4 3 3 3 3 3 3 3 3 3 3 3 2 2 2 2 2 2 2 2 2 2 2 2 1 1 1 1 1 1 1 1 1 1 1 1 
119 113 98 91 86 83 77 74 72 68 65 65 65 65 61 60 58 54 54 51 51 50 48 47 43 40 40 38 38 37 37 37 37 35 32 32 32 32 31 30 30 30 30 27 27 26 24 22 22 21 20 20 20 19 19 19 18 17 17 17 16 14 12 12 12 12 12 10 10 10 9 9 9 9 8 8 7 7 6 6 6 6 6 5 3 3 3 3 3 3 3 3 3 3 3 3 2 2 2 2 2 1 1 1 1 1 1 1 1 1 1 1 1 1 1 1 1 1 1 1 
114 104 95 89 82 75 75 71 69 66 65 65 59 58 58 54 54 53 53 50 50 49 43 41 40 38 38 38 38 37 37 37 36 34 32 32 32 30 27 25 25 25 25 25 25 25 23 22 22 18 18 18 18 18 17 17 17 16 16 14 13 12 12 11 9 8 8 8 8 8 8 8 7 7 7 7 7 6 6 6 6 5 5 4 2 2 2 2 2 2 2 2 2 2 2 2 2 2 1 1 1 1 1 1 1 1 1 1 1 1 1 1 1 1 
112 98 93 83 80 75 75 71 66 65 65 62 59 57 57 54 53 52 52 50 48 48 40 39 39 38 38 37 37 37 37 36 32 31 31 31 29 29 25 25 25 25 25 25 25 24 22 22 22 18 18 17 17 17 17 16 13 13 11 11 9 8 7 7 7 7 7 6 6 6 6 6 6 6 6 6 5 5 5 5 5 4 3 3 2 2 2 2 2 2 2 2 2 2 2 1 1 1 1 1 1 1 1 1 1 1 1 
108 97 91 75 75 74 71 67 65 65 63 61 59 57 56 53 52 50 50 48 44 44 40 39 39 38 38 37 36 36 36 36 32 31 31 30 27 27 25 25 25 25 25 24 23 22 21 18 16 16 16 16 15 14 14 13 13 9 8 8 8 8 7 7 6 6 6 6 6 6 6 6 6 6 6 6 5 3 2 1 1 1 1 1 1 1 1 1 1 1 1 1 1 1 1 1 1 1 1 1 1 1 1 1 1 
107 95 77 74 68 68 68 67 65 63 62 60 59 57 54 53 51 50 50 47 44 43 39 38 37 37 37 37 36 35 34 30 30 30 29 28 27 27 25 25 25 24 24 21 21 18 18 16 16 16 15 14 14 12 11 11 10 9 8 8 6 6 6 6 6 6 6 6 6 6 6 6 6 5 5 5 2 2 1 1 1 1 1 1 1 1 1 1 1 1 1 1 1 1 1 1 1 1 1 1 1 1 
106 94 76 69 68 68 65 65 64 63 58 58 58 56 52 50 50 48 46 46 44 42 39 37 37 37 37 36 35 34 32 30 29 29 29 27 27 26 25 22 22 22 22 21 20 18 18 16 15 15 14 14 14 12 11 11 10 9 8 6 6 6 5 5 5 4 4 4 4 4 4 4 4 4 4 4 2 2 1 1 1 1 1 1 1 1 1 1 1 1 1 1 1 
104 87 76 68 64 64 64 62 61 59 58 54 52 52 49 49 49 47 46 44 44 41 37 37 37 36 36 34 31 30 30 29 29 29 26 21 21 21 20 20 20 20 20 19 19 15 15 15 14 14 13 13 12 12 10 9 8 7 7 6 6 6 4 4 4 4 4 3 3 3 3 3 3 3 2 2 2 1 1 1 1 1 1 1 1 1 1 1 1 1 1 1 
101 84 75 67 64 64 63 59 57 57 55 53 52 50 49 49 48 47 37 36 34 34 34 34 32 32 30 30 29 29 28 27 26 25 25 21 21 21 20 20 20 20 19 19 19 15 15 15 14 14 13 11 10 10 8 8 8 7 6 5 4 4 4 4 4 4 4 3 3 3 3 3 3 2 2 1 1 1 1 1 1 1 1 1 1 1 1 1 1 1 1 1 
93 81 75 64 63 59 59 57 57 57 54 53 52 49 48 48 45 43 35 35 33 31 30 30 30 29 29 27 27 27 27 27 25 24 21 21 21 21 20 18 18 18 18 18 17 15 15 14 14 12 11 11 10 8 7 6 6 6 6 5 4 4 3 3 3 3 3 3 3 3 3 3 2 1 1 1 1 1 1 1 1 1 1 1 1 1 1 1 
91 80 72 62 60 58 58 57 57 57 54 53 50 49 48 47 45 39 33 33 32 30 30 30 29 29 27 27 27 27 27 27 24 23 21 21 21 21 20 18 18 18 17 17 15 13 10 10 10 10 9 8 8 7 5 5 5 5 4 4 4 4 3 3 3 2 2 2 2 1 1 1 1 1 1 1 1 1 1 1 1 1 1 1 1 1 1 1 
88 79 71 62 59 57 57 56 56 56 53 51 48 45 44 42 42 37 33 33 30 30 30 30 29 28 27 27 27 26 25 25 24 23 21 21 21 17 16 15 15 15 15 15 14 12 10 10 10 9 9 5 5 5 4 4 4 4 4 3 3 2 2 2 2 2 2 2 2 1 1 1 1 1 1 1 1 1 1 1 1 1 1 1 1 1 1 
85 78 69 61 57 57 57 56 55 54 50 49 45 44 43 42 41 34 33 33 30 30 30 30 28 27 27 27 26 24 24 22 22 22 19 19 16 16 16 15 15 14 14 12 12 10 10 9 7 6 6 5 5 4 4 3 3 2 2 2 2 2 2 2 2 2 2 1 1 1 1 1 1 1 1 1 1 1 1 1 1 
83 78 67 61 57 57 57 55 50 50 48 47 45 43 42 41 39 34 32 31 30 30 30 29 27 27 27 26 22 22 22 22 21 20 18 17 16 15 15 14 14 13 13 12 12 10 10 9 7 6 4 4 4 4 3 3 3 2 2 2 2 2 2 2 2 1 1 1 1 1 1 1 1 1 1 1 1 1 1 1 1 
82 71 59 58 57 57 57 51 50 50 46 46 44 43 40 38 38 34 32 31 30 30 29 29 27 27 20 20 19 19 19 18 18 18 17 16 15 15 14 13 13 12 12 10 10 8 8 8 7 4 4 4 3 3 3 2 2 2 2 2 2 2 2 2 1 1 1 1 1 1 1 1 1 
74 68 58 57 57 57 55 51 50 48 46 44 43 39 38 37 34 34 31 31 30 29 28 28 27 26 20 20 19 18 18 18 18 18 17 16 15 15 14 13 12 10 10 10 9 8 8 7 7 4 3 3 3 3 2 2 2 2 2 2 2 1 1 1 1 1 1 1 1 1 1 1 
72 66 58 55 55 55 55 44 44 44 40 40 40 38 36 36 34 33 31 30 29 28 26 26 25 25 18 18 18 18 18 18 18 17 15 15 13 13 13 13 12 10 10 10 9 8 7 7 6 4 3 3 2 2 2 2 2 2 2 2 1 1 1 1 1 1 1 1 1 1 1 
70 66 56 55 55 55 52 44 42 40 36 36 35 35 35 35 34 33 31 29 26 24 21 21 21 20 18 18 18 18 18 18 17 17 15 13 13 13 12 12 11 9 8 8 8 7 7 7 5 3 3 2 2 2 2 2 2 2 2 2 1 1 1 1 1 1 1 1 1 1 
69 64 52 52 50 49 46 42 42 39 36 36 35 35 35 34 33 31 29 27 26 24 21 20 20 20 18 18 18 18 18 17 17 17 14 13 13 12 12 9 8 8 8 8 8 5 5 5 3 3 2 2 2 2 2 2 2 2 2 2 1 1 1 1 1 1 1 1 
67 64 49 48 48 48 46 41 41 37 34 34 34 33 33 33 33 29 29 27 23 23 21 20 20 20 18 18 18 18 18 17 17 14 14 10 10 10 10 8 8 8 8 8 7 4 4 3 3 2 2 2 2 2 2 2 2 2 2 2 1 1 1 1 1 1 1 1 
67 62 48 48 48 48 44 41 41 37 33 33 33 33 32 31 31 27 23 22 22 20 20 20 20 20 18 18 18 17 17 17 15 14 14 10 10 10 10 8 8 8 8 6 6 4 4 3 2 2 2 2 2 2 2 2 2 2 2 2 1 1 1 1 1 1 1 
67 59 48 48 48 48 44 38 37 34 33 33 33 32 32 31 26 25 23 22 22 20 20 20 20 20 18 18 17 16 16 15 15 14 12 10 10 10 8 8 6 6 6 5 3 3 3 3 2 2 2 2 2 2 2 2 2 2 1 1 1 1 1 
65 55 48 48 48 47 41 37 37 34 33 33 32 32 30 26 26 24 23 22 20 20 20 20 20 20 18 18 16 14 14 14 11 11 11 10 10 8 8 7 6 5 5 4 3 3 3 3 2 2 2 2 2 2 2 2 2 2 1 1 1 1 1 
64 54 48 47 47 46 41 37 37 34 33 33 32 31 27 22 21 21 21 21 20 19 19 18 18 16 16 15 15 14 14 12 11 11 10 10 8 5 5 5 5 4 4 4 3 3 3 3 2 2 2 2 2 2 2 2 1 1 1 1 1 1 
53 50 48 47 47 43 41 37 35 34 33 31 31 30 26 22 21 21 18 18 18 18 18 18 18 16 16 14 14 14 11 10 10 9 9 9 6 5 5 5 5 4 3 3 3 3 3 3 2 2 2 2 2 2 1 1 1 1 1 1 
51 50 48 46 46 43 41 36 35 33 33 31 30 24 24 21 21 21 18 18 18 18 18 18 17 16 15 14 13 13 10 10 10 9 9 9 6 5 5 5 5 4 3 3 3 3 3 2 2 2 2 2 2 2 1 1 1 1 1 1 
51 49 48 45 44 42 39 36 35 33 33 30 30 24 24 21 20 20 18 18 18 18 16 16 16 15 15 14 12 10 10 10 10 9 9 8 5 5 5 5 4 4 3 3 2 2 2 2 2 2 2 2 1 1 1 1 1 1 1 1 
49 47 46 45 43 42 39 36 34 32 32 30 30 24 24 21 20 19 18 18 16 16 15 15 15 12 11 11 11 10 10 10 9 8 8 7 5 4 4 4 4 4 3 3 2 2 2 2 2 2 2 2 1 1 1 1 1 1 1 
48 46 46 45 42 39 38 34 32 32 31 30 30 23 23 21 19 18 18 17 15 15 14 14 14 12 11 10 10 10 10 10 9 8 8 7 5 4 4 4 4 4 3 3 2 2 2 2 2 2 2 2 1 1 1 1 1 1 1 
47 46 43 43 41 37 35 34 32 32 28 27 25 23 23 21 19 18 15 15 15 14 11 11 11 11 10 9 9 9 9 8 8 6 6 6 5 4 4 3 3 3 3 3 2 2 2 2 2 2 2 2 1 1 1 1 1 1 
46 46 43 43 37 34 33 33 31 31 28 25 25 23 23 19 19 18 14 13 13 13 11 11 11 11 10 9 9 9 8 8 8 6 6 6 5 4 3 3 3 3 3 3 2 2 2 2 2 2 1 1 1 1 1 1 
46 46 43 42 36 33 33 32 31 30 28 25 25 23 22 19 16 15 14 13 13 13 11 11 11 11 10 9 9 9 8 8 7 6 6 6 5 4 3 3 3 3 3 3 2 2 2 2 2 1 1 1 1 1 1 1 
46 46 43 41 36 33 32 31 31 30 28 25 25 22 21 19 16 15 14 13 13 10 10 10 10 10 8 8 8 8 7 7 5 5 5 4 4 3 3 3 3 3 3 3 2 2 2 2 2 1 1 1 1 1 1 
46 46 43 41 36 33 32 30 30 28 28 25 25 22 21 18 16 15 12 11 11 10 10 10 10 9 8 8 8 7 7 7 5 5 5 4 4 3 3 3 3 3 3 3 2 2 2 2 1 1 1 1 1 1 1 
46 46 43 41 36 33 31 30 29 28 27 25 24 21 20 18 15 14 12 11 11 10 10 10 9 8 8 8 8 7 6 6 5 5 5 4 4 3 3 3 3 3 3 2 2 2 1 1 1 1 1 
46 45 41 37 34 33 31 27 27 27 23 23 23 21 20 17 14 14 12 11 10 10 10 10 9 8 8 8 7 7 6 6 4 4 4 4 4 3 3 3 3 3 3 2 1 1 
46 41 39 36 33 33 30 27 27 27 23 23 22 20 20 17 14 13 10 10 10 10 10 10 8 8 7 7 7 7 6 5 4 4 4 4 4 3 3 3 2 1 1 1 1 1 
46 41 39 35 33 33 27 27 26 24 23 20 19 18 18 17 14 13 10 10 10 10 10 10 8 7 7 7 7 7 5 4 4 4 4 4 3 3 2 2 2 1 1 1 1 1 
45 41 37 34 33 32 27 25 25 24 23 20 18 18 17 16 14 12 10 10 10 8 8 8 8 7 7 7 7 5 5 2 2 2 2 2 2 2 2 1 1 1 
45 39 36 32 31 30 27 25 24 23 21 20 18 18 16 16 14 12 10 10 10 8 8 8 8 7 7 7 5 3 2 2 2 2 2 1 1 1 1 
40 37 36 28 28 28 27 24 24 23 21 19 18 17 15 15 13 12 10 10 10 8 8 8 8 7 7 5 5 3 2 2 2 2 1 1 1 1 1 
40 37 33 28 28 28 27 24 24 22 21 19 17 17 15 15 13 12 10 10 9 8 8 7 7 7 4 4 4 3 2 2 2 2 1 1 1 1 1 
40 37 30 26 26 26 25 23 22 22 18 18 17 17 14 13 12 11 10 9 8 8 7 7 7 6 4 4 4 3 2 2 2 2 1 1 
38 37 29 26 26 26 25 23 22 22 18 17 17 16 12 12 12 11 9 9 8 7 7 7 4 4 4 4 4 2 2 2 1 1 1 
37 35 29 25 23 23 23 23 20 18 18 17 17 16 12 12 12 10 9 9 8 7 7 6 4 4 4 4 3 2 2 1 1 1 1 
37 35 27 24 23 23 23 21 20 18 17 17 16 15 12 12 12 10 9 9 7 7 6 6 4 4 4 2 2 2 2 1 1 1 
36 34 27 23 23 23 21 21 20 18 17 17 16 14 12 12 11 10 9 7 4 4 4 4 4 4 4 2 2 2 2 1 1 1 
35 33 27 23 23 21 21 20 20 17 17 17 14 12 12 10 10 9 9 5 4 4 4 4 4 4 4 2 2 2 2 1 1 1 
33 33 26 23 23 21 21 20 19 17 17 14 13 12 12 10 10 9 8 5 4 4 4 4 4 4 4 2 2 2 1 
33 33 26 23 21 21 19 19 18 17 15 13 13 12 11 10 9 9 8 4 4 4 4 4 4 4 4 2 2 1 1 
33 32 26 22 21 21 19 19 18 17 15 10 10 10 10 10 7 7 7 4 4 4 4 4 4 4 2 2 2 1 1 
33 32 26 22 21 21 19 19 17 15 13 10 9 9 9 9 7 7 7 4 4 4 4 4 4 4 2 2 1 1 
33 31 26 22 21 20 19 19 17 13 13 10 9 9 9 8 7 6 4 4 4 4 4 4 4 3 2 2 1 
33 31 26 22 20 20 19 19 17 13 13 10 9 9 8 8 7 6 4 4 4 4 4 4 3 3 2 
33 30 26 22 20 20 19 18 17 13 12 10 9 9 8 7 7 6 4 4 4 4 4 4 3 2 
32 30 26 22 20 20 18 18 17 12 12 10 9 8 8 6 6 6 4 4 4 4 4 3 2 2 
31 30 26 20 20 20 17 17 16 12 11 9 9 8 8 6 6 5 4 4 4 4 4 3 2 1 
30 30 24 20 19 19 16 13 12 11 9 8 8 8 7 6 6 5 4 4 3 3 3 2 1 1 
30 29 23 19 18 18 15 12 11 11 9 8 8 7 7 6 6 5 3 3 3 3 3 2 
30 28 22 18 18 17 15 12 11 11 9 8 8 7 7 6 6 5 3 3 3 2 1 1 
29 28 20 18 18 16 15 11 11 11 8 8 8 7 7 6 5 5 3 3 3 2 1 1 
29 28 19 17 17 15 14 11 11 9 8 8 8 7 6 6 5 4 3 3 3 2 1 1 
28 27 19 17 17 14 14 11 10 9 8 8 6 6 6 6 5 4 3 3 2 1 
28 26 17 16 16 14 13 11 10 9 8 7 6 6 6 6 5 4 3 3 2 1 
28 26 17 16 16 13 13 10 10 9 7 7 6 6 6 5 5 4 3 3 2 1 
28 25 17 16 16 13 13 10 10 9 7 7 6 6 5 5 4 4 3 3 2 1 
28 23 16 16 16 13 12 10 9 8 7 7 6 5 5 4 4 3 3 3 2 1 
28 19 16 16 15 12 10 10 8 8 7 7 5 5 4 4 4 3 3 3 1 1 
27 19 15 15 14 12 10 10 8 8 7 6 4 4 4 4 4 3 3 3 1 1 
27 18 15 15 12 12 10 10 8 8 7 6 4 4 4 4 3 3 3 2 1 1 
26 18 15 13 12 10 10 9 8 8 6 5 4 4 4 4 3 3 3 2 1 
23 16 13 13 12 10 10 9 7 7 6 5 4 4 4 4 3 3 3 1 1 
23 16 13 13 12 10 9 9 7 7 6 5 4 4 4 4 3 2 2 1 1 
22 16 13 12 12 10 9 9 7 6 6 4 4 4 4 4 1 1 1 1 
22 16 13 12 11 10 9 8 7 5 5 4 4 4 4 3 1 1 
20 10 10 10 10 9 9 7 7 5 4 4 4 3 3 3 1 1 
20 10 10 10 10 9 8 7 6 5 4 4 4 3 3 3 1 1 
20 10 9 9 8 8 7 6 6 5 4 4 4 3 3 1 1 1 
20 10 9 6 6 6 6 6 6 4 4 4 3 3 2 1 1 1 
20 9 9 6 6 6 6 6 6 4 4 3 3 2 2 1 1 1 
17 9 9 6 6 6 5 5 4 4 4 3 3 2 2 1 1 1 
17 9 9 6 6 6 5 5 4 4 4 3 3 2 2 
17 9 8 6 6 6 5 5 4 4 3 3 3 2 1 
17 9 7 6 6 6 5 5 4 4 3 3 1 1 1 
16 9 7 6 6 6 5 4 4 3 3 3 1 1 1 
16 9 7 6 6 6 5 3 3 3 3 2 1 1 1 
16 9 7 6 6 5 4 3 3 3 3 2 1 1 1 
16 9 7 5 5 5 3 3 3 3 3 2 1 1 1 
16 9 7 5 5 5 3 3 3 3 2 2 1 1 1 
16 9 6 5 5 4 3 3 3 3 2 2 1 1 
16 9 5 5 4 4 3 3 2 2 2 1 1 1 
16 9 5 5 4 4 3 3 2 2 2 1 1 1 
15 9 5 5 4 4 3 3 2 2 2 1 1 1 
15 9 5 4 4 3 3 3 2 2 1 1 1 1 
15 9 5 4 4 3 3 3 2 2 1 1 1 1 
15 9 5 4 4 3 3 3 2 2 1 1 1 
15 9 5 4 4 3 3 2 2 2 1 1 1 
12 8 5 4 4 3 3 2 2 1 1 1 1 
12 8 4 4 4 3 3 2 2 1 1 
12 8 4 4 4 3 3 2 2 1 
12 8 4 4 3 3 2 2 2 1 
12 7 4 4 3 3 2 2 2 1 
8 7 4 4 3 3 2 2 1 1 
8 7 4 4 3 3 2 2 1 1 
8 7 4 4 3 3 2 2 
8 7 4 4 3 3 2 2 
8 7 4 4 3 2 2 2 
8 7 4 4 3 2 1 1 
8 7 4 4 2 2 1 1 
8 5 3 3 2 2 1 1 
8 5 3 3 2 2 1 1 
7 5 3 3 2 1 1 
6 4 3 3 2 1 1 
6 4 2 2 2 1 1 
6 2 2 2 2 1 1 
6 2 2 2 2 1 1 
6 2 2 2 2 1 1 
5 2 2 2 2 1 
5 2 2 2 2 
5 2 2 1 1 
5 2 2 1 1 
5 2 2 
3 2 2 
3 2 1 
3 2 
3 2 
2 2 
2 2 
2 2 
2 2 
2 2 
2 
2 
2 
2 
2 
1 
1 
1 
1 
1 
1 
1 
1 
1 
1 
1 
1 
1 
1 
1 
1 
1 
1 
1 
