177 150 148 146 138 138 136 131 124 117 108 105 102 101 89 88 86 84 82 80 80 79 79 77 77 77 77 74 72 67 63 61 55 54 54 54 53 52 51 51 51 49 48 47 47 46 46 45 43 43 42 40 39 39 38 37 37 37 37 36 33 33 32 32 32 31 31 30 26 26 25 25 25 25 25 25 24 24 24 21 20 19 19 19 19 19 19 19 19 15 13 12 12 12 12 11 11 11 11 11 11 10 10 9 9 9 8 7 7 7 7 7 7 7 6 6 4 4 4 4 4 4 3 3 3 3 2 2 2 2 2 2 2 2 1 1 1 1 1 1 1 1 1 1 
150 149 146 137 134 130 123 118 116 113 107 99 96 89 86 82 81 81 74 71 71 70 69 68 66 65 63 61 60 58 57 53 52 52 52 50 49 49 49 48 48 48 44 43 43 41 39 39 38 32 32 32 32 32 32 32 32 30 30 29 29 29 29 27 27 27 27 27 25 25 25 25 22 21 21 20 19 18 18 18 15 15 15 15 15 15 15 15 15 14 10 10 8 8 7 7 7 7 7 6 6 6 6 6 6 6 6 4 4 4 4 4 4 2 1 1 1 1 1 1 1 1 1 1 1 1 1 
143 137 128 125 123 120 116 111 108 103 96 92 92 85 79 76 76 76 73 66 66 64 64 63 63 63 57 54 52 52 51 50 48 48 48 48 47 44 44 42 42 42 42 40 37 37 37 37 35 32 32 32 32 31 30 29 29 27 26 26 25 25 25 25 24 21 20 20 18 18 18 18 16 16 15 15 15 14 14 14 13 12 12 12 11 11 11 9 9 9 8 8 7 7 6 5 5 5 5 5 4 4 4 4 4 4 4 4 3 2 2 2 2 2 1 1 1 1 1 1 1 1 1 1 1 1 1 
138 122 119 119 109 109 108 104 95 94 93 91 83 80 74 73 72 72 72 65 64 64 60 60 58 58 54 52 51 50 50 50 46 44 44 42 41 41 41 39 39 38 38 38 36 34 33 33 32 32 31 29 29 28 27 24 24 24 24 23 23 22 22 22 20 17 16 15 14 14 13 12 12 12 12 12 12 10 10 10 9 8 8 8 8 8 8 8 8 8 8 8 7 7 5 5 5 5 4 4 4 3 3 2 2 2 2 2 2 2 2 2 2 2 1 1 1 1 1 1 1 
130 120 119 110 108 102 95 94 94 89 89 86 79 73 73 72 71 69 67 62 60 59 59 58 57 55 50 50 50 50 48 46 45 43 42 42 41 39 39 38 38 38 38 38 35 31 31 30 30 30 30 29 29 26 25 24 23 22 21 21 19 19 16 16 16 15 14 14 14 13 13 12 12 12 12 12 12 9 9 9 8 8 8 8 8 8 8 8 8 8 6 6 6 6 5 5 5 4 3 3 3 2 2 2 2 2 2 2 2 1 1 1 1 1 1 1 1 1 1 
123 114 109 107 99 96 90 90 90 88 83 76 76 73 71 71 67 65 61 58 57 57 57 52 49 49 48 48 45 44 44 44 43 43 41 41 39 39 36 35 35 35 29 28 26 26 26 26 23 23 23 23 23 23 21 21 21 21 21 19 18 16 16 15 15 14 13 12 9 9 9 9 9 9 9 9 9 9 8 8 8 8 8 8 8 8 8 8 7 6 6 6 5 4 3 3 3 3 3 2 2 2 2 2 2 2 1 1 1 1 1 1 1 1 1 1 1 1 
113 105 104 102 97 93 90 88 85 81 77 71 71 69 69 67 64 60 60 58 57 57 56 52 49 48 47 46 44 44 42 37 36 34 34 34 34 33 33 33 33 31 26 25 24 23 22 22 22 21 21 21 20 20 20 20 20 19 18 18 18 15 15 15 15 13 12 10 9 8 8 8 8 8 8 8 8 8 8 8 7 7 7 7 7 7 7 6 6 6 5 4 4 3 3 3 3 3 2 2 2 2 2 2 2 2 1 1 1 1 1 1 1 1 1 1 
112 105 102 99 95 93 87 84 81 76 74 71 65 62 61 61 60 60 50 49 49 49 48 47 46 44 44 43 39 39 38 35 34 34 32 32 32 31 29 29 29 26 25 24 23 21 21 21 21 21 21 19 19 19 19 19 17 17 17 17 17 15 13 13 13 10 9 9 8 8 8 8 8 8 8 8 8 8 5 5 5 5 5 5 5 5 5 5 5 5 4 4 3 3 3 3 3 3 2 2 2 2 2 2 1 1 1 1 1 1 
110 100 94 92 92 90 84 80 73 72 72 67 61 59 58 57 54 52 49 49 49 47 47 45 45 44 44 43 39 34 34 33 33 32 32 32 31 30 27 26 26 24 23 22 21 21 21 21 21 21 20 18 18 18 18 17 17 17 15 13 10 10 10 9 9 9 9 8 8 8 8 8 8 8 8 8 7 6 5 5 5 5 5 5 5 5 5 5 4 4 4 4 3 3 3 2 2 2 2 2 2 2 1 1 1 1 1 1 1 
107 99 93 90 83 83 83 74 72 72 72 65 61 59 58 57 52 52 48 48 46 45 45 43 41 40 38 37 37 31 31 31 30 29 29 29 29 25 25 24 24 23 23 22 21 21 20 20 20 19 19 18 18 18 17 16 15 15 11 11 9 9 9 9 9 9 9 8 8 8 8 8 8 8 8 7 5 5 5 5 5 5 5 5 5 5 5 3 3 3 3 3 3 3 3 2 1 1 1 1 1 1 1 1 1 1 1 1 
101 99 92 88 83 82 82 74 72 72 62 62 56 54 53 53 52 52 48 44 43 41 40 39 38 38 38 36 35 31 31 30 30 29 29 27 24 23 23 23 23 22 22 20 20 20 20 19 19 19 18 18 18 17 17 16 15 15 11 10 9 9 9 9 9 9 9 8 8 8 8 8 8 8 7 5 5 5 5 5 5 5 5 5 5 4 4 3 3 2 2 2 2 2 2 1 1 1 1 1 1 1 1 1 1 1 1 1 
101 96 92 83 82 79 71 70 70 69 62 57 56 54 53 53 52 50 48 43 43 40 39 38 38 38 34 34 32 31 31 30 29 29 28 27 24 23 23 23 22 22 18 18 18 18 18 18 18 18 17 17 17 16 15 14 13 13 10 10 9 9 9 9 9 9 8 8 8 8 7 7 6 6 6 5 5 5 5 5 5 5 5 4 4 4 3 3 3 2 2 2 2 1 1 1 1 1 1 1 1 1 1 
100 92 90 78 77 75 70 68 68 67 57 55 55 53 53 49 48 47 46 43 42 39 38 38 37 36 34 33 31 31 31 29 29 27 24 24 24 23 21 21 21 20 18 18 18 18 17 17 17 17 15 14 14 13 13 13 12 12 10 10 9 9 9 9 8 8 8 7 7 7 6 6 6 5 5 5 5 5 5 5 4 4 4 4 4 4 3 3 3 2 2 2 2 1 1 1 1 1 1 1 1 1 1 
89 89 83 76 74 73 70 67 66 66 55 55 52 50 50 47 46 46 44 43 41 37 37 35 33 33 33 33 31 27 27 27 27 25 23 20 20 20 19 19 19 19 18 18 18 16 16 15 15 14 14 13 12 11 11 10 10 10 10 10 9 9 9 9 7 7 7 7 7 7 6 6 6 5 5 5 5 5 5 4 4 4 4 3 3 2 2 2 2 2 1 1 1 1 1 1 1 1 1 1 1 1 1 
89 85 83 72 72 69 68 65 65 62 55 54 50 50 49 46 45 43 43 42 40 35 34 34 32 32 31 31 27 27 27 27 27 24 23 20 20 20 19 19 19 19 18 18 17 16 16 15 15 14 13 13 11 10 10 10 10 10 10 9 9 9 9 8 7 7 7 6 6 6 6 6 6 5 5 4 4 3 3 3 3 3 3 2 2 2 2 2 2 1 1 1 1 1 1 
89 84 80 72 72 68 67 62 60 58 53 52 48 48 46 46 44 40 40 40 35 35 34 34 32 31 30 30 27 27 27 27 27 23 22 20 20 19 19 19 19 19 18 17 16 16 14 14 13 13 12 11 11 10 10 10 10 10 10 9 9 9 9 8 7 7 6 6 5 5 5 5 5 5 5 4 4 3 3 3 3 3 2 2 2 2 1 1 1 1 1 1 1 1 
88 83 78 70 67 66 65 62 59 52 51 49 46 45 45 44 43 40 40 36 35 34 33 33 32 30 30 29 27 26 26 26 26 23 20 20 20 19 19 19 19 17 17 17 16 15 14 14 11 11 11 11 10 10 10 10 10 10 10 9 9 9 8 7 7 7 6 5 5 5 5 5 5 5 5 3 3 3 2 2 2 2 2 2 2 1 1 1 1 1 1 1 1 
84 81 77 69 67 64 61 61 54 52 49 48 46 45 42 42 37 37 37 35 34 34 33 33 30 30 30 27 26 26 26 25 25 21 20 19 19 19 19 19 19 17 16 14 14 14 10 10 10 10 10 10 10 10 10 10 10 9 9 9 8 8 8 7 7 6 6 5 5 5 4 4 4 3 3 3 2 2 2 2 2 1 1 1 1 1 1 1 1 1 
84 79 77 66 64 63 60 60 53 48 45 45 43 40 39 38 37 37 37 35 33 32 32 30 30 30 26 26 25 25 25 25 25 21 20 19 19 19 18 18 17 16 16 14 14 14 10 10 10 10 10 10 10 10 10 9 9 9 8 8 8 8 8 7 7 6 6 5 5 3 3 3 3 3 3 3 2 2 2 2 1 1 1 1 1 1 1 1 1 
84 78 75 64 64 62 59 54 52 45 43 43 42 37 37 37 37 35 35 34 33 32 31 30 30 30 26 26 25 25 25 24 24 20 20 19 19 18 18 18 17 16 16 14 13 12 10 10 10 10 10 10 10 10 10 9 9 8 8 8 8 7 6 6 6 6 5 5 4 3 3 3 3 2 2 2 2 2 2 1 1 1 1 1 1 1 1 1 1 
84 77 74 64 64 62 59 50 49 42 41 41 38 37 37 37 36 34 34 34 32 31 30 29 29 28 26 25 25 25 24 20 20 18 18 16 16 16 16 15 14 14 13 13 9 9 9 9 8 8 8 8 8 8 8 7 7 7 7 6 6 5 5 5 5 5 4 4 3 3 2 2 2 2 2 2 1 1 1 1 1 1 1 1 
84 71 71 64 62 61 59 50 49 42 39 37 37 36 36 36 35 34 33 33 32 30 29 29 27 27 24 24 23 22 22 20 20 17 16 15 15 13 13 12 12 12 12 10 9 9 9 8 8 8 8 7 7 7 7 7 7 7 6 6 6 5 5 5 4 4 4 4 3 2 2 2 2 2 2 1 1 1 1 1 1 1 1 1 
74 71 67 64 61 60 55 49 49 39 39 37 37 36 36 36 35 33 33 33 32 30 29 29 26 24 24 22 22 21 20 16 16 16 16 15 13 13 13 12 12 11 10 9 9 7 7 7 7 7 7 7 7 7 7 6 6 6 6 5 5 5 5 5 4 4 4 3 3 2 2 2 2 2 2 1 
74 71 67 63 61 56 52 49 48 39 37 37 37 35 35 35 33 31 31 29 28 27 27 26 24 24 22 22 22 20 17 13 13 13 12 11 10 8 8 8 8 8 8 7 7 7 7 7 7 7 7 6 6 6 6 6 6 6 6 5 5 4 4 4 4 3 3 3 2 2 2 1 1 
71 71 67 63 60 55 51 48 46 39 37 37 37 35 35 34 32 31 27 27 27 26 25 23 23 23 21 20 20 15 15 13 13 10 8 8 8 8 8 8 8 8 8 7 7 7 7 7 6 6 6 6 6 6 6 6 6 5 5 5 4 4 4 4 4 3 3 2 2 1 1 1 
71 70 66 63 58 53 51 47 45 39 37 36 36 35 35 34 29 29 27 27 27 26 25 23 23 22 21 19 18 15 15 10 10 9 8 8 8 8 8 8 8 8 8 7 7 7 7 7 6 6 6 6 5 5 5 5 5 4 4 4 3 3 1 1 1 1 1 1 1 1 1 1 
71 65 64 58 56 53 50 46 43 39 36 36 36 34 32 31 29 28 27 27 25 25 25 22 21 21 18 18 17 15 15 10 10 9 8 8 8 8 8 8 8 8 8 7 7 7 7 6 6 6 5 5 5 5 5 5 5 4 4 4 3 2 1 1 1 1 1 1 
68 65 63 54 53 52 49 43 41 39 36 35 32 32 31 31 27 27 27 27 25 24 23 21 20 20 18 17 15 14 14 9 9 8 8 8 8 8 8 8 8 8 8 7 7 6 6 5 5 5 5 5 5 5 4 4 4 4 4 3 2 2 1 1 1 
68 62 58 53 52 52 47 40 39 36 36 35 32 31 31 30 27 27 27 27 24 23 23 21 20 20 18 17 14 14 13 9 9 8 8 8 8 8 8 8 8 7 6 6 5 5 5 5 5 5 5 5 5 5 4 4 3 3 3 2 2 1 1 
68 60 57 52 48 47 47 40 35 34 33 33 31 31 29 29 27 27 27 25 24 23 20 20 20 18 17 15 14 13 13 9 8 8 8 8 8 8 8 8 7 6 6 5 5 5 5 5 5 5 5 5 4 4 3 3 3 1 1 1 1 1 
68 60 56 52 47 47 43 40 35 34 30 29 29 29 28 28 27 27 21 21 21 20 20 20 18 18 16 14 14 11 11 8 8 8 8 8 8 8 8 8 7 6 5 5 5 5 5 5 5 4 4 4 4 4 3 3 2 1 
62 59 56 48 45 45 42 39 35 32 29 29 28 28 28 28 26 24 21 21 20 20 19 19 18 17 16 11 11 11 10 8 8 8 8 7 7 5 5 5 5 5 5 5 5 5 5 5 4 4 3 3 3 3 3 2 2 1 
56 55 55 47 45 43 42 39 35 32 29 28 28 28 28 24 23 23 21 21 20 20 19 13 13 12 12 11 10 10 9 8 8 8 8 7 5 5 5 5 5 5 5 5 5 5 5 5 3 3 3 3 2 2 2 1 1 
55 54 53 46 45 43 42 37 35 32 29 28 28 28 28 23 22 22 20 20 20 20 19 12 12 12 12 10 9 9 9 8 8 8 7 6 5 5 5 5 5 5 5 5 5 5 5 4 3 3 3 2 1 1 1 1 1 
54 51 49 46 44 39 37 36 34 31 29 28 28 27 27 22 22 22 20 20 20 20 17 12 12 12 11 10 9 9 9 8 7 6 6 5 5 5 5 5 5 5 5 5 5 5 4 4 3 1 1 1 1 1 1 1 1 
53 51 49 44 44 38 37 36 34 29 29 28 27 24 23 22 22 22 20 20 20 17 17 12 12 12 11 10 9 9 8 8 6 5 5 5 5 5 5 5 5 5 5 5 4 4 4 4 3 1 1 1 1 1 1 
53 51 48 44 44 38 37 36 30 29 28 22 22 22 22 22 21 21 20 20 19 17 14 12 12 12 11 10 9 9 8 8 6 5 5 5 5 5 5 5 5 5 5 4 4 4 4 3 2 1 1 1 
52 48 44 44 42 38 37 36 30 29 28 22 22 22 21 21 21 20 19 17 17 16 14 12 11 11 10 10 9 8 8 7 6 5 5 5 5 5 5 5 5 4 4 3 3 3 2 2 2 1 1 
52 47 44 43 41 37 35 35 28 28 28 22 22 21 20 20 20 18 17 16 16 16 14 12 11 11 9 9 9 7 7 6 6 5 5 5 5 5 3 3 3 3 3 2 2 2 1 1 1 1 1 
48 47 43 41 39 37 35 34 28 28 24 22 21 20 18 18 18 17 16 16 16 14 14 12 11 9 9 9 9 7 7 6 6 5 5 5 5 5 3 3 3 3 3 2 2 2 1 1 1 
47 45 41 38 38 37 34 32 28 26 23 21 21 18 18 17 17 17 16 16 15 14 13 11 11 9 9 9 9 7 6 5 5 5 4 4 4 4 3 3 3 2 2 2 2 2 1 1 1 
44 42 41 38 38 35 34 32 26 26 23 19 18 18 18 17 17 15 15 15 15 14 13 11 11 9 9 7 7 6 6 4 4 4 4 4 4 3 2 2 2 2 2 2 1 1 1 
42 42 40 36 35 35 33 32 26 26 23 19 18 17 17 15 15 15 15 15 14 13 13 11 9 9 9 7 6 6 4 4 4 4 4 4 4 2 2 2 2 2 2 1 1 1 1 
42 40 38 36 35 33 33 31 26 26 22 19 17 17 16 15 15 15 15 14 13 13 12 10 9 9 9 7 6 6 4 4 4 4 3 3 3 2 2 2 1 
42 40 38 35 34 33 32 31 26 26 21 19 17 17 16 15 15 15 15 13 13 13 11 9 9 9 9 7 6 6 4 4 4 4 3 3 3 2 2 1 1 
41 39 38 35 34 33 31 26 25 25 20 19 17 16 16 15 15 14 14 13 12 11 9 9 9 9 7 6 5 4 4 4 3 3 3 3 2 2 2 1 
39 38 37 35 30 30 28 25 25 25 20 19 17 15 15 15 15 14 13 12 11 11 9 8 8 8 7 5 4 4 4 3 3 3 2 2 2 2 2 1 
39 37 37 35 29 27 26 25 24 23 20 19 17 15 15 15 13 13 13 11 10 5 5 5 5 5 4 4 4 4 3 3 3 3 2 2 1 1 1 1 
39 37 35 33 28 27 26 25 24 21 19 18 17 15 15 15 13 13 12 11 10 5 5 5 5 5 4 4 4 4 3 3 3 3 2 2 1 1 1 
39 35 35 33 28 26 25 24 23 21 18 17 17 15 15 13 13 13 11 11 9 5 5 5 5 5 4 4 4 4 3 3 3 2 2 2 1 
37 35 35 33 27 26 22 22 22 20 18 17 16 15 15 13 13 12 9 7 7 5 5 5 5 4 4 4 4 3 3 3 2 2 2 2 1 
37 35 33 30 27 26 22 22 22 20 18 17 16 15 14 13 13 11 8 7 6 5 5 5 5 4 4 4 3 3 2 2 2 2 2 1 
36 30 30 29 26 26 22 22 21 17 16 16 15 14 14 13 13 10 7 7 6 5 5 5 4 4 4 3 2 2 2 2 2 2 2 1 
36 30 30 29 25 25 22 21 21 17 16 15 15 14 14 13 11 8 7 7 6 5 5 5 4 4 4 3 2 2 2 2 2 2 2 1 
35 30 30 29 25 23 21 21 20 17 15 15 15 14 13 10 10 7 7 7 6 5 5 5 4 4 3 3 2 2 2 2 2 2 2 1 
35 30 30 27 24 23 21 21 20 17 15 15 15 13 13 10 9 7 7 7 5 5 5 5 4 4 3 2 2 2 2 2 2 2 1 
35 29 26 25 24 22 21 20 20 15 15 13 13 13 10 10 9 7 7 6 5 5 5 4 4 4 3 2 2 2 2 2 2 1 
33 29 26 25 23 22 21 20 17 15 15 13 11 10 10 9 8 7 7 6 5 5 4 4 4 3 2 2 2 2 2 2 2 1 
32 27 25 24 22 22 21 20 17 15 15 13 10 10 10 9 8 7 7 6 5 4 4 4 4 2 2 2 2 2 2 2 2 1 
32 27 25 24 22 20 19 19 17 15 12 11 10 10 9 7 7 7 7 6 4 4 4 4 2 2 2 2 2 2 1 1 1 1 
32 27 19 19 19 19 19 19 13 13 11 10 10 9 8 7 7 6 6 6 4 4 4 4 2 2 2 2 2 2 1 1 1 
32 27 19 19 19 19 19 18 13 13 10 10 10 8 8 7 6 5 5 5 4 4 4 4 2 2 2 2 2 1 1 1 1 
31 27 19 19 19 18 18 17 12 12 10 10 9 8 8 7 6 5 5 5 4 4 4 4 2 2 2 2 2 1 1 1 
31 27 19 19 18 18 18 16 12 12 10 10 9 8 6 6 6 5 5 5 4 3 3 3 2 2 2 2 2 1 1 1 
30 26 19 18 18 18 16 16 10 10 9 9 9 8 6 6 5 4 4 4 3 3 3 3 2 2 2 2 2 1 1 1 
29 26 18 18 18 17 16 14 10 10 9 9 9 8 6 6 4 4 4 4 3 3 2 2 2 2 2 2 1 1 1 1 
27 26 18 18 18 15 15 14 10 10 9 9 9 8 6 5 4 4 4 4 3 2 2 2 2 2 2 1 1 
27 24 18 16 15 14 13 13 10 10 9 9 9 8 5 5 4 4 4 2 2 2 2 2 2 2 1 1 1 
27 22 18 16 15 13 13 12 10 10 9 9 7 7 5 5 4 4 4 2 2 2 2 2 2 1 1 1 1 
27 22 18 15 15 13 13 12 10 10 9 9 7 6 4 4 4 4 4 2 2 1 1 1 1 1 1 1 1 
27 21 18 15 15 13 13 11 9 9 9 9 6 6 4 4 4 3 3 2 2 1 1 1 1 1 1 1 1 
26 21 18 15 14 13 12 11 9 9 9 8 6 6 4 4 4 3 3 2 2 1 1 1 1 1 1 1 1 
26 19 18 14 13 13 11 10 9 9 9 8 6 6 4 4 4 3 2 2 2 1 1 1 1 1 1 1 1 
25 19 18 14 13 12 11 10 9 9 9 8 6 5 4 3 3 2 2 1 1 1 1 1 1 1 1 
25 19 18 14 13 12 11 10 9 9 5 5 5 4 4 3 3 2 1 1 1 1 1 1 1 1 1 
25 19 17 14 13 11 11 9 9 7 5 4 4 4 4 3 3 1 1 1 1 1 1 1 1 1 1 
24 19 17 14 13 11 11 8 8 7 4 4 4 3 3 3 1 1 1 1 
24 19 15 13 13 11 11 8 8 7 4 3 3 3 3 2 1 1 1 
24 17 14 13 13 11 8 8 8 7 4 3 3 3 2 2 1 1 1 
23 17 14 13 12 11 8 8 6 6 4 3 3 2 2 2 1 1 1 
23 16 14 13 12 11 8 6 6 6 4 3 3 2 2 2 1 1 
23 16 13 12 12 9 8 6 6 6 4 3 3 2 2 2 1 1 
21 16 12 11 11 9 8 6 6 6 4 3 3 2 2 2 1 1 
21 16 12 11 11 9 8 6 6 6 4 3 3 2 1 1 1 1 
21 16 12 11 10 8 7 6 6 6 4 3 3 1 1 1 1 1 
20 16 11 10 10 8 7 6 6 5 4 3 3 1 1 1 1 1 
18 16 10 10 10 8 7 6 6 5 4 3 3 1 1 1 1 
18 15 10 10 10 8 7 6 5 5 4 3 3 1 1 1 1 
18 15 10 10 10 8 7 6 5 5 4 3 2 1 1 1 1 
18 15 10 10 10 8 7 6 5 4 3 3 1 
17 15 10 10 9 8 7 5 5 4 2 2 1 
16 15 10 10 9 8 5 5 5 4 2 2 1 
16 15 10 10 8 6 5 5 5 4 2 1 1 
16 15 10 8 7 6 5 5 5 4 2 1 
15 14 10 8 7 5 5 4 4 4 2 1 
15 13 10 8 7 5 4 4 4 2 2 1 
14 12 10 8 7 5 4 4 4 2 1 
13 12 10 8 5 5 4 4 4 2 1 
13 12 10 8 5 5 4 3 3 2 1 
13 12 10 8 5 5 4 3 3 2 1 
13 12 10 8 4 4 4 3 2 1 1 
13 11 10 8 4 4 4 3 2 1 1 
13 11 8 8 4 4 4 3 2 1 1 
13 10 8 7 4 4 4 2 1 1 1 
12 10 8 7 4 4 3 1 1 1 1 
11 10 7 5 4 4 2 1 1 1 
11 10 7 4 4 4 2 1 
10 10 7 4 4 3 2 1 
10 10 7 4 4 3 2 1 
10 9 7 4 4 3 1 1 
10 8 7 4 4 3 1 
10 8 7 4 4 3 
8 8 7 4 3 2 
8 8 7 3 3 2 
8 7 7 3 3 1 
8 7 6 3 3 1 
8 7 6 3 3 
8 7 5 3 3 
8 6 5 3 3 
8 6 5 3 3 
8 6 5 3 3 
7 6 5 3 3 
7 6 4 3 3 
7 5 4 3 2 
7 4 4 3 2 
7 4 4 3 2 
6 4 4 3 2 
6 4 4 1 
6 4 3 
6 4 3 
6 4 2 
6 4 1 
5 4 1 
4 3 1 
3 3 1 
3 3 
3 3 
3 3 
3 3 
3 3 
3 3 
3 1 
3 1 
3 1 
3 1 
3 1 
3 1 
3 1 
3 1 
3 1 
3 
3 
3 
3 
3 
3 
3 
2 
2 
2 
1 
1 
1 
1 
1 
1 
1 
1 
1 
