146 144 141 138 127 127 122 122 111 108 107 99 96 94 93 92 91 90 88 88 85 85 80 75 73 71 70 68 66 63 63 58 55 53 53 52 52 51 50 50 46 46 46 44 44 43 42 41 41 41 41 41 41 41 40 39 39 39 37 36 35 34 33 33 32 30 30 30 29 28 27 27 27 27 26 26 26 24 24 22 21 21 21 20 20 20 20 20 20 20 19 19 17 17 17 17 16 16 14 14 14 14 14 14 12 11 11 11 11 11 9 8 8 8 8 8 8 8 8 8 8 8 8 8 8 8 6 6 6 6 6 5 4 4 4 4 4 3 3 3 3 3 3 3 3 3 3 3 3 3 3 3 3 2 2 2 1 1 1 1 1 1 1 1 1 1 
137 129 129 129 116 110 110 110 103 103 100 98 94 93 93 90 84 82 82 76 74 70 65 65 65 65 62 62 61 58 57 57 53 53 52 49 49 48 46 46 43 43 43 43 42 42 41 40 39 36 36 36 35 34 34 34 32 30 30 29 28 28 28 28 28 27 26 25 25 24 24 24 24 24 22 22 22 22 22 21 20 20 18 17 17 17 17 16 16 15 15 14 14 14 14 14 14 14 13 13 13 12 12 12 11 10 10 9 9 9 9 8 8 8 8 8 8 8 8 7 6 6 6 6 6 6 5 5 5 5 5 5 3 3 3 3 3 3 3 3 3 3 3 2 2 2 2 2 1 1 1 1 1 1 1 1 1 1 1 1 1 1 
131 125 125 125 110 110 109 103 102 101 96 92 82 79 74 70 67 64 64 58 58 56 56 56 56 55 54 54 53 53 52 51 51 50 45 45 44 42 42 41 41 41 41 38 36 36 36 34 34 34 32 31 31 31 31 31 31 29 27 27 26 25 24 24 24 24 24 23 23 23 21 20 19 18 17 16 14 14 14 14 14 14 13 13 13 13 13 13 13 13 13 13 13 12 12 12 11 11 9 9 9 8 7 7 7 7 7 6 6 6 6 5 5 5 5 5 5 5 5 5 4 4 4 4 4 4 4 4 4 3 3 3 3 3 1 1 1 1 1 1 1 1 1 1 1 1 1 1 1 
131 125 125 119 110 107 107 103 99 93 92 89 81 78 66 66 65 64 64 58 56 56 55 55 55 52 52 51 51 51 50 50 50 47 42 42 42 40 40 39 39 39 36 35 35 35 35 34 33 32 31 31 29 29 27 27 27 27 27 25 24 24 22 22 22 22 22 21 21 21 20 17 16 15 15 15 14 14 14 14 14 14 13 13 13 13 12 11 11 11 11 11 11 11 10 9 9 9 9 8 8 7 7 7 6 6 6 6 6 6 4 4 4 4 4 4 4 4 4 4 4 4 3 1 1 1 1 1 1 1 1 1 1 1 1 1 1 1 1 1 1 1 1 1 1 1 1 1 
130 123 122 117 108 105 102 93 92 91 85 81 78 72 66 64 63 59 59 55 55 54 54 54 54 52 51 51 51 51 50 50 48 45 42 42 40 39 39 39 37 36 36 34 34 33 32 30 30 30 30 30 29 28 26 25 25 23 23 22 22 22 21 21 21 21 21 20 18 16 15 15 15 15 15 15 14 13 13 13 13 13 13 12 12 12 12 11 11 11 11 9 8 8 8 8 8 8 7 7 7 6 6 5 5 5 4 4 4 4 4 4 4 4 4 4 4 4 3 2 2 1 1 1 1 1 1 1 1 
126 122 114 111 103 102 100 93 91 80 76 76 69 68 65 64 59 56 56 54 54 51 51 51 50 50 50 48 47 46 46 44 40 40 40 39 37 37 36 35 35 35 33 32 31 31 30 29 29 29 28 27 25 25 24 23 23 22 21 21 21 20 20 20 19 19 16 16 16 16 15 15 14 14 14 14 13 12 12 12 12 11 9 9 9 9 9 9 9 9 8 8 8 8 7 7 7 6 6 6 6 6 5 5 4 4 4 4 4 4 4 4 4 3 3 3 3 3 3 2 2 1 1 1 1 1 
122 111 107 103 102 90 89 87 85 77 70 67 67 66 65 57 54 54 54 54 52 50 49 49 46 46 46 46 45 44 42 42 38 37 37 37 34 34 34 33 32 32 30 29 28 26 22 22 22 22 21 20 19 19 19 19 19 19 19 18 18 18 17 17 17 16 15 15 15 15 15 15 13 13 12 11 11 11 11 10 10 10 9 9 9 9 9 8 8 7 7 7 5 5 5 5 5 5 5 5 5 5 4 4 4 4 2 2 2 2 1 1 1 1 1 1 1 1 1 1 
117 109 106 100 93 89 85 80 79 77 69 67 67 66 63 54 54 52 52 52 50 49 46 46 46 46 43 39 39 38 36 36 36 36 35 35 34 33 33 32 30 27 27 25 25 25 22 20 20 20 20 20 19 19 18 17 17 16 16 16 16 15 15 14 14 13 13 13 13 13 13 12 12 12 12 10 10 10 10 10 10 10 9 9 9 8 5 5 5 5 5 5 4 4 4 3 3 3 3 3 2 2 2 2 2 2 2 2 2 1 1 1 1 1 1 1 
117 108 104 100 91 88 84 80 77 76 69 65 62 60 55 53 52 52 52 46 44 44 44 42 41 41 37 37 37 37 36 36 36 35 35 33 33 29 28 27 27 27 25 25 24 23 22 19 19 18 18 18 18 18 18 17 16 16 16 15 15 15 14 14 14 12 12 12 12 11 10 10 9 9 9 9 9 9 9 9 8 7 7 7 6 6 3 2 2 2 1 
111 100 100 89 87 87 83 79 77 75 68 65 59 59 54 53 50 49 47 45 43 41 41 38 38 38 37 37 36 36 34 34 33 33 32 29 27 27 27 27 27 26 25 25 22 21 19 18 18 16 16 16 16 16 16 16 16 13 13 13 13 13 12 12 12 12 12 12 11 10 10 10 9 8 8 8 8 8 7 7 6 6 6 5 5 5 2 1 1 
107 97 97 89 87 83 83 77 75 74 67 64 59 52 52 48 46 46 46 45 37 37 37 37 37 36 35 35 35 32 30 30 30 30 29 28 27 27 26 25 23 23 23 23 21 20 19 16 16 16 16 15 15 15 14 14 14 12 12 12 12 12 11 11 11 11 11 11 10 9 8 8 8 8 7 7 7 6 6 6 6 3 2 2 2 2 1 
106 97 95 86 84 80 79 76 73 72 67 62 52 49 48 46 45 44 43 43 37 37 37 37 37 35 34 34 33 30 30 30 29 29 28 28 26 25 25 23 23 23 23 19 18 18 17 16 16 16 15 14 14 14 14 14 13 12 12 11 11 11 11 11 11 11 11 10 10 9 8 7 7 7 6 6 6 6 6 6 3 2 2 2 2 2 1 
101 91 88 80 80 78 72 71 66 63 62 55 48 48 48 45 45 43 43 43 37 37 37 37 37 35 33 33 33 30 26 26 26 26 26 26 26 25 24 23 23 22 22 18 17 15 15 15 15 14 14 14 14 14 13 13 13 12 11 11 11 11 10 10 10 10 10 10 9 9 7 7 7 7 6 3 3 3 3 3 3 2 1 1 1 1 1 
101 90 84 80 74 74 67 66 65 61 53 51 48 48 47 45 45 43 42 42 37 37 36 35 35 35 33 33 30 28 26 26 26 26 26 25 25 23 22 21 21 21 19 18 17 15 15 15 14 14 14 14 14 13 13 11 11 11 11 11 10 10 10 10 10 10 8 8 8 7 7 6 6 5 5 3 3 3 2 2 2 2 1 1 
101 90 84 76 68 68 66 65 62 55 53 51 48 48 46 45 44 43 41 40 37 37 34 34 34 34 33 30 30 25 25 25 23 23 23 23 23 21 21 21 20 17 17 16 15 15 14 14 14 14 14 14 13 13 13 11 11 11 10 10 10 10 10 9 9 9 8 8 7 7 6 5 4 4 2 2 2 2 1 1 1 1 1 1 
86 83 82 76 68 68 65 61 61 52 52 51 48 48 46 44 44 41 38 35 35 32 32 32 32 30 30 25 24 24 22 22 22 22 22 21 20 20 20 18 17 17 17 15 14 14 14 14 14 14 13 11 11 11 10 10 10 10 10 10 10 10 9 9 8 8 6 6 6 4 4 2 2 2 2 2 2 2 1 1 1 1 1 
83 75 74 71 68 64 59 59 58 52 51 51 47 47 46 42 41 40 37 35 35 32 32 31 31 28 28 25 23 23 22 22 22 22 21 21 20 20 19 17 17 17 16 15 14 14 14 14 14 14 13 11 11 11 10 10 9 9 9 8 7 7 7 7 7 7 6 6 5 2 2 2 2 2 2 1 1 1 1 1 1 
81 75 74 67 65 61 57 56 56 52 51 51 47 44 40 40 40 39 36 34 34 32 32 29 28 28 26 25 23 23 22 21 21 21 21 21 18 18 17 17 16 16 15 15 14 14 14 14 13 13 12 10 10 10 10 9 9 9 9 8 6 6 6 6 6 5 5 5 5 2 2 2 2 2 2 1 1 1 1 1 
75 71 70 65 64 58 57 56 54 51 50 50 45 44 40 40 38 38 35 34 31 30 29 29 28 28 26 25 23 22 22 21 21 21 21 20 18 18 17 17 16 16 15 15 14 14 14 13 12 12 11 10 10 10 10 9 9 8 7 6 6 5 5 5 5 5 5 5 4 2 2 2 2 1 1 1 1 1 1 1 
75 69 69 65 64 58 54 53 52 51 48 48 43 41 40 37 36 36 34 33 30 29 29 29 28 24 24 23 23 22 22 21 21 20 20 19 18 18 16 16 15 15 14 14 14 14 13 12 12 11 11 10 10 10 9 9 8 7 7 6 6 5 5 5 5 5 4 4 3 2 2 2 2 1 1 1 1 
74 68 67 63 62 55 54 52 50 49 47 43 43 40 38 35 35 35 34 31 29 27 26 26 26 24 23 22 22 22 21 20 20 19 19 18 18 17 16 16 15 15 14 14 14 13 13 12 11 11 9 9 9 8 8 8 6 6 6 6 5 5 5 5 3 3 3 2 2 2 2 2 2 1 1 1 
74 67 63 62 59 55 54 52 47 47 45 43 41 38 36 35 31 31 28 28 28 26 26 26 25 23 23 21 20 20 20 19 19 19 18 18 16 16 15 15 15 14 14 13 13 13 13 10 10 10 9 9 9 8 7 6 6 6 6 6 5 5 5 4 3 2 2 2 2 2 2 2 2 1 1 1 
71 65 62 59 57 55 52 52 47 46 42 40 39 37 31 31 31 30 28 28 26 25 24 24 21 20 20 20 20 19 19 16 16 16 16 16 16 15 14 14 14 13 11 11 11 11 11 10 10 10 9 8 8 8 7 6 6 5 5 5 5 4 3 3 2 2 2 2 2 2 2 2 1 1 
71 63 58 57 55 55 52 49 47 46 39 39 37 34 31 31 31 29 28 28 26 25 23 21 20 19 19 19 19 19 18 16 16 16 16 16 15 14 14 13 13 13 11 11 11 11 11 10 10 9 7 7 7 7 7 6 6 5 5 4 3 3 3 3 2 2 2 2 2 2 2 1 1 
71 62 57 56 52 52 52 48 47 43 39 39 37 33 31 31 27 27 27 27 26 23 22 21 19 19 19 19 19 17 17 16 16 15 15 15 15 14 14 13 13 12 11 10 10 10 9 9 9 9 7 7 7 7 6 6 5 4 4 3 3 3 3 2 2 2 2 1 1 
71 61 57 55 52 52 52 48 47 41 39 39 36 32 31 31 27 27 26 26 24 23 22 20 19 19 19 18 17 17 17 16 15 15 15 14 14 14 12 12 12 12 11 9 9 9 9 9 8 8 7 7 6 6 6 5 5 4 4 3 3 3 2 2 2 2 1 1 1 
71 60 56 55 52 52 50 48 45 40 38 38 35 32 31 29 27 27 26 25 24 23 21 19 19 19 17 17 16 16 16 15 15 14 14 14 12 11 11 11 11 11 11 9 9 9 9 9 8 7 7 7 5 5 3 3 3 3 3 3 3 2 2 2 2 2 1 1 1 
65 59 55 54 51 49 49 43 43 38 38 36 35 32 26 26 26 26 25 25 23 21 20 19 19 17 17 17 16 16 13 13 13 12 12 12 11 11 11 10 10 10 9 9 9 9 8 7 6 5 5 4 3 3 2 2 2 2 2 2 2 2 2 2 2 2 1 1 
65 59 55 54 49 47 47 43 39 38 37 36 35 29 26 25 25 25 24 24 22 19 17 17 17 16 16 14 13 13 12 12 12 12 12 12 11 11 11 10 10 10 9 9 8 7 7 7 5 5 5 3 2 2 2 2 2 2 2 2 2 2 2 2 1 1 
64 58 55 52 47 47 44 43 39 38 35 33 29 28 26 25 25 25 24 21 20 19 17 17 14 14 14 13 12 12 11 11 11 11 11 11 11 11 11 10 10 8 8 8 7 7 7 6 5 5 4 3 2 2 2 2 2 2 2 2 2 2 2 2 1 
64 58 52 51 47 47 44 43 39 38 34 32 29 28 26 25 25 25 23 21 19 16 16 16 13 13 13 13 12 12 11 11 11 11 11 10 10 10 8 8 8 8 8 8 7 7 7 5 5 4 4 2 2 2 2 2 2 2 1 1 1 1 1 1 1 
62 57 51 51 47 46 43 41 38 35 33 29 29 26 25 25 25 24 22 21 16 16 15 14 12 12 12 12 12 11 11 11 11 11 10 10 10 8 8 8 8 8 8 7 7 7 6 5 4 3 3 2 2 2 2 2 2 2 1 1 1 
61 56 50 49 47 41 41 40 35 32 32 29 27 26 25 25 25 23 21 20 16 16 14 13 12 11 11 11 11 11 11 11 11 11 10 10 9 8 8 8 8 8 7 7 6 6 6 5 4 3 3 2 2 2 2 1 1 1 1 1 1 
59 50 49 49 47 41 37 36 35 32 30 28 27 26 25 25 22 22 20 19 16 16 14 13 12 11 11 11 11 11 10 10 8 8 8 8 8 8 8 8 8 8 7 6 6 6 6 5 3 3 3 2 2 2 2 1 1 1 1 1 
58 50 49 45 43 39 36 36 35 32 30 26 26 26 24 24 22 21 19 19 16 15 14 13 12 11 11 11 11 9 9 8 8 8 8 8 8 8 7 7 7 7 6 6 5 5 5 4 3 3 3 2 2 2 2 1 1 1 1 
57 49 46 44 41 38 36 34 33 30 29 26 26 24 23 23 22 20 19 14 14 13 12 12 11 11 11 11 10 9 8 8 8 8 8 8 8 7 7 7 7 6 6 5 5 5 4 4 3 2 2 2 2 2 1 1 1 
57 49 46 44 40 38 36 34 31 29 28 25 25 23 22 21 20 19 19 12 12 12 12 12 11 11 11 10 9 8 8 8 8 8 8 8 7 7 7 6 6 6 6 5 5 4 4 4 3 2 1 1 1 1 1 1 
57 49 46 44 38 37 36 33 29 29 28 25 22 21 21 21 20 18 16 12 12 12 12 12 11 11 11 8 8 8 8 8 7 7 7 7 7 6 6 5 5 5 5 4 4 4 3 3 1 1 1 1 1 1 1 1 
55 49 46 41 38 36 36 32 29 28 28 22 22 20 20 19 18 18 16 12 12 12 11 11 11 8 8 8 8 8 8 6 6 6 6 6 6 6 6 5 5 5 5 4 4 3 3 3 1 1 1 1 
54 49 45 41 36 36 33 32 29 25 24 22 21 20 20 19 16 16 16 12 12 11 11 11 11 8 8 8 8 8 7 6 5 5 5 5 5 5 5 5 4 4 4 3 3 3 3 2 1 1 
53 49 43 41 36 36 33 31 29 25 24 22 19 19 19 18 16 16 16 12 12 11 11 10 9 8 8 8 7 7 7 6 5 5 5 5 5 4 4 4 4 4 4 3 3 2 2 1 1 1 
51 47 43 41 35 34 33 30 29 25 23 20 19 19 19 16 16 15 14 12 10 9 9 8 8 8 8 7 7 6 6 6 5 5 5 5 5 4 4 4 4 3 3 3 3 2 2 1 1 
49 47 43 39 35 34 33 30 29 24 21 20 18 18 18 16 16 15 14 12 9 9 9 8 8 8 8 7 7 6 6 6 5 5 5 5 5 4 4 4 4 2 2 2 2 2 2 1 
48 46 42 37 35 33 29 29 27 23 21 20 18 18 17 16 16 14 14 12 9 9 9 8 8 8 8 7 6 5 5 5 5 5 5 4 4 4 3 2 2 2 2 2 2 2 2 1 
48 43 38 37 32 29 28 28 27 22 19 19 18 18 17 15 15 14 12 12 9 9 9 8 8 8 7 7 5 5 5 5 5 5 5 3 3 3 2 2 1 1 1 1 1 
47 40 38 33 31 29 28 26 26 20 19 19 18 18 16 15 15 14 12 11 9 8 8 7 7 7 7 7 5 5 4 4 3 3 3 3 2 2 2 1 1 1 
47 40 36 32 29 27 26 26 25 20 19 18 18 17 16 15 15 13 12 10 9 8 8 7 7 7 7 7 5 5 4 4 3 3 2 2 2 2 2 
45 40 36 29 26 26 26 26 23 19 19 18 18 17 16 15 14 12 10 10 8 8 8 7 7 7 7 6 5 4 3 3 3 2 2 2 1 1 
45 39 36 29 26 26 26 26 23 19 19 18 18 15 15 14 13 11 10 10 8 8 7 7 7 6 6 3 3 3 3 3 3 2 2 1 1 
44 39 36 29 26 26 26 24 23 19 19 17 16 15 14 14 13 11 10 10 8 8 7 7 7 6 6 3 3 3 3 2 2 2 2 1 1 
41 39 34 29 26 26 25 24 22 19 18 17 15 14 14 14 12 11 10 10 8 8 7 7 7 6 6 3 3 3 3 2 2 2 1 1 
41 39 34 26 26 25 25 23 22 19 18 17 15 14 14 11 11 11 10 10 8 7 7 7 6 6 3 3 3 3 2 2 
41 39 33 26 26 25 22 22 22 18 17 14 14 14 13 11 11 11 10 10 8 7 7 6 6 5 3 3 2 2 2 2 
37 36 33 26 26 22 22 22 22 17 17 14 14 13 13 11 11 10 10 10 8 7 6 6 6 5 2 2 2 2 2 2 
37 35 32 26 23 22 21 21 20 17 17 14 14 13 12 11 11 10 10 9 6 6 6 6 6 4 2 2 2 2 2 
36 34 32 26 23 22 21 21 19 17 16 14 14 13 11 10 10 10 8 7 6 6 6 6 6 4 2 2 2 2 1 
35 34 28 25 22 22 21 21 17 16 14 14 12 12 11 10 8 7 7 7 6 6 6 5 3 3 2 2 2 2 
32 32 27 25 22 22 21 20 17 16 14 12 11 11 11 8 8 7 7 6 6 6 6 5 2 2 2 2 2 2 
31 31 27 25 22 21 17 17 17 15 13 12 11 11 11 8 8 6 6 6 6 6 5 5 1 1 1 1 1 
31 30 27 24 22 21 17 16 15 14 13 12 11 10 10 8 7 6 6 6 6 5 5 5 1 1 1 1 
31 28 26 24 21 20 17 15 14 14 12 12 11 10 9 8 7 6 6 6 6 5 5 5 1 1 1 
29 28 25 23 21 17 17 15 14 12 12 12 11 10 9 8 6 6 6 4 4 4 4 4 1 1 
29 26 21 20 20 17 15 14 14 12 11 11 11 10 8 6 6 5 5 4 4 4 4 4 1 1 
29 26 20 20 20 17 15 14 14 12 11 11 10 10 6 5 5 4 4 4 4 4 4 4 1 
29 26 20 20 19 17 15 13 12 11 11 11 9 7 6 5 5 4 4 4 4 4 4 4 1 
29 26 19 17 17 16 15 12 12 10 10 10 7 6 5 5 5 4 4 4 4 3 3 2 
29 25 19 17 16 14 14 12 12 10 10 8 6 4 4 4 4 4 4 4 3 2 2 2 
29 25 19 16 15 14 14 11 11 10 10 7 6 4 4 4 4 4 3 3 3 2 2 1 
27 24 19 16 15 14 12 11 11 10 9 7 5 4 4 4 4 4 3 3 3 2 2 1 
27 24 19 16 14 14 12 11 10 10 8 6 5 4 4 4 4 3 3 3 3 2 2 1 
26 24 19 15 14 13 11 11 10 7 6 4 4 4 4 4 4 3 3 3 3 2 2 1 
25 22 19 15 14 11 11 11 10 4 4 4 4 4 4 4 3 3 3 3 2 2 2 1 
21 19 18 15 14 11 11 9 9 4 4 4 4 4 3 3 3 3 3 3 2 2 2 1 
20 17 17 14 14 11 11 9 9 4 4 4 4 4 3 3 3 3 3 3 2 1 1 1 
20 17 15 14 13 11 10 9 6 4 4 4 3 3 3 3 3 3 3 3 2 1 1 1 
18 16 15 14 13 11 10 8 6 4 4 4 3 3 3 3 3 3 3 1 1 1 1 
18 15 15 12 11 11 10 8 6 4 4 4 3 3 3 3 2 2 2 1 1 1 1 
18 15 15 12 11 11 10 8 6 4 3 3 3 3 3 3 2 2 1 1 1 
18 15 14 11 11 10 10 8 5 4 3 3 3 3 3 2 2 1 1 1 1 
18 15 14 11 11 10 10 8 5 3 3 3 2 2 2 2 1 1 1 1 1 
17 15 14 11 11 10 10 8 5 3 3 3 2 2 2 1 1 1 1 1 1 
17 15 14 11 10 10 9 8 5 3 3 3 2 2 2 1 1 1 1 1 1 
16 12 12 11 10 10 8 6 5 3 3 3 2 2 2 1 1 1 1 1 1 
16 12 12 10 9 8 8 5 5 3 3 1 1 1 1 1 1 1 1 1 
16 12 12 10 9 8 8 5 4 3 2 1 1 1 1 1 1 1 1 1 
16 12 12 9 9 8 8 5 4 3 2 1 1 1 1 1 1 1 1 1 
16 12 11 9 9 8 8 5 4 3 2 1 1 1 1 1 1 1 1 1 
15 12 11 8 8 8 7 5 3 2 2 1 1 1 1 1 1 1 1 1 
15 12 11 8 8 7 7 4 3 2 1 1 1 1 1 1 1 1 1 1 
15 12 11 8 7 7 7 4 3 2 1 1 1 1 1 1 1 1 1 1 
15 12 9 7 7 7 7 4 3 2 1 1 1 1 1 1 1 1 1 1 
15 10 9 7 7 6 6 4 3 2 1 1 1 1 1 1 1 1 1 
15 10 9 7 6 6 6 4 3 2 1 1 1 1 1 1 1 1 1 
15 10 9 7 6 6 6 3 2 2 1 1 1 1 1 1 1 1 1 
15 9 9 7 6 6 6 3 2 1 1 1 1 1 1 1 1 1 1 
15 9 8 7 6 6 5 3 2 1 1 1 1 1 1 1 1 1 
14 9 8 6 6 6 5 3 2 1 1 1 1 1 1 1 1 
14 9 7 6 6 6 5 2 2 1 1 1 1 1 1 1 1 
14 8 7 6 6 5 5 2 2 1 1 1 1 1 1 1 
12 8 7 6 5 5 4 2 1 1 1 1 1 1 1 1 
12 8 7 6 5 5 3 2 1 1 1 1 1 1 1 1 
11 8 7 6 5 4 3 2 1 1 1 1 1 1 1 1 
11 8 7 6 5 3 3 2 1 1 1 1 1 1 1 
11 8 5 5 4 3 3 2 1 1 1 1 1 1 1 
10 7 5 5 4 3 3 2 1 1 1 1 1 1 1 
10 7 5 5 4 3 2 2 1 1 1 1 1 1 
9 6 5 5 3 3 2 1 1 1 1 1 1 1 
9 6 5 5 3 2 2 1 1 1 1 1 1 
9 5 5 5 2 2 2 1 1 1 1 1 
9 5 5 5 2 2 2 1 1 1 1 1 
9 5 5 4 2 2 2 1 1 1 1 
9 5 5 4 2 2 2 1 1 1 1 
8 5 5 4 2 2 1 1 1 1 1 
7 5 5 3 2 2 1 1 1 1 
7 5 5 3 2 2 1 1 1 1 
7 5 4 3 2 2 1 1 1 1 
7 5 4 3 2 1 1 1 1 1 
7 4 4 3 2 1 1 1 
7 4 4 2 2 1 1 1 
7 4 4 2 2 1 1 1 
7 4 3 2 1 1 1 1 
6 4 2 2 1 1 1 1 
6 4 2 2 1 1 1 1 
6 4 2 1 1 1 1 
4 4 2 1 1 1 1 
4 4 2 1 1 1 
4 4 2 1 1 1 
4 3 2 1 1 1 
4 3 1 1 1 1 
4 3 1 1 
4 3 1 1 
4 2 1 1 
4 2 1 1 
3 2 1 1 
3 2 1 1 
3 2 1 1 
3 2 1 1 
3 1 1 1 
3 1 1 1 
3 1 1 1 
3 1 1 1 
3 1 1 1 
3 1 1 1 
3 1 1 1 
3 1 1 1 
3 1 1 1 
1 1 1 1 
1 1 1 1 
1 1 1 1 
1 1 1 1 
1 1 1 1 
1 1 1 
1 1 
1 1 
1 1 
1 1 
1 1 
1 1 
1 1 
1 1 
1 1 
1 1 
1 1 
1 1 
1 1 
1 
1 
1 
1 
1 
1 
1 
1 
1 
1 
1 
1 
1 
1 
1 
1 
