175 165 150 149 147 135 134 126 123 108 108 106 91 84 84 79 78 75 75 75 71 68 67 67 67 66 63 60 60 60 59 59 59 56 50 48 46 44 44 44 43 43 42 42 42 42 41 41 41 36 36 36 36 36 35 35 35 35 34 34 34 34 27 27 27 26 25 25 23 23 23 23 23 22 22 22 21 20 19 19 19 19 19 18 18 18 18 17 17 17 17 17 17 17 17 16 16 13 11 11 11 10 10 10 10 9 9 9 9 9 9 9 9 9 9 9 9 9 7 7 7 7 7 7 7 7 7 7 7 6 5 4 4 3 3 3 3 2 2 1 1 1 
164 145 144 138 134 123 107 106 105 104 101 99 85 78 73 72 71 71 70 70 68 66 65 65 63 62 60 59 58 58 57 57 55 53 48 44 44 44 43 43 42 40 40 38 38 38 38 38 37 35 35 35 30 30 29 29 28 27 27 26 26 24 24 24 24 24 23 23 22 22 22 22 21 19 19 17 17 17 16 16 16 16 14 14 14 14 14 14 14 13 13 13 13 12 12 12 11 11 10 8 8 8 8 8 8 8 8 8 7 7 7 5 5 5 5 4 4 4 4 4 4 4 4 4 4 4 4 3 3 3 2 2 2 2 2 1 1 1 1 1 
160 132 130 130 122 110 100 99 97 97 89 89 83 75 73 71 70 70 68 63 63 61 61 61 57 57 57 57 56 55 55 55 48 46 45 43 41 41 40 38 38 37 37 37 35 35 34 33 33 33 33 33 30 27 25 25 25 25 25 25 24 24 24 23 23 22 22 21 20 20 20 20 20 19 18 17 17 17 16 16 15 15 14 14 14 14 14 14 14 13 11 9 9 9 9 9 9 8 8 7 7 7 7 7 7 7 7 7 6 5 4 4 4 4 4 4 4 4 4 4 4 4 3 3 3 3 3 3 2 2 1 1 1 1 1 1 
154 131 119 118 114 110 97 95 92 90 88 87 82 72 72 71 70 66 66 60 60 58 56 54 54 51 51 51 51 51 50 49 47 45 44 41 41 39 37 37 37 37 34 32 32 32 31 30 29 29 28 27 22 22 22 22 22 22 22 22 21 21 21 20 20 19 18 18 18 18 18 18 17 14 13 13 13 13 13 13 13 13 9 8 7 6 6 6 6 5 5 4 4 4 4 3 3 3 3 3 3 3 3 3 3 3 3 3 3 3 3 3 3 3 3 3 3 3 3 3 3 3 3 3 3 3 2 2 2 1 1 1 1 
135 129 110 108 104 100 97 94 84 83 82 81 78 72 71 68 68 66 61 58 56 55 55 53 53 51 50 46 45 43 43 43 43 42 42 37 37 37 37 37 35 32 32 32 27 27 26 26 23 22 22 22 21 21 21 20 20 20 20 20 20 20 16 16 16 16 15 14 14 14 11 11 11 10 10 10 10 10 10 10 9 9 8 8 6 6 6 5 4 4 4 4 4 4 4 3 3 3 3 3 3 3 3 3 3 3 3 3 3 3 3 3 3 3 3 3 3 3 3 3 2 2 2 2 1 1 1 1 1 
133 121 107 101 98 97 94 93 82 81 74 74 71 67 66 63 62 61 61 55 55 55 52 52 52 48 47 46 44 43 42 41 40 36 35 35 35 33 32 30 28 26 26 26 26 25 25 25 23 21 20 20 20 17 17 16 16 16 16 16 16 16 16 16 16 14 14 14 13 12 11 11 10 10 10 10 10 10 10 10 8 8 8 5 5 5 5 5 4 4 4 4 4 4 3 3 3 3 3 3 3 3 3 3 3 3 3 3 3 3 3 3 3 3 3 3 3 3 3 3 2 2 2 1 1 1 1 1 1 
121 118 107 101 98 94 90 87 82 80 74 72 69 65 62 62 61 61 60 55 55 54 52 52 51 48 47 44 43 41 41 41 39 35 35 33 28 28 27 26 26 26 26 26 22 22 22 22 20 20 20 20 19 17 16 16 15 15 15 15 15 15 15 15 14 13 13 12 12 10 10 10 10 10 10 9 9 9 8 8 7 7 6 5 5 5 5 4 4 3 3 3 3 3 3 3 3 3 3 3 3 3 3 3 3 3 3 3 3 3 3 3 2 2 2 2 2 2 2 2 2 1 1 1 1 1 1 1 1 
121 115 103 99 97 92 86 80 79 71 71 71 69 64 62 61 60 60 59 54 54 54 52 52 49 43 43 42 40 40 39 35 35 33 30 29 28 27 27 26 26 25 25 25 20 20 20 19 18 18 18 18 18 16 16 16 15 15 13 13 13 12 12 12 11 10 10 9 7 7 7 7 6 6 6 6 6 6 6 6 6 5 5 5 5 5 4 4 3 3 3 3 3 3 3 3 3 3 3 3 3 3 3 2 2 2 2 2 2 2 2 2 2 2 2 2 2 2 2 1 1 1 1 1 1 1 1 1 
111 109 101 98 93 91 85 70 70 70 65 64 64 63 61 60 60 58 56 54 54 52 50 49 47 42 42 41 40 40 39 30 27 27 27 24 24 23 23 22 22 22 22 21 20 20 20 19 18 16 15 15 15 15 14 14 13 13 13 13 12 12 12 11 11 10 9 7 7 7 7 7 6 6 6 6 6 6 5 5 5 5 5 5 5 5 3 3 3 3 3 3 3 3 3 3 3 3 3 3 3 3 3 2 2 2 2 2 2 2 2 2 2 2 2 1 1 1 1 1 1 1 1 
106 103 100 95 86 84 83 70 70 65 65 64 60 60 60 59 54 53 53 51 51 48 46 45 44 42 42 40 37 37 37 27 26 25 21 21 21 21 21 21 21 21 18 17 17 16 16 16 16 16 14 14 12 12 12 12 11 11 11 11 11 10 9 7 7 7 7 7 7 6 6 5 5 5 5 5 5 5 5 5 3 3 3 3 3 3 3 3 3 3 3 3 3 3 3 3 3 3 3 3 2 2 2 2 2 2 2 2 2 2 2 1 1 1 1 1 1 1 
105 100 90 85 83 82 81 70 70 65 64 64 59 57 57 56 54 53 48 48 47 44 43 43 43 42 41 38 37 37 37 26 25 22 21 21 21 19 19 19 18 18 18 17 17 16 15 15 14 13 13 13 12 12 12 11 11 11 11 11 10 9 7 6 6 6 6 6 6 6 6 5 5 5 5 5 5 5 5 5 3 3 3 3 3 3 3 3 3 3 3 3 3 3 3 3 3 2 2 2 2 2 2 2 1 1 1 1 1 1 
103 99 87 84 83 79 78 70 67 65 64 60 59 54 54 53 51 50 48 46 45 43 43 40 39 38 38 35 34 33 30 26 22 22 21 20 20 19 19 18 18 18 17 17 16 15 15 14 14 13 12 11 11 11 11 11 11 11 10 10 7 7 7 6 6 6 6 6 6 6 6 5 5 5 5 5 5 4 4 4 3 3 3 3 3 3 3 3 3 3 3 3 3 3 3 2 2 2 2 2 2 2 2 2 
98 97 86 84 78 75 73 70 66 63 63 57 57 54 48 47 47 47 45 45 44 41 41 38 38 37 36 34 32 32 26 24 22 20 19 17 17 17 17 17 15 15 15 15 15 15 14 13 12 12 12 11 11 11 11 11 11 11 10 10 7 7 6 6 6 6 6 5 5 5 5 5 5 5 5 5 5 4 4 4 3 3 3 3 3 3 3 3 3 3 3 3 2 2 2 2 2 2 2 2 2 1 1 1 
98 97 84 75 75 75 73 65 65 61 60 57 56 54 48 46 46 45 45 45 41 40 39 38 38 36 36 34 31 31 23 23 22 18 18 17 17 17 17 17 15 15 13 13 13 13 13 13 12 12 12 11 11 11 11 10 10 10 9 9 7 7 6 6 6 6 6 5 5 5 5 5 5 5 4 4 4 3 3 3 3 3 3 3 3 3 3 3 2 2 2 2 2 2 2 2 2 2 1 1 1 1 1 
95 87 84 74 74 71 70 63 61 59 57 57 56 54 47 46 46 45 44 43 40 39 39 38 36 33 32 31 30 30 23 23 18 18 17 17 17 17 16 15 15 13 13 13 13 13 13 11 11 11 11 11 11 11 10 9 9 8 8 7 7 7 6 6 6 6 6 5 5 5 5 5 5 4 4 4 3 3 3 3 3 3 3 3 3 3 3 2 2 2 2 2 2 2 1 1 1 1 1 1 1 1 1 
92 87 82 73 70 70 70 62 61 58 57 56 52 52 47 46 46 43 41 41 40 39 37 37 35 31 31 30 28 28 22 22 18 18 17 17 17 17 16 15 14 13 13 13 13 13 12 11 11 11 11 9 8 8 8 8 8 8 7 7 7 6 6 6 6 6 6 5 5 5 5 5 5 4 3 3 3 3 3 3 3 3 3 3 3 2 2 2 2 1 1 1 1 1 1 1 1 1 1 1 
88 84 82 71 70 69 69 62 59 56 56 54 52 52 47 45 43 42 41 36 35 34 33 33 31 30 28 28 26 26 22 19 18 18 17 17 17 17 15 15 14 13 13 13 13 13 12 10 10 10 10 9 8 8 7 7 7 7 7 6 6 6 5 5 5 5 5 5 5 5 4 4 3 3 3 3 3 3 3 3 3 3 3 3 3 2 2 2 2 1 1 1 1 1 1 1 
82 80 78 70 70 69 66 55 54 53 52 51 49 49 46 43 43 41 40 35 32 32 32 30 28 28 26 26 26 25 22 18 18 18 17 16 16 16 15 15 14 13 13 12 11 8 8 8 8 8 8 8 8 7 7 7 7 6 6 6 6 6 5 5 5 5 5 5 5 4 4 4 3 3 3 3 3 3 3 3 3 3 3 3 2 2 2 2 1 1 1 
79 76 76 69 67 60 60 54 53 51 50 49 46 46 46 43 42 41 36 35 32 31 31 29 28 27 26 25 25 24 21 17 17 17 17 16 16 16 15 14 13 11 11 10 9 8 8 7 7 7 7 7 7 7 7 7 6 6 6 6 6 6 5 5 5 5 5 5 5 4 4 4 3 3 3 3 3 3 3 2 2 2 2 2 2 1 1 1 1 1 
78 76 75 69 66 60 60 54 52 50 50 48 39 37 37 36 35 35 34 34 32 31 31 27 27 27 25 25 25 24 21 17 17 17 16 16 16 15 14 14 11 11 10 9 9 8 8 7 7 7 7 7 6 6 6 6 6 6 6 6 6 5 5 5 5 5 5 5 5 4 4 3 3 3 3 3 3 2 2 2 2 2 2 1 1 1 1 1 1 1 
78 76 74 68 66 60 59 52 52 50 45 44 39 37 37 35 34 34 34 34 31 30 29 27 27 25 25 24 24 22 21 17 17 16 15 15 15 14 13 13 11 11 10 9 9 8 7 7 7 7 7 6 6 6 6 6 6 6 6 6 5 5 5 5 5 5 4 4 3 3 3 3 3 3 3 2 2 2 2 2 2 2 1 1 1 1 1 1 1 
78 75 73 68 63 59 54 52 48 46 44 43 38 36 36 35 33 33 33 33 31 28 27 27 26 25 23 23 22 19 18 17 17 16 14 14 14 13 13 12 11 10 10 9 9 8 7 7 7 7 7 6 6 6 6 6 6 6 6 6 5 5 5 5 5 4 4 4 3 3 2 2 2 2 2 2 2 2 2 2 2 1 1 1 1 1 1 1 
78 74 73 66 62 57 54 50 47 45 44 42 36 35 35 34 33 33 32 32 31 27 27 27 26 22 21 20 20 19 17 17 17 16 14 14 13 13 12 12 11 10 10 9 8 7 7 7 7 7 7 6 6 6 6 6 6 6 6 5 5 5 5 4 4 4 4 4 3 3 2 2 2 2 2 2 2 2 1 1 1 1 1 1 1 1 
78 74 70 61 61 53 51 48 47 45 43 40 35 35 35 33 33 32 31 31 29 25 25 23 22 21 21 20 16 16 16 16 16 14 14 14 13 13 12 11 11 10 10 9 7 7 7 7 7 7 7 6 6 6 6 5 5 5 5 5 5 5 5 4 4 4 3 3 2 2 2 2 2 2 2 2 2 2 1 1 1 1 1 
76 74 63 59 58 52 50 48 46 42 41 40 35 35 35 33 33 32 31 30 26 25 25 22 22 21 21 19 16 16 16 16 16 13 13 13 13 13 12 11 10 9 9 8 7 7 7 7 6 6 6 6 6 6 6 5 5 5 5 5 5 5 4 3 3 3 3 3 2 2 2 2 2 2 1 1 1 1 1 1 1 1 1 
76 72 62 59 58 50 48 47 45 41 40 36 35 35 34 32 30 30 30 30 25 25 24 22 20 20 19 19 16 16 16 15 14 13 12 11 11 11 11 10 10 9 9 8 7 7 7 7 6 6 6 6 6 5 4 4 4 4 4 4 4 4 4 3 3 3 3 3 2 2 2 2 2 1 1 1 1 1 1 1 1 1 1 
76 70 62 58 57 50 47 46 45 40 40 36 35 35 34 32 30 29 29 27 23 23 23 22 20 20 19 19 16 15 15 15 11 11 11 11 11 11 10 9 9 9 9 8 6 6 6 6 6 6 6 6 5 4 4 4 4 4 4 4 4 4 3 3 2 2 2 2 2 2 1 1 1 1 1 1 1 1 1 
76 67 62 57 55 50 47 44 41 40 38 36 35 33 33 32 30 29 28 27 23 21 21 20 19 19 19 18 15 15 13 13 11 11 11 11 11 11 10 9 9 8 8 8 6 6 6 6 6 6 4 4 4 4 4 4 4 3 3 3 3 2 2 2 2 2 2 2 2 2 1 1 1 1 1 1 1 
75 66 58 57 51 46 45 41 40 37 35 35 34 33 30 28 28 27 27 27 23 21 20 19 18 18 18 17 15 15 13 13 11 11 11 11 11 11 9 9 9 6 6 6 6 6 6 6 4 4 4 4 4 4 4 4 4 3 3 3 2 2 2 2 2 2 2 2 1 1 1 1 1 1 
72 64 58 54 48 46 45 40 37 37 35 33 30 30 30 27 27 27 25 25 22 21 19 19 18 18 17 15 15 14 13 13 11 11 11 11 11 11 9 7 7 6 6 6 6 6 5 5 4 4 4 4 4 4 4 4 3 3 3 3 2 2 2 2 1 1 1 1 1 1 1 1 
70 61 58 47 43 43 43 40 37 37 34 32 28 28 28 27 27 26 25 25 21 19 19 18 17 17 16 15 15 13 13 13 11 11 11 11 11 10 7 7 7 6 6 6 6 6 5 4 4 4 4 4 4 4 4 3 3 3 2 2 2 2 1 1 1 1 1 1 1 
69 60 55 47 43 41 41 40 37 36 32 30 28 28 28 27 27 26 25 24 20 19 19 17 17 16 15 15 15 13 12 11 10 9 8 8 8 8 6 6 6 6 6 5 5 5 4 4 4 4 4 4 3 3 3 3 3 3 2 2 1 1 1 1 1 1 1 1 
68 57 54 46 43 41 41 38 34 34 31 29 28 28 28 26 26 25 24 22 20 19 18 16 16 16 15 13 13 13 11 10 9 9 8 8 5 5 5 5 5 5 5 5 5 5 4 4 4 4 3 3 3 3 3 3 3 2 1 1 1 1 1 1 
66 53 53 45 42 40 38 37 34 33 31 29 28 28 27 26 25 24 20 20 19 18 18 16 16 15 13 13 13 11 11 9 9 8 8 8 5 5 5 5 5 5 5 5 5 5 4 4 4 3 3 3 3 3 1 1 1 1 1 1 1 1 1 1 
65 53 50 43 41 40 38 37 34 31 30 28 27 27 27 25 24 23 20 19 19 18 16 16 16 14 12 11 10 10 10 9 9 8 8 5 5 5 5 5 5 5 5 5 5 3 3 3 3 3 3 3 3 3 1 1 1 1 1 1 1 
65 52 50 42 40 40 36 36 30 30 28 27 27 26 26 25 24 22 18 18 18 18 15 15 15 12 12 10 10 10 10 9 8 8 7 5 5 5 5 5 4 4 4 3 3 3 3 3 3 3 2 2 2 2 1 1 1 1 1 1 
62 51 48 42 40 38 35 35 30 29 27 27 27 24 24 21 20 20 18 18 18 17 15 15 15 11 11 10 10 10 10 9 8 8 7 5 5 5 5 5 4 4 3 3 3 3 3 3 3 3 2 2 2 2 1 1 1 1 1 1 
61 50 48 42 38 38 34 31 29 29 27 27 25 24 21 21 20 19 18 18 18 16 15 15 14 10 10 10 10 9 9 7 7 7 6 5 5 5 5 5 4 4 3 3 3 3 3 3 3 2 2 2 1 1 1 1 1 1 
60 47 45 42 38 37 31 31 28 27 27 26 24 24 20 19 19 17 17 17 15 15 15 15 13 10 10 10 9 9 9 7 7 6 6 5 5 5 5 5 4 4 3 3 3 3 3 3 2 2 2 1 1 1 1 1 1 1 
57 47 44 41 38 35 30 30 27 27 25 25 24 24 20 19 18 17 17 16 15 15 15 13 12 10 10 10 8 8 8 7 7 6 5 5 5 5 4 3 3 3 3 3 3 3 3 2 2 1 1 1 1 1 1 1 1 1 
56 46 40 40 36 35 30 28 26 24 23 23 23 23 20 19 18 16 16 15 15 14 14 13 12 10 10 10 8 8 8 7 7 6 5 5 5 4 4 3 3 3 3 3 3 3 3 2 2 1 1 1 1 1 1 1 1 
56 45 40 39 36 34 28 27 24 24 23 23 23 20 19 19 18 16 15 15 14 13 12 12 12 10 10 9 8 8 8 7 7 6 5 5 5 4 3 3 3 3 3 3 2 2 2 2 1 1 1 1 1 1 
52 45 39 38 36 33 26 25 24 24 23 23 22 18 17 16 16 16 15 15 13 12 12 12 12 10 9 9 8 8 8 7 6 6 5 4 4 3 3 3 3 3 3 2 2 2 2 1 1 1 1 1 1 
50 45 39 33 33 33 25 25 24 23 23 21 21 18 16 16 16 16 15 15 12 12 12 12 10 9 9 7 7 7 6 6 6 6 5 4 4 3 3 3 2 2 2 2 2 1 1 1 1 1 
46 45 39 32 32 31 25 23 21 20 19 19 19 17 16 16 15 13 13 13 12 12 12 10 10 9 9 7 7 6 6 6 6 5 5 4 4 3 3 2 2 2 2 2 1 1 1 1 1 
45 42 39 32 31 30 25 22 20 20 19 19 19 17 16 16 15 13 13 13 12 12 11 10 10 9 8 6 6 6 5 5 5 4 4 4 4 2 2 2 2 2 2 2 1 
45 41 39 32 26 26 22 22 19 19 19 19 18 16 16 16 15 13 13 13 12 11 11 8 8 8 7 6 5 5 5 4 4 4 4 3 2 2 2 2 2 2 2 2 1 
44 41 39 31 25 25 22 22 19 19 19 19 18 16 16 16 15 13 13 13 12 11 10 8 8 7 6 6 5 5 5 4 3 3 3 2 2 2 2 2 2 2 2 2 1 
44 41 38 31 25 25 22 21 19 19 19 19 18 16 16 16 14 13 13 12 11 11 9 8 8 6 6 5 5 5 5 3 3 3 3 2 2 2 2 1 1 
44 41 37 31 24 24 22 21 19 19 19 19 18 16 15 13 13 13 13 12 11 11 9 8 8 6 5 5 5 5 5 3 3 2 2 2 2 2 2 1 1 
44 40 36 30 24 22 21 20 19 19 19 19 16 16 14 13 12 12 12 11 9 9 9 8 8 6 5 5 5 5 4 3 3 2 2 2 2 2 2 1 
42 40 35 29 22 22 20 20 19 19 19 18 15 14 14 13 12 12 9 9 9 9 8 7 7 6 5 5 5 5 4 3 3 2 2 2 1 1 1 1 
40 38 33 28 22 20 20 20 19 19 17 17 14 14 13 13 12 11 9 9 9 8 7 7 7 6 5 4 4 3 3 2 2 2 2 2 1 1 1 1 
40 38 33 28 22 20 20 20 18 18 17 17 14 14 13 10 10 10 9 9 9 7 7 7 7 6 4 4 3 3 3 2 2 
40 34 33 28 22 20 20 20 18 18 17 16 14 13 13 10 10 9 9 9 7 7 7 7 6 5 4 4 3 3 2 2 1 
40 33 30 27 22 20 20 19 18 16 16 14 13 13 11 10 9 9 9 9 7 7 7 7 6 5 4 4 3 3 2 1 1 
37 32 28 26 22 20 20 18 17 16 16 13 13 12 10 9 8 8 8 8 7 7 6 6 6 5 4 4 2 2 2 1 1 
36 32 28 25 22 20 20 17 17 16 16 13 12 12 9 9 8 7 7 7 7 6 6 5 5 4 3 3 2 2 2 1 1 
34 32 27 25 21 20 17 17 17 15 13 12 12 10 9 9 8 7 7 7 7 6 5 5 5 4 3 3 2 2 2 1 
34 32 26 24 21 20 17 17 17 15 13 12 11 9 9 9 8 7 7 7 6 6 5 5 5 3 3 2 2 2 2 1 
34 30 26 24 21 19 17 17 16 15 13 12 10 9 9 8 8 7 7 7 6 6 5 5 5 3 3 2 2 2 2 
33 27 24 23 21 19 17 17 16 15 12 11 9 8 8 8 8 7 7 7 6 6 5 4 4 3 3 2 2 1 1 
33 27 23 21 19 18 17 16 16 14 11 11 9 8 8 8 8 7 7 7 6 5 4 4 4 2 2 2 2 1 1 
33 26 23 21 18 18 16 16 15 14 11 11 9 8 8 8 8 7 7 7 6 5 4 4 2 2 2 2 2 1 1 
33 25 22 21 18 16 16 15 13 13 11 11 9 8 8 8 7 7 7 6 5 4 4 3 2 2 1 1 1 1 1 
33 23 22 21 16 16 16 14 13 13 11 11 9 8 8 8 7 6 5 5 5 4 2 2 2 1 1 1 1 1 1 
32 23 22 20 16 16 16 13 13 13 11 10 9 8 7 7 6 5 5 4 4 4 2 2 2 1 1 1 1 1 
30 23 20 20 16 16 14 13 13 12 11 10 9 8 7 6 6 5 5 4 4 3 2 2 1 1 1 1 1 1 
29 23 20 18 16 16 14 13 13 12 11 10 9 8 5 5 5 5 4 4 4 3 2 1 1 1 1 1 1 1 
28 23 20 18 16 16 14 13 11 11 10 9 9 8 5 5 5 5 4 4 3 2 2 1 1 1 1 1 1 1 
28 22 20 18 16 16 14 12 11 11 10 9 8 8 5 5 5 5 4 4 3 2 1 1 1 1 1 1 1 1 
27 22 20 17 16 15 13 11 11 10 9 9 7 7 5 5 4 4 4 4 2 2 1 1 1 1 1 1 1 1 
27 22 18 17 15 15 12 11 11 9 9 8 7 7 5 5 4 4 3 3 2 2 1 1 1 1 1 1 1 
27 20 17 15 15 14 12 11 10 7 7 7 7 7 5 4 4 4 3 3 2 2 1 1 1 1 1 1 
26 20 16 15 15 14 11 11 9 7 7 7 6 6 5 4 4 4 3 3 2 1 1 1 1 1 1 1 
25 19 16 15 15 13 11 11 9 7 7 7 6 6 4 4 4 4 3 2 1 1 1 1 1 1 1 
25 17 16 15 14 12 11 11 9 7 7 6 5 5 4 4 4 4 3 1 1 1 1 
23 16 16 14 14 12 11 11 9 7 7 5 5 4 4 4 2 2 2 1 1 1 
23 14 14 13 13 11 10 9 8 7 7 5 5 4 4 4 2 2 2 1 1 
23 13 13 13 13 11 10 9 8 7 6 5 4 4 4 4 2 2 2 1 
23 13 13 13 13 11 10 9 7 6 5 5 4 4 4 3 2 2 2 1 
22 13 13 12 12 11 10 9 7 6 4 4 4 3 3 2 2 2 1 1 
20 13 13 12 10 9 9 8 7 6 4 4 4 3 3 2 2 2 1 1 
20 13 13 12 10 9 8 8 7 4 4 4 4 3 3 2 2 1 1 1 
19 13 12 12 9 8 7 7 7 4 4 4 4 3 3 2 2 1 1 1 
19 13 12 11 9 7 7 7 6 4 4 4 4 3 2 2 1 1 1 1 
19 13 12 11 9 7 7 7 5 4 4 4 3 3 2 2 1 1 1 1 
18 13 12 10 8 7 7 7 5 4 4 4 3 2 2 2 1 1 1 1 
18 13 11 10 8 7 6 6 5 4 4 3 3 2 2 1 1 1 1 
18 13 11 10 8 7 6 6 5 3 3 3 1 1 1 1 1 1 1 
16 13 10 8 8 7 6 6 5 3 3 2 1 1 1 1 1 1 1 
15 13 10 8 7 7 6 6 5 3 3 2 1 1 1 1 1 1 1 
14 12 10 8 7 7 6 6 3 3 3 2 1 1 1 1 1 1 1 
14 11 8 7 6 6 6 6 3 3 3 2 1 1 1 1 1 1 
14 10 8 7 6 6 6 5 3 2 2 2 1 1 1 1 
14 10 8 6 6 6 6 5 3 2 2 1 1 1 1 1 
14 9 8 6 6 6 5 3 2 2 2 1 1 1 1 
14 9 8 6 6 6 4 3 2 2 1 1 1 
13 8 6 6 6 6 4 3 2 1 1 1 1 
13 8 6 6 6 6 4 3 2 1 1 1 1 
13 8 6 6 6 6 4 2 2 1 1 1 
13 8 6 6 6 5 4 2 2 1 1 1 
12 8 6 6 6 5 4 2 2 1 1 1 
12 7 6 6 6 5 4 2 1 1 1 1 
12 7 6 6 6 4 4 2 1 1 1 1 
12 7 6 6 6 4 4 2 1 1 1 1 
12 7 6 6 6 4 4 1 1 1 1 1 
12 7 6 6 5 4 3 1 1 1 1 1 
12 7 6 5 5 4 3 1 1 1 1 1 
12 7 6 5 5 4 3 1 1 1 1 
11 7 6 5 5 4 3 1 1 1 
10 7 6 5 4 3 2 1 1 1 
10 7 6 5 4 3 1 1 1 1 
10 7 6 5 4 3 1 1 1 1 
10 7 5 4 4 3 1 1 1 
10 7 5 4 4 2 1 1 1 
10 7 5 4 4 2 1 1 
10 7 4 4 3 1 
10 7 4 3 3 
10 7 4 3 3 
10 7 3 3 3 
10 7 3 3 2 
9 7 3 2 
9 6 3 1 
9 6 3 1 
9 3 1 
8 1 1 
8 1 
8 1 
8 
7 
6 
6 
6 
6 
6 
6 
6 
6 
6 
6 
6 
5 
5 
5 
5 
4 
2 
2 
2 
2 
2 
2 
2 
2 
2 
2 
2 
2 
2 
2 
2 
1 
1 
1 
1 
1 
1 
1 
1 
1 
1 
1 
1 
1 
1 
1 
1 
1 
1 
1 
1 
1 
1 
1 
