184 158 145 136 131 124 120 119 109 106 105 101 99 99 97 97 89 87 86 80 80 78 71 67 67 64 64 61 57 57 54 52 50 50 50 50 50 49 47 47 45 45 44 44 44 40 39 39 37 37 37 31 30 30 30 30 30 29 28 28 28 28 27 25 24 23 23 23 22 22 22 22 22 22 22 22 22 22 22 22 21 21 21 21 20 19 19 18 16 16 16 16 16 16 15 15 15 15 15 15 14 14 13 13 13 12 12 12 12 11 11 11 10 8 8 7 7 7 6 6 6 6 6 6 6 6 6 5 5 5 5 5 5 5 5 5 5 5 4 4 4 4 4 4 4 3 3 3 3 2 2 2 2 2 2 2 2 2 1 1 
146 129 129 129 124 113 106 97 97 96 94 94 91 91 87 80 80 78 76 74 71 70 69 66 61 61 58 58 57 56 50 50 49 49 49 49 48 48 44 43 43 43 41 37 37 37 37 37 34 33 33 31 28 28 28 28 26 26 26 25 25 24 24 24 23 22 22 21 21 21 21 21 21 21 19 19 16 16 15 15 15 15 15 15 15 15 15 15 15 15 14 13 13 12 12 10 10 10 10 10 10 10 10 9 8 8 8 8 8 8 8 7 7 7 7 7 7 6 6 5 5 3 3 3 3 3 3 3 3 3 3 3 3 3 3 3 3 3 3 2 2 2 2 2 1 1 1 1 1 1 1 1 1 1 1 1 1 1 1 
144 129 129 121 115 107 99 97 96 92 92 90 86 82 82 80 75 70 68 65 65 63 61 55 55 53 53 49 49 49 49 46 46 43 40 40 40 40 36 34 31 31 31 31 31 31 31 31 31 31 31 25 25 25 25 25 25 25 25 23 23 23 23 22 22 22 21 21 21 21 20 20 18 16 15 15 15 15 15 14 14 13 13 13 13 13 11 11 11 11 11 11 11 11 10 10 10 10 10 9 9 8 8 8 8 8 7 7 7 7 7 6 6 6 6 5 5 4 4 4 4 3 3 3 3 3 3 3 3 3 3 3 3 3 3 2 2 2 2 2 2 2 2 1 1 1 1 1 1 1 1 1 1 1 
144 123 119 118 113 97 96 94 91 82 78 77 72 70 70 69 67 67 60 53 53 52 51 51 50 50 46 46 46 43 43 43 40 40 37 34 34 34 34 33 31 31 31 31 31 30 30 29 29 29 29 25 24 24 24 23 23 23 23 20 18 18 18 18 18 17 17 17 17 17 16 15 15 15 15 15 14 14 13 13 12 12 11 11 11 11 11 11 11 11 9 9 9 8 8 8 8 8 8 8 8 8 7 6 6 6 6 6 6 6 6 6 6 5 4 4 4 4 4 4 3 3 3 3 3 3 2 2 2 2 2 2 2 2 2 1 1 1 1 1 1 1 1 1 1 
129 119 116 111 107 97 93 90 82 79 78 74 71 67 67 65 65 63 58 53 52 52 51 49 49 49 46 44 43 43 41 38 38 38 36 34 34 32 32 30 30 27 27 26 26 26 26 26 25 25 25 23 23 23 23 22 22 21 21 19 17 17 17 17 17 16 15 15 15 15 15 15 14 12 12 11 11 10 10 10 10 10 10 10 10 10 10 10 9 8 8 8 7 7 6 6 6 6 6 6 6 6 6 6 6 6 5 5 5 5 5 4 4 4 4 4 4 4 3 3 3 3 3 3 3 3 2 2 2 2 2 2 2 2 1 1 1 1 1 1 1 1 
126 119 110 104 101 95 90 90 82 74 73 67 66 65 64 64 58 55 55 52 47 46 44 43 43 42 42 42 41 40 39 38 38 36 36 34 34 32 30 30 29 27 27 26 26 26 25 23 23 23 21 21 21 21 20 20 20 20 19 18 17 17 17 16 16 16 15 15 15 14 14 14 12 12 12 11 10 10 10 10 10 10 10 10 9 9 9 9 9 8 7 6 6 6 6 6 6 6 6 6 6 6 6 6 5 4 4 4 4 4 3 3 3 3 3 3 3 3 3 3 3 2 2 2 1 1 1 1 1 1 1 1 1 1 1 1 1 1 1 
121 117 100 99 98 94 87 87 82 74 67 63 62 62 62 57 53 53 51 51 46 42 41 41 41 41 41 40 39 37 37 37 37 36 36 33 33 32 30 27 25 25 25 25 25 25 22 22 22 21 20 20 20 20 20 19 19 18 17 17 17 16 16 16 15 15 15 15 13 13 12 11 11 11 10 10 10 10 10 10 10 9 9 9 9 9 9 8 7 7 5 5 5 5 5 5 5 5 5 5 5 5 4 4 4 4 4 4 4 3 3 3 3 3 2 2 2 2 2 2 2 2 2 2 1 1 1 1 1 1 1 1 
118 116 99 92 92 89 87 84 79 72 67 63 60 60 56 53 48 48 48 48 45 42 41 41 41 41 40 38 35 35 34 33 33 32 31 30 30 28 28 27 22 21 21 21 21 21 20 20 20 20 19 19 19 18 18 17 17 16 16 16 15 15 15 15 15 15 14 14 12 11 11 11 11 11 10 10 10 10 10 10 10 9 9 9 7 6 6 6 5 5 5 5 5 5 5 5 4 4 4 4 4 3 3 3 3 3 3 3 3 3 3 3 2 2 1 1 1 1 1 1 1 1 1 1 1 1 1 1 1 1 1 
111 102 98 92 88 81 80 72 67 66 64 63 60 60 55 52 48 48 47 47 43 42 40 40 40 37 37 37 35 35 33 31 31 31 27 26 25 25 25 25 21 21 21 21 20 20 20 20 20 20 19 19 19 17 17 17 16 16 15 15 15 15 15 14 14 14 14 12 12 11 11 11 11 11 10 10 10 9 9 9 7 7 7 7 6 6 6 6 5 5 5 5 5 5 5 5 4 3 3 3 3 3 3 3 3 3 3 3 3 3 2 2 1 1 1 1 1 1 1 1 1 1 1 1 1 
109 100 91 89 81 77 77 71 66 64 59 59 58 57 54 52 48 47 44 43 40 40 40 40 39 37 37 35 31 31 30 30 30 29 27 24 24 24 24 24 21 21 20 20 20 20 20 19 19 19 18 18 16 16 16 16 16 15 14 14 14 14 14 11 11 11 11 11 11 11 11 11 10 10 10 10 10 8 8 7 7 7 5 5 5 5 5 5 5 5 5 5 4 3 3 3 3 3 3 3 3 3 3 3 2 2 2 2 2 2 1 1 1 1 1 1 1 1 1 1 1 
101 96 90 85 81 77 76 71 63 61 59 59 56 55 54 51 46 44 43 42 40 39 39 38 35 31 31 31 30 29 29 29 28 28 27 24 24 24 23 22 21 21 20 20 20 20 20 19 19 18 18 18 16 16 16 15 15 15 14 14 14 13 12 11 11 11 11 10 10 10 10 10 10 9 9 7 6 6 6 6 6 5 5 5 5 5 5 5 5 5 4 3 3 3 3 3 3 3 3 3 2 2 2 2 2 2 2 2 2 1 1 1 1 1 1 1 
98 93 88 85 73 73 69 66 62 60 58 56 54 54 53 51 42 41 39 39 39 36 33 33 33 31 31 31 30 29 29 29 28 27 26 24 24 24 22 21 21 21 20 20 19 19 19 19 18 17 17 16 15 15 14 14 14 14 11 11 11 11 11 11 10 10 10 10 9 9 9 8 8 7 7 7 6 6 6 5 5 5 5 5 5 5 5 4 4 4 3 3 3 3 3 3 3 2 2 2 2 2 2 2 2 2 2 1 1 1 1 1 1 1 1 
97 88 85 71 71 67 67 63 61 57 56 56 54 53 52 50 42 41 39 38 37 35 32 32 32 31 31 30 27 27 27 27 27 24 24 24 23 21 21 21 21 20 19 19 19 19 19 19 17 17 17 15 14 14 14 14 14 12 11 11 11 11 11 11 10 10 10 10 9 9 8 8 8 7 7 7 6 6 5 5 5 5 5 5 5 5 4 4 3 3 3 3 2 2 2 2 2 2 2 2 2 2 2 1 1 1 
97 88 85 70 67 66 65 63 60 57 56 56 54 52 49 43 40 40 39 35 33 33 32 32 31 28 28 27 27 27 27 27 25 24 24 24 22 21 21 21 19 19 19 19 19 19 18 18 14 14 14 14 14 14 14 12 12 11 11 11 11 11 11 10 10 10 9 9 8 8 7 7 7 7 6 6 6 6 5 4 4 4 4 4 4 4 4 4 3 3 3 3 2 2 2 2 2 2 2 2 2 1 1 1 1 1 
93 84 84 69 65 65 63 60 59 57 56 56 53 50 46 43 40 40 37 33 33 33 29 28 28 28 27 27 27 27 27 26 23 23 23 23 22 21 21 21 19 19 19 19 19 18 18 17 14 14 14 14 14 14 13 12 12 11 11 11 11 11 10 10 10 9 8 8 8 8 7 6 6 6 6 6 5 5 4 4 3 3 3 3 3 3 3 3 3 3 2 2 2 2 2 2 2 2 2 
90 84 83 67 64 60 58 58 55 55 55 54 53 49 43 39 39 39 35 33 33 32 28 27 27 27 27 27 27 25 24 24 23 23 23 23 22 21 21 21 18 18 18 18 18 17 17 16 14 13 13 12 10 10 10 10 10 9 9 9 9 9 9 9 9 8 8 6 6 6 6 6 6 5 5 5 4 4 4 3 3 3 3 3 2 2 2 2 2 2 2 2 2 2 2 1 
88 84 80 65 61 59 58 56 55 53 53 52 52 45 43 39 39 38 34 33 33 32 28 27 27 27 27 27 27 24 24 23 23 22 22 22 20 19 18 18 18 17 17 17 17 17 16 16 12 12 11 10 10 10 10 10 10 9 9 9 9 9 7 7 7 7 7 6 6 6 6 5 5 5 4 4 4 4 3 3 3 3 3 3 2 2 2 2 2 2 2 1 1 1 1 
88 84 75 65 60 59 57 55 55 53 53 52 50 45 43 39 37 36 33 33 32 28 28 27 27 27 27 27 26 24 23 22 22 22 21 20 20 18 17 17 17 17 17 16 15 14 14 14 12 11 10 10 10 10 10 10 10 9 8 8 8 8 7 7 7 6 6 4 4 4 4 4 4 4 4 4 4 4 3 3 3 3 3 3 2 2 2 2 2 1 1 1 
87 83 75 64 59 58 57 55 52 52 48 48 47 45 42 39 37 36 33 31 31 28 26 24 24 24 24 24 22 22 22 20 20 19 18 18 17 17 17 17 16 16 16 15 14 14 14 13 12 10 10 10 10 10 10 10 10 9 8 8 8 7 7 7 6 5 5 4 4 4 4 4 4 4 4 4 3 3 2 2 1 1 1 1 
85 81 75 64 58 57 56 55 51 50 48 48 47 44 40 39 35 34 33 31 29 28 24 24 24 24 24 23 22 22 21 19 19 19 18 18 17 17 16 16 16 16 15 15 14 14 13 13 12 10 10 10 9 9 9 9 8 8 8 7 7 7 7 6 6 4 4 4 4 4 4 4 4 3 3 2 2 2 2 2 1 1 
84 81 72 61 58 57 53 53 50 49 47 46 43 41 39 39 34 31 30 30 29 26 24 24 24 24 24 22 22 22 21 19 17 17 17 17 17 16 16 16 15 15 15 15 13 12 12 12 11 10 9 9 9 9 8 8 7 7 7 7 6 6 5 5 4 4 4 4 4 3 3 3 3 3 2 2 2 2 2 1 1 
83 76 71 61 57 56 53 51 49 40 39 39 39 39 38 37 34 31 30 29 29 26 24 24 24 24 21 21 21 21 19 19 17 17 17 16 16 16 15 15 15 15 15 13 12 12 11 10 9 9 9 9 7 7 7 6 6 6 6 6 5 5 5 4 4 4 4 3 3 3 3 2 2 2 2 2 2 1 1 1 
72 71 69 61 57 55 52 51 43 39 39 39 39 38 36 35 34 31 30 29 29 25 24 22 20 20 20 20 20 18 18 18 16 16 16 16 16 16 14 14 13 13 13 12 11 11 11 10 9 9 9 9 7 7 7 5 5 5 5 5 5 4 4 4 4 4 3 3 3 3 3 2 2 2 2 2 1 1 1 1 
69 68 67 58 57 53 51 49 41 39 39 39 38 38 35 34 33 31 29 28 28 25 23 21 20 19 19 19 19 18 18 17 16 16 16 16 14 14 14 13 13 12 12 11 11 10 10 10 9 9 8 8 7 6 6 5 5 5 5 5 4 4 4 4 4 3 3 3 3 3 2 2 2 2 1 1 1 1 1 
68 67 66 58 57 51 46 42 41 39 39 39 38 37 35 33 33 31 29 27 26 23 23 21 19 19 19 19 18 17 17 16 16 16 16 16 14 14 13 13 12 11 11 10 10 10 8 8 8 8 7 7 7 6 5 5 5 5 5 5 4 4 3 3 3 3 3 3 2 2 2 2 2 2 1 1 1 1 
67 65 64 57 57 51 46 41 40 39 39 39 38 36 35 33 32 30 29 27 26 23 21 21 19 18 18 18 16 15 15 14 14 14 14 14 14 13 13 13 11 10 10 10 10 9 8 8 7 7 6 6 6 5 4 4 4 4 4 4 3 3 3 2 2 2 2 2 2 2 2 2 2 2 1 1 
66 61 61 57 54 51 45 41 40 39 36 36 36 36 35 33 30 28 27 25 23 21 21 20 19 18 18 18 15 15 14 14 14 13 13 13 13 12 9 9 9 9 9 9 9 9 8 7 5 5 5 5 5 4 4 4 4 4 4 3 3 2 2 2 2 2 2 2 2 2 2 2 2 1 1 1 
63 61 60 55 54 51 44 40 40 39 36 36 35 35 31 31 28 26 26 25 21 20 20 20 19 18 18 18 15 15 14 13 13 12 10 9 9 9 9 9 9 9 9 8 8 8 7 6 5 5 5 5 4 4 4 4 4 4 3 3 2 2 2 2 2 2 2 2 2 2 2 2 1 1 1 1 
61 61 56 55 51 45 42 40 40 37 36 36 35 33 31 28 28 26 26 24 20 20 20 19 19 18 18 17 15 13 13 11 10 9 9 9 9 9 9 9 9 9 9 8 8 7 7 6 5 5 5 4 4 4 4 3 3 3 2 2 2 2 2 2 2 2 2 2 2 1 1 1 1 1 
61 59 54 50 49 44 41 39 39 36 36 35 35 32 31 28 28 26 21 21 20 20 20 19 18 18 17 17 14 12 12 11 9 9 9 9 9 9 9 9 9 9 8 8 8 7 7 6 5 5 5 4 3 3 3 3 3 3 2 2 2 2 2 2 2 1 1 1 1 1 
60 59 53 50 45 43 38 37 37 36 36 33 32 31 29 28 25 25 21 20 20 20 20 18 17 17 17 17 13 12 11 9 9 9 9 9 8 8 8 8 6 6 6 6 6 6 5 4 4 4 4 3 3 3 3 3 3 3 2 2 2 2 2 1 1 1 1 1 
60 58 52 48 44 41 37 37 37 36 35 33 32 29 28 25 25 22 20 20 20 20 20 18 17 17 16 15 12 11 11 9 9 9 9 9 8 8 8 7 6 6 6 6 6 5 5 4 4 4 4 3 3 3 3 3 2 2 2 2 2 2 1 1 1 1 1 
60 55 51 47 44 40 37 37 35 35 33 32 32 29 28 25 23 21 20 20 20 19 19 18 16 15 14 13 12 11 10 9 9 9 9 8 8 7 7 6 6 6 6 6 5 4 4 4 4 4 4 3 3 3 3 3 2 2 2 1 1 1 1 1 1 1 
60 53 51 46 43 39 37 36 34 34 33 32 31 28 25 22 21 20 20 20 20 19 19 16 16 15 14 12 11 11 10 9 8 8 8 8 7 7 7 6 6 6 6 6 5 4 4 4 4 4 3 3 3 3 2 2 2 2 2 1 1 1 1 1 1 
60 53 51 43 42 38 35 34 34 34 32 31 30 27 24 22 21 20 20 20 20 19 18 16 14 12 12 12 10 10 9 9 8 8 8 8 7 7 7 6 6 6 6 6 5 4 4 4 4 4 3 3 3 3 2 2 2 2 2 1 1 1 1 1 1 
59 52 50 42 39 37 34 34 34 33 31 30 29 27 24 22 21 20 20 19 19 19 15 15 13 12 12 9 9 9 9 8 7 7 7 7 7 7 7 6 6 6 6 5 4 4 4 4 4 3 3 3 2 2 2 2 2 2 1 1 1 1 1 1 
58 51 49 41 39 37 34 34 34 32 31 30 27 26 22 21 20 20 20 19 19 18 14 14 13 12 12 9 9 9 8 7 7 7 7 7 7 6 6 5 5 5 5 4 4 4 4 4 3 3 3 2 2 2 2 2 2 1 1 1 1 1 1 
55 51 49 41 39 36 34 33 32 32 30 29 26 22 22 21 20 20 20 19 19 17 14 14 13 12 12 9 9 9 8 7 7 7 7 7 7 5 5 5 5 4 4 4 4 4 4 3 3 3 2 2 2 2 2 2 2 1 1 1 1 
54 46 46 40 39 36 34 33 32 30 30 29 26 22 22 21 20 20 20 18 18 15 14 13 13 12 10 9 9 9 8 7 7 7 7 7 6 5 5 5 5 4 4 4 3 3 3 3 2 2 2 2 2 2 2 2 1 1 1 
50 46 39 37 37 36 34 32 31 30 29 28 24 22 22 21 20 20 19 18 17 15 12 12 12 11 10 9 9 8 8 7 7 7 7 6 5 5 5 5 5 4 4 4 3 3 3 3 2 2 2 2 2 2 1 1 1 1 
50 44 39 37 36 33 31 31 30 30 28 26 24 22 22 21 20 20 19 18 16 15 12 12 10 10 10 9 9 8 8 7 7 7 7 6 5 5 5 5 5 4 3 3 3 3 2 2 2 2 2 2 2 1 1 
47 44 39 37 36 32 31 31 30 28 27 23 23 19 18 18 17 16 16 15 15 14 12 12 10 10 10 9 8 7 7 7 7 7 7 6 5 5 5 5 4 4 3 3 3 3 2 2 2 2 2 1 1 1 
46 43 37 36 36 31 30 29 29 26 26 18 17 17 16 15 15 15 15 15 14 14 12 11 10 8 8 8 8 7 7 7 7 7 5 5 5 5 5 5 4 4 3 3 3 2 2 2 2 2 2 1 1 1 
42 41 37 36 34 30 30 29 29 26 23 17 15 15 15 15 15 15 15 15 14 13 11 11 9 8 8 8 8 7 7 7 7 5 5 5 5 4 3 3 3 2 2 2 1 1 1 1 1 1 1 1 1 1 
41 40 37 36 33 30 30 28 27 23 22 15 15 15 15 15 15 15 15 13 13 13 11 11 8 8 8 8 7 7 7 7 7 5 4 4 3 3 3 3 2 2 2 1 1 
40 40 37 36 33 30 30 24 24 22 21 15 15 15 15 15 15 15 14 13 13 13 11 9 8 8 8 7 6 6 5 5 5 4 3 3 3 3 2 2 2 1 1 1 
40 39 37 35 31 30 27 23 23 22 20 15 15 15 15 15 15 15 13 12 12 11 10 9 8 8 8 6 5 5 5 4 4 3 3 3 2 2 2 1 1 1 1 1 
38 38 37 35 29 27 27 23 23 21 19 15 15 15 15 15 15 14 12 12 10 10 10 8 8 8 8 5 5 5 4 4 4 3 3 3 2 2 2 1 1 1 1 1 
38 38 37 32 27 27 26 23 21 21 19 15 15 15 15 15 15 14 12 10 10 10 8 8 8 8 7 5 4 4 4 4 3 3 2 2 2 1 1 1 1 1 
38 36 35 31 27 25 22 19 17 17 17 15 15 15 15 15 14 13 11 10 10 9 8 8 8 7 6 5 4 4 4 3 3 2 2 2 1 1 1 1 1 1 
36 35 35 30 26 25 20 18 17 17 17 15 15 15 15 14 12 12 10 10 10 9 8 8 8 7 4 4 4 4 4 3 2 2 2 1 1 1 
35 34 33 29 25 25 18 18 17 17 17 15 15 15 15 14 12 12 10 10 10 8 8 8 6 6 4 4 4 2 2 2 2 2 1 1 1 
35 32 31 29 24 24 18 17 17 17 16 15 15 15 15 14 12 12 10 10 9 8 8 7 6 6 3 3 3 2 2 2 2 1 1 1 
35 30 28 24 23 22 18 17 17 16 16 15 15 15 14 14 12 12 10 9 9 8 8 7 6 4 3 3 3 2 2 1 1 1 1 1 
35 29 28 24 23 22 18 17 16 16 16 15 15 15 14 13 12 10 10 9 8 8 8 7 5 3 3 3 2 2 2 1 1 1 1 
35 28 28 24 21 21 17 17 16 16 16 15 15 15 14 13 12 10 10 9 8 8 7 3 3 3 3 3 2 2 2 1 1 1 
32 28 28 23 19 18 17 17 16 16 15 15 15 14 13 12 12 10 9 8 8 6 4 3 3 3 2 2 2 2 2 1 1 
32 28 28 23 18 18 16 16 16 16 15 15 15 14 13 12 11 10 9 8 8 6 4 3 3 3 1 1 1 1 1 1 1 
32 28 27 19 17 16 16 16 15 15 15 15 14 14 12 11 10 8 8 8 8 6 4 3 3 2 1 1 1 1 1 1 
31 28 24 19 16 16 15 15 15 15 15 15 14 12 12 11 10 8 8 7 7 5 4 3 3 2 1 1 1 1 1 1 
30 27 23 18 16 15 15 15 15 15 14 14 13 12 11 11 10 8 8 7 6 5 4 2 1 1 1 
29 27 23 18 15 15 15 15 15 15 14 13 12 12 11 11 9 8 7 7 6 4 4 2 1 1 1 
29 27 23 18 15 15 15 15 15 15 13 13 12 11 10 8 8 8 6 6 5 4 4 2 1 1 
28 27 23 18 15 15 15 15 15 15 13 13 12 10 8 8 8 7 6 6 5 3 2 2 1 1 
28 26 23 16 15 15 15 15 15 13 13 11 11 8 8 8 7 7 6 6 5 3 2 2 1 1 
27 26 22 15 15 15 15 15 14 13 11 11 11 8 8 8 7 7 4 4 2 2 2 2 1 1 
27 26 21 15 15 15 15 15 14 12 11 11 10 8 7 7 7 4 3 3 2 2 2 2 1 
26 22 19 15 15 15 15 15 14 12 11 11 10 8 7 6 6 4 3 3 2 2 2 
25 22 19 15 15 15 15 14 14 11 11 10 10 7 6 6 6 3 3 2 2 2 1 
24 20 19 15 15 15 15 14 12 11 11 10 9 7 6 6 6 3 3 2 2 2 1 
23 20 19 15 15 15 14 14 12 11 11 10 9 7 6 6 6 3 3 2 2 
23 20 19 15 15 15 14 14 12 10 9 8 8 7 6 6 6 3 2 2 2 
22 20 17 15 15 15 14 13 12 10 9 8 8 7 6 6 6 3 2 2 2 
20 20 17 15 15 14 14 13 12 9 9 8 6 6 6 6 6 2 2 2 1 
19 18 17 15 15 14 13 12 11 9 9 8 6 6 6 6 5 2 2 2 1 
19 18 17 15 15 14 12 12 11 9 8 7 6 6 6 5 5 2 2 1 1 
18 18 15 13 13 13 12 12 11 8 8 7 6 5 5 4 4 2 1 1 1 
18 17 15 13 13 12 11 11 10 8 8 7 5 5 5 4 4 2 1 1 1 
17 14 14 13 12 12 11 11 10 8 8 6 5 5 4 4 4 2 1 1 1 
17 14 14 13 12 11 11 11 9 8 8 6 5 5 4 4 4 2 1 1 1 
17 14 14 13 12 11 11 11 9 8 5 5 5 5 4 3 3 2 1 1 1 
17 14 14 13 12 11 11 9 8 8 5 5 5 5 4 2 2 2 1 1 1 
17 14 14 12 11 11 11 9 8 8 5 5 5 5 4 2 2 2 1 1 
17 13 13 12 11 11 11 8 8 7 5 5 5 4 4 2 2 2 1 1 
16 13 13 12 11 11 10 8 8 7 5 5 5 3 3 2 1 1 1 1 
15 13 12 12 11 11 9 8 8 7 5 5 4 3 3 1 1 1 1 
15 13 12 11 11 11 9 8 7 7 5 5 3 3 3 1 1 1 1 
15 13 12 11 11 10 9 8 6 6 5 4 3 3 1 1 1 1 
15 13 12 11 11 10 9 7 6 6 5 4 3 3 1 1 1 1 
14 13 12 11 10 10 8 7 6 6 5 3 3 2 1 1 1 1 
13 13 12 10 9 9 8 7 6 6 4 3 2 2 1 1 1 1 
13 13 12 10 8 8 7 7 6 5 3 3 2 2 1 1 1 1 
13 12 11 10 8 7 7 6 6 5 3 3 2 1 1 1 1 
13 12 11 10 7 7 7 6 6 5 3 3 2 1 1 
13 10 10 10 7 7 6 6 5 5 3 3 2 1 1 
11 10 10 9 7 7 6 5 5 5 3 3 
11 10 8 8 7 7 6 5 5 4 3 2 
11 10 8 7 7 6 5 5 4 3 3 2 
11 7 7 7 7 6 5 5 4 3 3 2 
11 7 7 7 7 6 5 5 4 3 3 2 
11 7 7 7 7 6 5 5 3 3 2 2 
11 7 7 7 7 6 5 4 3 3 2 2 
11 7 7 7 7 6 5 4 3 3 2 1 
10 7 7 7 6 5 5 4 3 2 1 1 
10 7 7 7 6 5 4 3 3 2 1 1 
10 7 7 6 6 5 4 3 2 2 1 1 
10 7 7 6 6 5 4 3 2 2 1 1 
10 7 6 5 5 5 4 3 2 2 1 1 
10 7 5 5 5 5 4 3 2 1 1 1 
9 7 5 5 5 5 3 2 2 1 1 1 
8 7 5 5 5 5 3 2 2 1 1 1 
8 7 5 5 5 4 3 2 1 1 1 
8 7 5 5 5 4 3 2 1 1 1 
8 7 5 5 4 4 3 2 1 1 1 
7 6 5 5 4 3 3 2 1 1 
7 6 5 5 4 3 2 2 1 
7 6 5 4 4 3 2 2 1 
7 6 5 4 3 2 2 2 1 
7 6 5 4 3 2 2 1 1 
7 6 5 4 3 2 2 1 1 
7 5 4 3 2 2 2 1 1 
7 4 4 2 2 2 2 1 1 
7 4 4 2 2 2 2 1 1 
5 4 4 2 2 2 2 1 1 
5 4 4 2 2 2 2 1 1 
5 4 3 2 2 2 1 1 
4 4 3 2 2 1 1 
4 4 3 2 1 1 1 
4 3 3 2 1 1 1 
4 3 3 2 1 1 1 
4 3 3 2 1 1 1 
4 3 3 2 1 1 
4 3 3 1 1 1 
3 3 2 1 1 1 
3 3 1 1 1 1 
3 3 1 1 1 1 
2 2 1 1 1 1 
2 2 1 1 1 
2 2 1 1 1 
2 2 1 1 1 
2 2 1 1 1 
2 2 1 1 1 
2 2 1 1 
2 2 1 1 
2 2 1 
2 2 1 
2 2 1 
2 2 1 
2 1 1 
2 1 1 
2 1 1 
2 1 1 
2 1 1 
2 1 1 
2 1 1 
1 1 1 
1 1 1 
1 1 
1 1 
1 
1 
1 
1 
1 
1 
1 
1 
1 
1 
1 
1 
1 
1 
1 
1 
1 
