155 143 141 140 125 122 112 110 109 98 98 94 90 89 84 84 81 76 74 74 73 72 71 71 68 68 67 66 63 61 61 61 61 60 55 53 51 51 51 51 50 47 45 40 40 40 39 38 38 37 37 37 37 37 37 34 34 34 34 34 34 31 29 29 27 25 25 25 25 25 25 25 25 25 25 25 24 24 24 24 24 17 17 17 17 17 16 16 16 16 14 14 14 13 13 13 13 13 11 11 10 10 10 10 10 10 10 9 9 9 9 9 9 9 7 7 7 7 7 7 7 7 6 6 6 5 5 5 5 4 4 4 4 4 4 4 4 4 4 4 4 3 3 3 3 2 2 1 1 1 1 1 
155 129 128 123 117 116 111 110 104 94 91 91 88 86 84 79 74 74 72 72 72 71 69 66 64 64 64 63 60 60 57 57 56 56 53 51 48 48 48 48 44 42 42 40 40 35 35 35 35 35 35 35 35 35 35 31 31 28 28 28 27 27 27 27 26 25 25 25 25 25 25 23 23 23 23 22 22 22 22 22 19 17 17 17 17 17 16 15 15 14 13 13 12 12 12 12 12 11 10 10 10 9 9 9 9 9 8 8 8 8 8 8 8 7 6 5 3 3 3 3 3 3 3 3 3 2 2 2 2 2 2 1 1 1 1 1 1 1 1 1 1 1 1 1 1 1 1 1 1 
141 128 127 118 116 111 108 108 102 91 89 86 86 85 84 79 72 72 72 70 70 68 68 64 64 61 61 58 58 56 54 54 54 49 48 48 48 45 45 45 44 40 36 36 36 35 35 34 34 34 34 33 32 31 31 30 29 28 28 28 27 26 26 25 24 24 24 24 22 20 20 20 20 20 19 18 18 18 18 17 17 17 17 17 16 15 14 14 13 11 11 10 10 10 9 9 9 9 9 7 7 7 7 7 7 7 6 6 5 5 5 5 4 4 4 3 3 3 3 3 3 3 2 2 2 1 1 1 1 1 1 1 1 
141 127 118 112 112 107 106 97 92 85 85 83 81 76 76 73 72 70 70 70 67 66 64 61 60 59 58 57 54 51 51 50 50 48 46 45 45 45 42 41 40 40 36 36 35 34 33 32 32 32 31 29 29 28 28 28 28 26 25 25 24 24 23 22 22 21 21 21 21 19 19 17 17 17 17 17 16 16 15 15 14 14 14 14 14 11 11 11 11 10 10 9 9 9 9 9 9 9 9 7 6 6 6 6 6 6 6 5 5 5 3 3 3 3 3 3 3 2 2 1 1 1 1 1 1 1 1 
128 119 112 109 104 100 100 92 91 84 83 83 81 73 73 72 70 69 68 67 66 66 61 60 59 59 54 53 53 51 50 50 49 44 44 44 42 39 39 38 38 34 34 34 32 32 29 29 29 28 27 27 27 24 24 24 24 23 23 23 22 21 21 21 21 21 19 18 18 18 17 16 16 15 15 15 14 14 13 13 13 13 12 12 11 9 9 8 8 8 8 8 8 8 8 6 6 6 6 6 6 6 6 6 6 5 5 5 5 5 3 3 3 3 3 2 1 1 1 
124 109 105 104 103 88 82 81 77 74 74 74 74 73 67 67 66 65 64 64 64 62 60 58 58 54 53 51 51 50 49 47 47 44 43 43 42 39 38 37 34 34 34 30 30 29 28 28 26 26 26 25 25 23 23 23 23 23 23 21 21 20 20 19 19 19 18 18 18 16 16 15 15 15 15 15 13 12 12 12 12 11 10 9 9 9 8 8 8 8 8 8 5 4 4 4 4 4 4 4 4 4 4 4 4 4 4 4 4 4 3 3 2 2 2 2 1 1 1 
120 108 96 91 89 84 78 78 77 74 74 74 73 69 67 65 65 64 64 61 59 59 58 55 55 53 51 49 47 47 45 45 44 43 40 40 38 38 33 33 33 32 32 30 27 27 27 27 26 25 25 24 23 23 21 21 20 20 19 18 17 16 16 16 16 15 14 14 14 14 14 14 14 11 11 11 11 11 11 10 10 9 8 8 8 8 8 8 8 6 6 4 4 4 4 4 4 4 4 4 4 4 3 3 2 2 2 2 2 2 2 2 2 2 2 
116 101 91 87 87 83 78 77 77 74 72 70 69 67 65 65 63 62 60 59 56 54 54 53 51 50 49 48 47 44 43 39 39 39 39 38 36 36 33 32 32 32 28 28 27 27 26 22 22 22 22 20 20 20 20 19 17 17 16 16 15 15 15 15 15 14 14 13 13 13 12 12 11 11 11 10 10 10 9 9 9 8 8 7 7 7 7 7 5 5 5 4 4 4 4 4 4 4 3 3 3 2 2 2 1 1 1 1 1 1 1 1 1 1 1 
116 101 89 87 82 82 76 75 74 70 70 67 66 63 63 63 62 60 57 55 55 53 52 52 51 48 48 45 44 39 37 37 37 35 35 35 29 29 26 26 26 26 26 26 26 26 22 21 21 21 21 20 19 19 19 18 16 16 16 16 15 14 14 13 13 12 12 12 12 11 11 11 11 10 10 9 9 9 7 7 7 7 7 7 7 6 6 5 5 4 4 4 4 4 4 4 4 3 2 2 1 1 1 1 1 
115 100 88 86 82 80 75 74 73 70 66 64 63 63 63 61 61 58 56 53 53 53 48 47 45 45 44 41 41 38 37 37 36 34 31 30 29 27 26 26 26 26 26 26 23 19 17 17 17 17 17 16 16 16 16 15 14 14 14 14 14 13 12 12 11 11 11 11 11 11 10 10 9 8 8 8 8 8 6 6 6 6 6 6 6 5 5 5 5 4 4 4 4 4 3 3 3 2 1 1 
110 94 82 81 78 75 74 74 69 67 65 64 63 62 57 57 56 56 54 53 52 51 46 44 44 41 41 39 37 37 37 32 32 32 28 28 28 25 25 23 23 23 23 23 21 17 17 15 15 15 15 15 15 15 15 15 14 13 12 12 12 12 12 11 11 11 11 11 10 8 8 8 8 8 8 8 8 7 6 6 6 6 6 6 5 5 4 4 4 4 4 3 3 3 3 3 1 1 
106 92 79 79 75 74 74 72 69 67 62 60 56 56 54 53 49 48 47 46 44 44 42 42 40 40 39 38 37 35 33 32 28 28 28 28 25 25 22 22 22 22 22 22 21 17 16 15 14 14 14 14 14 14 14 14 14 13 11 11 11 11 10 10 9 9 9 9 8 7 7 7 7 6 6 5 5 4 4 4 4 3 2 2 2 2 2 2 2 2 2 2 
103 90 79 78 75 74 73 70 66 66 56 56 54 54 52 51 49 47 46 44 43 42 41 40 40 39 39 37 34 31 30 29 27 27 25 25 24 24 22 22 22 22 22 18 18 17 15 15 14 14 14 14 14 14 13 13 12 11 11 10 10 10 9 9 9 9 8 7 7 7 5 5 5 5 5 4 4 3 3 3 3 3 2 2 1 1 1 1 1 
93 88 78 77 75 74 71 68 62 61 55 54 52 51 51 51 48 45 44 42 42 41 40 40 39 37 35 35 30 29 28 26 25 25 25 22 22 22 21 21 21 17 17 16 16 16 15 14 14 14 14 14 14 13 12 12 11 11 11 9 9 9 9 7 7 7 7 7 6 6 5 5 5 5 5 4 3 3 2 2 2 2 1 1 1 1 1 1 1 
93 85 78 77 74 71 65 65 60 60 55 52 51 50 48 47 46 44 43 42 40 40 37 35 35 34 34 33 30 29 26 26 25 25 25 22 21 21 21 20 18 17 16 16 16 16 15 14 14 14 13 13 11 11 11 9 9 8 8 8 8 8 8 7 6 6 6 6 6 6 5 5 5 5 5 3 3 2 2 2 1 1 1 1 1 1 1 1 
93 84 77 74 73 64 63 63 59 58 55 51 50 49 48 46 46 42 42 38 36 34 32 31 31 31 29 29 24 24 24 24 24 24 22 22 21 21 18 18 17 16 16 16 15 15 15 14 14 14 13 13 11 11 11 9 9 8 7 7 7 7 6 6 6 6 6 6 4 4 4 4 3 3 3 3 2 2 2 1 1 1 1 1 
93 84 74 71 71 63 63 62 58 53 50 50 49 48 48 45 42 41 38 37 35 34 31 31 30 30 29 27 24 23 23 23 23 21 21 20 19 19 17 17 17 16 16 14 14 13 13 12 12 12 12 12 11 11 10 9 8 7 7 7 7 6 6 6 5 5 4 4 4 4 4 4 3 3 
86 81 70 70 69 63 61 59 57 51 50 50 48 47 45 45 42 41 37 36 33 33 31 30 29 29 25 23 23 23 22 21 21 21 20 19 18 18 17 17 15 15 15 14 12 12 12 12 12 12 11 11 10 9 9 9 8 7 7 7 7 6 5 5 5 4 4 4 3 3 3 3 2 1 
84 77 69 69 66 62 59 55 51 51 49 48 46 45 44 43 41 38 37 34 33 32 31 30 29 28 25 23 23 22 21 21 19 19 18 17 16 16 14 14 14 13 13 12 11 11 11 11 11 11 11 10 10 9 8 6 6 6 6 4 4 4 4 4 4 4 2 2 2 2 2 2 2 
79 77 69 69 63 62 54 54 51 50 47 44 42 42 42 42 38 35 35 34 32 29 29 29 28 26 23 22 22 19 19 17 17 17 17 16 16 16 14 13 13 13 13 12 11 11 11 11 10 9 9 9 9 7 6 6 6 6 4 4 3 3 3 3 3 3 2 2 2 2 2 2 2 
79 76 69 69 61 57 54 50 49 48 44 43 42 42 40 37 37 34 30 28 28 27 25 25 25 24 20 19 18 17 17 17 17 17 16 16 14 14 14 13 12 12 12 9 9 9 9 8 8 8 8 8 8 7 4 4 3 3 3 3 3 3 3 2 1 1 1 1 1 1 1 1 1 
77 75 67 67 55 53 53 49 49 47 44 41 41 41 39 36 35 32 29 26 26 26 25 24 24 23 20 17 17 17 17 17 16 16 16 14 14 12 12 12 12 12 10 9 9 9 9 8 8 7 7 7 7 4 3 3 3 3 3 3 3 3 3 2 1 1 1 1 1 1 1 1 1 
77 71 67 64 54 51 51 48 40 40 40 39 39 39 34 32 32 31 27 26 26 26 25 24 22 21 18 17 17 17 17 17 16 16 15 14 14 12 11 11 11 10 9 9 8 7 7 7 7 7 7 7 5 3 3 3 3 2 2 2 2 2 1 1 1 1 1 1 1 1 1 
74 71 67 63 52 51 51 44 40 39 39 36 36 34 32 32 31 29 27 26 26 26 23 23 22 19 17 17 17 16 16 16 15 15 15 14 13 12 11 10 10 9 8 8 8 7 7 7 7 6 5 5 4 3 3 3 2 2 2 2 2 2 1 1 1 1 1 1 
73 71 67 61 49 49 49 42 39 39 39 36 34 34 31 31 28 27 25 24 24 23 23 21 20 19 17 17 16 16 16 16 15 15 14 13 12 10 10 10 8 8 8 8 7 7 7 7 7 6 5 5 4 3 3 3 2 2 2 1 1 1 1 1 
73 69 66 61 48 47 46 41 39 38 37 36 32 32 30 29 27 26 25 24 24 23 20 20 20 18 16 16 16 16 15 14 14 13 13 12 11 10 10 10 8 8 8 8 7 7 6 6 6 5 5 5 4 2 2 2 2 1 1 1 1 1 1 1 
72 68 66 60 47 47 44 39 37 37 37 35 32 31 30 27 26 25 25 24 24 23 20 20 19 18 16 16 16 14 14 12 12 12 12 12 11 10 10 10 8 8 8 7 6 6 6 6 6 5 5 3 2 2 2 2 1 1 1 1 1 1 
70 68 62 58 47 46 43 38 37 37 35 34 32 31 28 27 26 25 23 23 21 21 20 19 19 17 16 16 15 14 13 12 11 11 11 11 11 10 10 10 8 8 7 6 6 5 5 4 4 4 3 3 2 2 2 2 1 1 1 1 1 
70 65 62 56 45 43 40 38 37 35 34 32 32 30 27 26 26 25 23 22 21 21 19 19 16 16 16 16 14 12 11 11 11 11 11 11 10 10 9 9 8 7 6 6 4 4 4 4 4 4 3 2 2 2 2 2 1 1 1 
68 65 59 53 42 42 40 38 37 35 34 32 32 29 27 26 26 25 23 21 19 19 18 18 16 16 15 14 14 11 11 11 11 10 10 10 9 9 9 6 6 6 6 6 4 4 4 4 2 2 2 2 2 2 2 2 1 1 1 
68 64 59 51 42 42 38 38 36 34 34 32 30 28 26 26 26 24 23 20 19 18 17 17 16 15 14 14 13 11 11 11 10 10 10 10 9 9 8 6 6 6 5 3 3 3 3 2 2 2 2 2 2 2 1 1 1 
67 60 55 49 41 39 38 35 33 32 31 31 29 28 26 26 25 23 23 20 19 18 17 16 16 15 14 14 11 11 10 8 8 7 7 7 7 6 6 5 5 5 5 3 3 3 2 2 2 2 2 2 2 1 1 1 
67 57 55 49 41 38 37 34 33 31 30 29 27 27 26 23 23 23 21 20 19 18 17 15 15 14 14 13 11 11 10 7 7 7 7 7 7 6 6 5 5 5 5 3 3 2 2 2 2 2 2 2 1 1 1 1 
65 57 55 49 40 38 36 34 33 31 30 29 27 26 25 23 23 21 21 20 19 18 15 15 15 14 13 13 11 11 8 7 7 7 7 7 7 6 6 5 4 4 4 3 3 2 2 2 2 1 1 1 1 
59 56 54 48 39 35 35 34 32 29 29 29 27 24 23 23 22 21 21 20 18 16 15 14 13 13 13 13 11 11 8 7 7 7 7 7 7 5 4 4 4 4 4 2 2 2 2 1 1 1 1 1 
59 56 52 43 39 35 33 32 32 29 29 28 27 24 22 21 21 19 18 18 13 13 12 12 12 12 12 12 11 10 8 7 7 7 7 7 6 5 4 4 4 4 2 2 2 2 2 1 1 1 1 
50 50 50 40 39 35 33 31 31 29 29 28 25 23 22 21 21 17 17 17 13 12 12 12 12 12 11 10 10 8 8 7 7 7 7 6 6 4 4 4 4 2 2 2 2 1 1 1 1 1 1 
50 50 49 40 39 35 33 31 31 29 29 28 25 23 21 20 19 17 17 14 12 12 12 12 12 11 11 10 10 8 8 7 7 7 7 6 5 4 4 3 2 2 2 2 1 1 1 1 1 1 
50 49 46 39 35 30 30 29 29 29 26 26 24 23 21 19 18 16 12 12 12 12 12 11 11 11 10 10 10 7 7 7 7 7 7 6 5 4 4 3 2 2 2 2 1 1 1 1 1 1 
50 47 43 37 31 30 30 29 29 27 25 25 24 23 21 19 17 15 12 12 12 11 11 11 11 11 10 10 8 7 6 6 6 5 5 5 5 4 4 2 2 1 1 1 1 1 1 1 1 1 
50 46 43 37 31 28 28 28 28 26 25 25 22 22 20 19 17 15 12 12 11 11 11 10 10 10 10 10 8 7 6 6 5 5 5 5 4 3 3 2 1 1 1 1 1 1 1 1 1 1 
49 46 43 36 28 28 28 28 27 25 24 24 22 20 20 19 17 14 12 12 11 11 10 10 10 10 10 10 8 7 6 6 5 5 5 4 4 3 3 2 1 1 1 1 1 1 1 1 1 1 
49 46 43 35 28 28 28 28 26 25 23 21 21 19 19 19 15 13 12 11 11 11 9 9 9 9 9 9 8 7 6 5 5 5 4 4 4 3 2 2 1 1 1 1 1 1 1 1 1 
49 45 43 35 28 28 28 27 26 25 23 20 19 19 19 17 14 13 12 11 11 10 9 9 9 9 7 7 7 6 5 5 5 4 4 4 4 3 2 2 1 1 1 1 1 1 1 1 1 
47 45 42 34 28 28 28 27 26 23 21 20 19 19 15 15 14 13 12 11 11 10 9 9 9 9 7 7 7 5 5 5 5 4 4 4 3 3 2 1 1 1 1 1 1 1 1 1 1 
47 44 41 34 28 28 27 26 23 23 21 20 19 19 15 14 14 12 12 11 10 10 9 9 9 7 7 7 7 5 5 4 3 2 2 2 2 2 1 1 1 1 1 
47 43 39 34 27 27 26 26 23 22 20 19 19 19 15 14 13 12 12 11 9 9 9 9 9 7 7 7 6 5 5 3 2 2 2 2 2 1 1 1 1 1 1 
47 40 37 34 27 27 25 25 22 22 20 19 19 19 15 14 12 12 11 11 9 9 9 9 9 7 7 6 6 4 4 2 2 2 2 2 1 1 1 1 
47 40 37 34 27 27 25 25 22 21 19 19 19 18 13 13 12 11 11 10 9 9 9 8 7 7 7 6 5 3 3 2 2 2 2 2 1 1 1 1 
47 40 37 31 27 27 25 25 22 19 18 18 18 17 13 12 12 10 10 9 9 9 9 8 7 7 6 5 5 3 3 2 2 2 2 2 1 1 1 
47 40 35 31 27 27 25 24 22 17 17 16 16 16 13 12 12 10 9 9 9 9 9 7 7 6 6 2 2 2 2 2 2 2 2 2 1 
47 39 35 29 27 27 25 23 22 17 17 16 16 15 12 12 12 10 9 9 8 8 8 7 7 6 5 2 2 2 2 2 2 2 2 1 1 
44 34 33 27 27 27 25 21 19 17 16 16 15 15 12 12 11 10 9 8 8 7 7 7 7 5 5 2 2 2 2 2 2 1 1 1 1 
41 34 33 27 26 26 24 20 19 16 16 16 15 14 12 12 11 10 8 8 8 7 7 7 5 3 3 2 2 2 2 2 2 1 1 1 1 
41 33 33 27 26 26 19 19 18 16 16 14 14 14 12 12 11 10 8 8 7 7 7 6 4 3 3 2 2 2 2 2 2 1 1 1 1 
39 33 31 27 26 24 19 18 18 16 15 14 14 14 12 11 11 10 8 8 6 6 6 6 4 3 3 2 2 2 2 2 2 1 1 1 
39 33 30 27 26 22 19 18 17 16 15 14 14 14 12 11 11 9 8 7 6 6 6 5 3 3 3 2 2 2 2 1 1 
39 32 30 27 25 21 19 18 17 16 15 14 14 13 12 11 10 9 8 6 6 6 5 5 3 3 2 2 2 2 2 1 1 
38 30 30 26 23 21 18 18 17 14 14 14 14 13 11 11 10 8 8 6 6 5 5 4 3 3 2 2 2 2 2 1 1 
38 30 30 26 23 20 18 18 16 14 14 13 13 12 11 11 9 5 5 5 5 5 4 4 3 2 2 2 2 2 1 1 
37 30 29 26 23 19 18 18 15 14 14 13 12 11 11 10 7 5 5 5 5 5 4 4 3 2 2 2 1 1 1 1 
37 30 29 24 22 18 18 18 15 14 14 13 12 11 10 8 7 5 5 5 5 5 4 4 3 2 2 1 1 1 1 1 
36 30 25 22 21 18 18 17 15 14 14 13 12 9 9 8 7 5 5 5 5 5 4 4 2 2 2 1 1 1 1 1 
36 29 24 22 21 18 16 15 14 11 11 11 11 8 7 7 5 5 5 5 5 5 4 4 2 2 2 1 1 1 
33 28 24 22 20 18 15 14 13 11 11 11 11 8 7 6 5 5 5 5 3 3 3 3 2 2 2 1 1 1 
33 27 24 22 19 17 15 14 13 11 11 11 9 8 7 5 5 4 4 4 3 3 3 3 2 2 2 1 
33 26 24 22 19 17 15 14 11 11 11 9 8 7 7 5 5 4 4 4 3 3 3 3 2 2 1 1 
32 26 23 19 19 17 15 13 11 11 11 8 8 7 6 5 5 4 4 4 3 3 3 3 2 2 1 
31 26 23 18 16 16 15 13 11 11 9 8 7 7 6 5 5 4 4 4 3 3 3 2 1 1 
31 26 22 17 16 16 15 13 11 11 9 8 7 7 5 5 5 4 4 3 3 3 3 1 1 
30 24 22 17 16 15 14 12 11 11 9 7 7 6 5 5 4 4 4 3 3 3 3 1 1 
28 23 21 17 16 15 14 12 11 10 8 7 7 6 5 5 4 3 3 3 3 3 3 1 1 
24 22 21 17 16 15 13 12 11 10 8 7 7 5 5 4 4 3 3 3 3 
24 22 19 17 15 13 13 11 11 10 6 6 6 5 5 4 3 3 3 3 2 
23 22 19 17 13 13 13 11 10 10 6 6 6 5 5 4 3 3 3 2 1 
23 19 19 17 13 13 13 11 10 10 6 6 6 5 4 3 3 3 3 2 1 
23 16 16 15 13 13 12 11 10 9 6 6 5 5 4 3 3 3 3 2 1 
21 16 16 15 13 12 10 10 10 9 6 6 5 5 4 3 3 3 3 2 1 
20 16 16 15 12 12 10 10 10 8 6 6 5 4 4 3 3 3 2 1 1 
19 16 15 15 11 11 10 10 10 8 6 5 5 4 4 3 3 3 1 1 
17 15 13 13 11 11 10 10 8 7 5 5 4 4 4 3 3 1 1 1 
17 15 13 13 11 10 10 9 8 6 5 5 4 4 4 3 2 1 
17 15 13 12 11 10 10 8 8 6 4 4 4 4 3 3 2 1 
16 15 13 12 10 10 10 8 6 6 4 4 4 4 3 2 1 1 
16 15 13 12 10 10 9 8 6 6 4 4 4 4 3 2 1 1 
15 14 13 11 10 10 9 8 6 5 4 4 4 4 3 2 1 1 
15 14 13 11 10 9 8 8 6 5 4 4 4 3 3 2 1 1 
15 11 11 11 9 9 8 8 6 5 4 4 4 3 3 1 1 1 
15 11 11 10 9 9 8 7 5 4 4 4 4 3 1 1 
15 11 10 10 9 9 8 7 5 4 4 4 3 2 1 
15 11 10 10 9 9 6 6 5 4 4 4 3 2 1 
15 10 10 10 9 9 6 6 4 4 4 4 3 2 1 
15 10 10 10 9 9 6 5 4 4 4 4 2 2 
15 10 9 9 9 8 6 5 4 4 4 2 2 1 
14 10 9 9 9 7 6 5 4 4 4 1 1 1 
14 10 9 9 8 7 6 5 4 4 4 1 1 1 
14 10 9 9 8 7 6 5 4 4 3 1 1 
14 10 9 9 8 6 5 5 4 4 3 1 1 
13 10 9 9 8 6 5 4 4 4 3 1 1 
13 10 9 9 7 6 4 4 3 3 3 1 1 
13 10 9 8 7 5 4 4 3 3 2 1 
13 10 8 7 7 5 4 3 3 2 2 1 
12 10 8 7 7 3 3 3 3 1 1 
12 10 8 7 7 3 3 3 1 1 1 
12 9 8 7 7 3 3 2 1 1 1 
12 9 8 7 7 3 2 2 1 1 1 
9 7 7 6 4 3 2 2 1 1 1 
9 7 7 6 4 3 2 2 1 1 1 
9 7 7 6 4 3 2 1 1 1 1 
8 7 7 5 3 3 1 1 1 1 
7 7 7 5 3 2 1 1 1 1 
7 7 6 5 3 2 1 1 1 1 
7 7 5 4 3 1 1 1 1 1 
7 7 4 4 3 1 1 1 1 1 
7 7 4 4 3 1 1 1 1 
7 7 4 4 1 1 1 1 
7 7 4 4 1 1 1 1 
7 6 4 4 1 1 1 1 
7 6 4 4 1 1 1 1 
7 5 4 4 1 1 1 1 
7 5 4 3 1 1 1 
7 5 4 3 1 1 1 
7 4 3 2 1 1 1 
6 3 3 2 1 1 1 
5 3 3 2 1 1 1 
5 3 3 2 1 1 
3 3 2 2 1 1 
3 3 1 1 
3 3 1 1 
3 3 1 1 
3 3 1 
3 3 1 
3 3 1 
3 3 1 
3 3 1 
3 3 1 
3 3 
3 2 
3 2 
2 2 
2 2 
2 2 
2 2 
2 1 
2 1 
2 1 
2 1 
2 1 
1 1 
1 1 
1 1 
1 1 
1 1 
1 1 
1 1 
1 1 
1 1 
1 1 
1 1 
1 1 
1 1 
1 1 
1 1 
1 1 
1 1 
1 
1 
1 
1 
1 
1 
