143 142 138 133 121 120 117 117 114 113 113 113 110 105 104 100 93 92 91 86 84 80 80 79 73 68 66 66 65 63 63 62 62 61 57 57 56 55 55 55 55 51 51 51 51 50 50 50 49 48 46 46 45 45 44 43 42 41 41 37 37 37 37 36 33 32 30 29 28 27 26 26 26 26 26 26 26 26 26 25 21 21 20 19 19 19 18 18 17 16 15 15 15 13 13 13 13 13 13 13 13 12 12 12 12 12 12 11 11 11 11 11 11 7 7 6 6 5 5 5 5 5 5 5 5 5 5 4 4 4 3 3 3 3 3 2 2 2 2 2 1 1 1 1 1 1 1 1 1 1 1 1 
142 138 127 127 114 111 111 111 111 105 93 91 88 88 80 79 79 78 78 76 75 70 70 68 68 65 64 62 61 60 59 59 57 55 55 55 54 54 50 49 48 48 48 46 46 44 44 42 42 42 42 41 40 38 38 37 37 36 36 34 31 27 27 27 26 26 26 26 25 22 22 22 22 22 22 22 22 22 22 22 19 18 18 18 16 16 16 14 13 13 12 12 12 11 11 11 11 11 8 8 6 6 6 6 6 6 6 6 6 5 5 5 5 5 5 5 5 5 5 5 5 5 4 4 4 4 4 3 3 2 2 2 2 2 2 2 2 2 1 1 1 1 1 1 1 1 1 1 1 
136 128 114 114 111 111 103 102 91 90 85 83 81 80 79 74 71 70 70 70 70 68 65 65 64 61 60 58 58 51 51 50 47 46 46 45 45 45 45 43 43 40 40 38 36 36 36 36 36 36 35 35 32 30 27 26 25 24 24 24 21 21 21 21 21 21 21 21 21 21 21 21 21 21 21 19 19 18 18 18 18 17 17 16 15 15 15 14 12 11 10 9 9 9 9 9 9 9 8 7 6 6 6 6 6 5 5 5 5 5 5 5 5 5 5 5 5 5 5 5 4 3 3 2 2 2 2 2 2 1 1 1 1 1 1 1 1 1 1 1 1 1 1 1 1 1 
121 117 114 110 110 105 100 86 81 74 74 74 74 70 70 68 68 66 64 62 61 60 60 60 59 59 59 57 52 50 47 47 46 45 39 39 37 37 37 35 35 34 34 33 33 32 27 26 26 26 25 25 25 25 25 24 22 22 21 20 20 18 17 16 15 15 15 13 13 13 13 13 13 13 12 12 11 11 11 10 10 10 10 10 10 10 10 9 9 9 9 6 6 6 6 6 6 6 6 5 5 5 5 5 5 5 5 5 5 5 5 4 4 4 3 3 3 3 3 3 2 2 2 2 2 2 2 2 2 1 1 1 1 1 1 1 1 1 1 1 1 1 1 1 1 1 
121 115 108 107 106 97 92 78 78 74 73 73 72 70 66 66 62 61 61 60 60 58 57 55 55 55 50 50 50 47 47 47 45 41 39 39 37 35 34 34 33 32 30 29 27 27 26 26 26 26 24 23 22 22 22 22 21 20 19 19 19 16 15 14 14 14 13 13 12 12 12 11 11 11 11 11 11 11 11 10 10 10 10 9 9 9 9 8 8 8 7 6 6 6 6 6 6 6 5 5 5 5 4 4 4 4 4 4 4 4 4 4 3 3 3 2 2 2 1 1 1 1 1 1 1 1 1 1 1 1 1 1 1 
120 114 106 104 100 91 83 76 75 73 73 71 68 66 65 60 60 60 58 58 58 56 56 55 54 52 50 50 46 46 46 42 41 39 39 35 35 34 32 32 32 32 29 27 27 27 26 26 25 22 22 22 22 22 20 20 20 16 14 14 14 13 12 12 12 12 12 12 11 11 11 10 10 10 10 10 10 10 10 10 9 9 9 9 9 9 9 8 8 5 5 5 5 5 5 5 5 5 5 4 4 4 4 4 4 4 4 4 3 3 3 3 3 3 3 2 2 1 1 1 1 1 1 1 1 1 1 1 1 1 
115 106 104 94 90 90 81 75 74 68 66 66 64 63 62 60 58 56 56 56 54 54 54 54 52 47 47 47 44 43 43 41 40 39 39 35 34 34 32 32 31 31 27 27 27 25 25 23 22 21 20 20 20 20 18 17 17 14 14 14 13 12 12 12 12 12 12 12 11 11 10 10 10 10 10 10 10 10 9 9 9 8 8 8 8 7 7 6 5 5 5 5 5 5 5 5 4 3 3 3 3 3 3 2 2 2 2 2 2 2 2 2 2 2 2 1 1 1 1 1 1 1 1 1 1 1 1 1 1 1 
113 106 101 90 89 88 76 74 68 66 64 63 63 62 61 56 56 56 55 52 51 50 50 48 48 47 47 43 41 41 41 39 39 38 37 34 34 33 32 30 30 30 27 26 26 24 21 20 20 20 20 18 14 14 13 13 13 12 12 12 12 12 10 10 10 10 10 10 10 10 10 10 10 10 10 10 9 9 8 8 8 8 8 8 7 7 5 5 5 5 5 5 5 4 4 3 3 3 3 3 2 2 2 2 2 2 2 2 2 2 2 2 2 2 1 1 1 1 1 1 1 1 1 1 1 1 1 
104 101 97 90 87 78 71 70 68 65 63 63 61 59 55 53 52 51 50 50 50 49 49 46 46 46 44 43 41 41 41 39 37 37 32 32 31 29 27 26 26 26 26 25 25 22 20 17 16 16 16 16 14 14 13 13 12 12 11 10 10 10 10 10 10 10 10 10 10 9 9 9 9 9 9 6 6 6 6 6 6 6 6 6 6 5 5 4 4 4 4 4 4 3 3 3 3 2 2 2 2 2 2 2 2 2 2 2 2 2 1 1 1 1 1 1 1 1 
94 93 90 88 83 68 68 67 65 63 62 61 58 57 55 52 51 50 50 50 50 49 47 46 45 45 44 43 41 40 37 37 32 32 32 31 28 28 27 26 26 26 23 18 17 17 16 16 16 16 15 13 13 13 12 12 12 12 10 10 10 10 9 9 9 7 7 7 7 7 7 7 7 6 6 6 6 6 6 6 6 6 6 5 5 4 4 4 4 4 4 4 4 3 3 1 1 1 1 1 1 1 1 1 1 1 1 1 1 1 1 1 1 1 1 1 1 
91 91 89 87 82 68 67 66 65 63 61 59 57 55 52 50 50 50 48 48 48 48 47 45 44 43 43 43 38 35 35 34 29 29 29 29 27 26 26 26 25 25 20 17 17 16 16 16 16 15 15 13 12 12 12 12 11 11 10 10 9 9 8 8 8 7 7 7 7 7 7 7 7 6 6 6 6 6 5 5 5 5 5 5 5 4 3 3 3 3 3 3 3 3 2 1 1 1 1 1 1 1 1 1 1 1 1 1 1 1 1 1 1 
90 90 87 82 79 68 66 61 60 58 58 58 56 52 51 50 50 49 48 48 43 43 43 42 42 41 41 39 37 35 33 32 29 29 29 27 26 26 25 25 24 23 19 16 16 16 16 14 14 14 13 13 12 12 12 11 11 10 10 9 9 9 8 8 7 7 7 7 7 7 7 6 6 6 6 6 6 6 5 5 4 4 4 4 4 4 3 3 3 3 2 2 2 1 1 1 1 1 1 1 1 1 1 1 1 1 1 1 1 1 1 1 
89 88 78 78 77 68 63 58 58 58 57 54 54 51 50 49 49 47 47 46 43 42 41 38 38 37 35 35 35 33 32 30 29 29 29 27 26 24 24 24 23 23 17 16 16 16 15 14 14 14 13 13 12 10 10 9 9 9 9 9 8 8 8 8 7 7 7 7 7 7 7 6 6 6 6 6 6 6 4 4 4 4 3 3 3 3 3 2 2 2 2 1 1 1 1 1 1 1 1 1 1 1 1 
89 85 76 75 69 65 62 58 58 58 55 52 52 50 48 48 47 46 46 45 43 41 41 38 37 36 35 35 33 32 31 30 29 28 27 25 24 24 24 23 21 20 17 16 16 16 14 14 13 12 11 11 10 9 9 9 9 9 9 8 8 8 8 8 6 6 5 5 5 5 5 5 5 5 5 5 5 5 4 4 3 3 3 3 3 3 3 2 2 1 1 1 1 1 1 1 1 
89 85 70 69 68 65 62 58 58 55 55 52 52 46 45 43 43 43 42 40 40 39 38 36 36 34 32 32 31 30 28 25 25 25 25 25 23 23 22 21 20 20 16 16 15 14 14 14 13 12 11 11 10 9 9 9 8 8 8 8 8 8 6 6 6 5 5 5 5 5 5 3 3 3 3 3 3 3 3 3 3 3 3 3 3 2 2 1 1 1 1 1 1 1 1 1 1 
89 83 70 67 67 63 61 57 55 55 53 50 50 46 43 43 41 41 40 40 39 39 38 36 35 31 30 30 30 29 28 25 25 25 23 23 23 21 21 20 20 17 15 15 14 12 12 12 12 12 11 11 9 9 9 9 8 7 6 6 6 6 6 5 5 5 5 5 5 5 5 3 3 3 3 3 3 3 3 3 3 3 2 2 2 2 1 1 1 1 1 1 1 
85 79 68 66 63 62 60 56 55 53 51 47 47 46 42 40 40 40 37 36 35 35 33 32 32 31 30 29 27 27 25 25 24 24 23 22 19 19 19 19 19 17 15 14 13 12 12 12 12 10 10 9 9 9 8 8 7 7 6 6 5 5 5 5 5 5 5 5 5 5 4 3 3 3 3 3 3 3 3 3 1 1 1 1 1 1 1 1 1 
75 75 67 62 62 60 60 55 54 53 51 47 46 43 42 40 40 40 37 35 34 32 30 29 29 28 27 26 26 24 24 24 23 22 20 20 19 19 19 18 18 16 14 14 13 12 11 10 10 9 8 8 8 8 7 7 7 7 6 6 5 5 5 5 5 5 5 5 5 5 4 3 3 3 2 2 2 2 2 2 1 1 1 1 1 1 1 
75 73 66 62 61 58 57 55 53 53 51 47 46 43 42 40 40 39 37 35 31 30 29 28 28 25 25 24 24 23 23 23 23 22 20 20 19 18 18 16 16 14 14 14 13 12 11 10 9 9 8 8 8 7 7 7 7 7 6 5 5 5 5 5 5 5 5 5 4 4 3 3 3 2 2 1 1 1 1 1 1 1 
69 67 63 62 59 57 56 55 53 51 49 47 46 42 40 39 36 36 35 35 30 29 29 28 28 25 24 23 23 23 23 22 22 22 20 19 17 17 17 16 16 14 14 14 12 11 10 9 9 8 8 8 7 7 7 7 7 7 6 5 5 5 5 5 5 5 4 3 3 3 3 3 3 2 2 1 1 1 1 1 
67 67 60 60 58 54 54 53 48 47 45 42 42 38 37 36 36 35 35 33 30 28 28 28 27 24 24 23 23 23 23 22 22 18 18 17 16 16 16 15 15 14 14 13 12 11 10 9 9 8 8 8 7 7 7 7 7 7 6 5 5 5 5 4 4 4 4 3 3 3 3 3 2 1 1 
64 63 59 58 57 53 53 51 47 47 43 41 39 37 36 36 36 35 34 32 28 27 27 27 25 24 22 21 21 21 20 20 20 18 17 17 16 15 15 15 14 13 13 13 11 11 10 9 9 8 8 8 7 7 6 6 6 5 5 5 4 4 4 4 4 4 3 3 3 3 3 2 2 1 
63 63 59 56 56 53 51 50 47 45 41 39 37 37 36 36 36 33 31 30 28 27 27 25 25 24 21 21 21 20 20 20 20 17 16 16 16 15 15 13 13 13 13 13 10 10 10 9 8 8 8 8 7 7 6 6 5 5 5 3 3 3 3 3 3 3 3 3 2 2 2 2 1 
63 63 58 56 55 52 51 50 45 44 41 38 37 36 35 34 34 33 31 30 28 27 24 24 24 23 21 21 20 20 20 20 20 17 16 16 16 14 13 13 13 13 13 13 10 10 10 8 8 8 8 7 7 6 6 6 5 5 5 3 3 3 3 3 3 3 3 3 2 2 2 1 
61 60 57 56 54 52 50 48 45 37 37 35 35 35 35 34 34 33 30 29 28 26 24 24 24 23 20 20 20 20 19 18 18 16 16 14 14 13 13 13 13 11 11 11 10 10 9 8 8 8 7 7 7 6 6 6 5 5 5 3 3 3 3 3 3 3 2 2 2 2 1 1 
59 59 55 54 51 51 50 42 40 37 36 35 35 34 32 32 31 31 30 29 25 25 23 23 23 22 20 18 18 17 17 16 15 15 14 13 13 13 13 13 12 11 10 10 10 9 8 8 8 6 5 5 5 5 5 5 5 5 5 3 3 3 3 3 3 2 1 1 1 1 1 1 
59 59 55 51 50 50 48 41 39 36 35 35 34 34 31 31 31 31 29 29 25 25 23 23 22 19 17 17 17 17 16 16 13 13 13 13 13 13 13 11 11 10 8 8 8 8 8 7 7 6 5 5 5 5 5 3 3 3 3 3 3 3 3 2 2 2 1 1 1 1 1 
59 59 52 51 47 46 45 41 38 34 34 33 32 32 31 31 31 30 27 25 25 25 23 21 21 17 16 16 16 16 16 14 13 13 13 13 12 12 10 8 8 7 7 7 7 7 7 7 5 5 5 5 5 5 5 3 3 3 3 3 3 3 3 2 2 2 1 1 1 1 1 
59 58 52 49 46 46 43 41 38 34 33 33 32 32 31 31 29 29 27 25 24 24 21 20 17 17 16 16 16 16 14 13 13 13 13 12 12 10 10 8 8 7 7 7 7 7 6 6 5 5 5 5 5 5 4 3 3 3 3 3 3 3 2 1 1 1 1 1 1 
59 57 52 46 45 40 39 39 37 34 33 32 32 32 31 29 28 28 26 25 23 23 21 20 17 17 16 16 15 15 13 13 13 13 12 11 11 10 8 8 7 7 7 7 7 7 6 6 5 5 4 4 4 4 3 3 3 3 2 2 2 1 1 
59 55 50 45 37 35 35 35 35 33 32 32 32 31 30 29 28 27 25 25 23 23 21 20 17 16 16 16 15 15 13 13 13 13 12 11 11 9 8 7 7 7 6 6 6 6 6 4 4 4 3 3 2 2 2 2 2 2 2 1 
58 55 49 44 37 35 35 35 35 32 32 31 31 30 30 29 27 27 25 25 23 22 20 18 15 15 15 15 15 15 13 13 12 12 12 11 10 9 7 7 6 6 6 6 6 6 5 4 3 3 3 3 2 2 2 2 2 1 1 1 
56 54 49 40 37 35 35 35 35 32 31 31 30 30 29 28 27 26 25 23 23 21 18 18 15 15 15 14 14 14 13 13 12 10 10 9 9 7 7 7 6 6 6 6 6 5 5 4 3 3 3 3 2 1 1 1 1 1 1 
56 54 48 39 36 35 35 35 34 31 31 30 30 29 28 28 24 22 22 22 21 20 18 18 15 15 15 14 13 13 12 11 11 10 10 8 8 7 7 7 6 6 5 5 5 5 4 3 3 3 3 2 2 1 1 1 1 1 
56 54 48 39 36 35 35 35 33 31 30 30 29 28 27 26 22 21 21 21 21 19 18 17 15 14 14 14 13 13 11 9 9 9 8 8 8 7 6 6 6 5 4 4 4 4 3 3 3 2 2 1 1 1 1 1 
56 54 47 38 35 35 35 34 32 31 30 30 29 27 27 26 22 21 20 20 18 18 17 17 14 13 13 12 11 11 9 9 9 9 8 8 8 7 6 5 5 5 4 4 4 3 3 2 2 2 2 1 1 1 1 1 
56 54 46 34 33 33 33 32 31 31 30 30 29 27 26 24 21 19 19 17 17 17 16 13 13 13 11 11 11 11 9 9 9 9 8 8 8 7 6 5 4 4 3 3 3 3 3 2 2 2 1 1 1 1 1 
56 53 46 34 33 33 31 31 31 31 29 28 26 25 25 24 21 17 17 17 17 17 13 13 12 12 11 11 11 10 9 9 8 7 7 7 7 6 6 5 4 3 3 3 3 3 2 2 2 1 1 1 1 1 
55 50 42 33 32 32 31 31 31 30 29 28 25 25 24 22 21 17 17 15 15 14 13 13 12 11 10 10 10 10 9 9 8 7 7 6 6 6 4 4 4 3 2 2 2 2 2 2 
55 50 42 33 31 31 31 31 30 28 28 27 25 25 22 22 20 17 17 13 13 13 11 11 10 10 10 10 9 9 9 7 7 5 5 5 4 3 3 3 3 3 2 2 2 1 1 1 
54 50 40 33 31 31 31 31 28 27 27 26 25 24 21 18 16 16 16 13 13 13 11 11 10 10 9 9 9 8 8 7 7 5 5 3 3 3 3 3 2 2 2 2 2 1 1 
53 50 40 32 31 31 31 30 26 26 26 26 25 23 21 18 16 16 16 13 13 13 11 11 10 10 8 6 6 6 6 5 4 3 3 3 3 3 3 2 2 2 1 1 1 1 
53 46 40 32 31 31 31 28 26 26 26 24 24 23 20 18 16 16 16 13 12 12 11 10 9 9 8 6 6 6 5 4 3 3 3 3 3 3 2 2 2 1 1 1 1 
51 42 40 32 31 31 30 28 26 26 25 24 23 22 20 17 16 16 16 13 11 11 9 9 9 9 7 6 6 6 5 4 2 2 2 2 1 1 1 1 1 1 
50 42 40 32 31 31 30 28 26 26 25 24 22 21 17 16 16 16 15 13 11 11 9 9 9 9 7 6 6 5 5 3 2 2 2 2 1 1 1 
50 42 40 32 31 30 29 28 26 26 24 20 20 19 17 16 14 14 14 13 11 11 9 9 9 7 7 6 5 5 3 3 2 2 2 1 1 1 1 
48 40 37 31 30 30 29 28 26 26 24 19 19 19 16 16 14 14 13 13 11 10 9 9 8 7 6 5 5 4 3 3 2 2 1 
46 38 37 31 29 29 29 27 25 25 21 19 19 19 16 15 14 14 13 13 11 10 9 8 8 6 6 4 4 4 2 2 2 2 
45 38 36 31 29 29 27 26 25 22 21 19 19 18 16 15 14 14 12 11 10 10 9 8 6 5 5 4 4 3 2 2 2 2 
41 37 36 31 27 27 26 25 22 21 20 19 17 17 16 15 14 13 12 11 10 7 7 7 6 5 5 4 3 3 2 2 2 2 
41 36 35 29 27 27 26 25 22 20 20 18 17 16 16 14 13 13 12 11 9 7 7 6 6 4 4 4 3 2 2 2 2 2 
41 36 34 29 27 25 25 25 20 20 20 17 17 16 15 14 13 13 11 11 7 7 6 6 4 3 3 3 3 2 2 2 1 1 
39 36 33 28 27 25 25 24 20 20 20 17 16 16 14 14 13 12 10 10 7 7 6 6 3 2 2 2 2 2 2 2 1 1 
37 36 32 28 26 25 23 23 20 18 17 16 16 16 14 13 13 12 10 9 7 6 6 5 3 2 2 2 2 2 2 2 1 1 
37 33 32 27 26 24 23 23 19 18 17 16 16 15 14 13 13 11 9 8 7 5 5 5 3 2 2 2 2 2 2 1 1 1 
36 33 32 26 25 24 22 20 18 18 17 16 15 15 14 13 11 9 8 7 7 5 5 4 2 2 2 2 2 2 2 1 1 1 
36 33 32 26 24 23 22 20 17 17 17 15 15 15 13 10 10 9 8 7 7 5 4 4 2 2 2 2 2 1 1 1 1 
36 32 31 24 24 23 22 19 17 17 16 15 15 14 11 10 10 9 8 6 5 3 3 3 2 2 2 2 1 1 
36 32 29 24 22 22 19 18 16 16 16 15 15 13 11 10 10 9 8 6 4 3 2 2 2 2 2 1 1 
36 32 29 24 22 21 19 17 16 16 16 15 15 13 11 10 10 9 8 6 4 3 2 2 2 2 2 1 1 
36 31 27 20 20 20 19 17 16 16 15 15 14 12 11 10 10 9 7 6 4 3 2 2 2 2 2 1 1 
36 29 26 20 20 20 19 17 16 15 15 13 13 12 11 9 9 8 7 5 4 3 2 2 2 2 2 1 1 
34 29 26 20 20 20 19 16 16 14 14 13 12 11 9 8 8 7 7 5 4 2 2 2 2 1 1 1 1 
34 29 24 20 20 20 18 16 14 14 14 12 12 9 9 8 8 6 6 5 4 2 2 2 2 1 1 1 
34 29 24 20 19 19 17 15 14 13 13 12 12 9 9 7 7 5 5 5 3 2 2 2 2 1 1 1 
33 29 22 19 18 17 16 15 14 13 13 12 10 8 8 7 7 5 4 3 3 2 2 2 2 1 1 1 
33 29 22 19 18 17 16 15 14 13 13 11 10 7 7 7 7 5 3 2 2 2 2 2 2 1 1 1 
33 27 21 18 18 15 15 15 14 12 12 11 10 7 7 7 7 5 3 2 2 1 1 1 1 1 1 1 
31 27 20 18 17 15 15 14 14 12 11 10 9 7 7 7 6 5 3 2 2 1 1 1 1 1 1 1 
31 27 20 18 17 15 14 14 13 11 11 10 9 7 7 6 6 5 3 2 2 1 1 1 1 1 1 1 
29 26 19 18 16 15 14 14 13 11 11 10 9 7 7 6 5 4 3 2 2 1 1 1 1 1 1 1 
28 25 18 18 16 15 14 13 12 11 10 10 9 7 7 6 5 4 2 2 2 1 1 1 1 1 1 1 
28 24 18 18 16 15 14 12 12 11 10 9 8 7 6 6 5 4 2 2 2 1 1 1 1 1 1 
27 22 18 17 16 15 14 12 12 11 10 8 8 6 6 6 5 4 2 2 2 1 1 1 1 1 1 
25 22 18 17 16 15 13 12 11 10 9 8 8 6 6 5 4 4 2 2 1 1 1 1 1 1 
25 22 18 17 16 14 13 12 10 10 8 8 8 6 6 5 4 4 2 2 1 1 1 1 1 
25 22 18 16 16 13 11 11 9 9 7 7 7 6 6 4 4 3 1 1 1 1 1 1 1 
23 21 18 16 15 12 11 11 9 8 7 7 6 6 5 4 4 3 1 1 1 1 1 1 
21 19 17 16 14 11 11 11 8 7 7 7 6 6 5 4 4 1 1 1 1 1 1 1 
21 17 17 16 14 11 11 11 8 6 6 6 6 5 3 3 3 1 1 1 1 1 1 
20 17 16 15 13 9 9 9 8 6 6 6 6 5 3 3 2 1 1 1 1 1 1 
20 17 16 15 13 9 9 9 8 6 6 6 6 3 3 2 2 1 1 1 1 
20 17 16 14 12 9 9 8 8 6 6 6 4 3 2 2 2 1 1 1 
18 17 14 13 12 9 8 8 7 6 6 6 3 3 2 2 1 1 
18 17 14 13 12 9 8 7 6 6 5 4 3 3 2 2 1 
18 16 14 13 12 7 7 6 6 5 4 3 3 3 2 2 1 
18 15 14 13 11 7 6 6 4 4 4 3 3 1 1 1 1 
18 14 13 13 11 7 6 6 4 4 4 3 3 1 1 
16 14 13 12 11 7 6 5 4 4 4 3 2 1 1 
16 14 13 12 11 6 5 4 4 3 3 3 2 1 1 
16 14 13 11 9 6 4 3 3 3 3 3 2 1 1 
16 13 12 11 8 6 4 3 3 3 3 3 2 1 
16 13 10 10 8 6 3 3 3 3 3 3 2 1 
16 13 10 10 8 6 3 3 3 3 3 3 2 1 
16 13 10 10 8 6 3 3 3 3 3 3 1 
15 13 10 10 8 6 3 3 3 3 3 3 1 
15 13 10 10 6 5 3 3 3 3 3 3 1 
15 13 10 9 6 5 3 3 3 3 3 2 1 
15 12 9 9 6 5 3 3 3 3 2 2 1 
15 12 9 9 6 4 3 3 3 3 2 2 1 
14 12 8 8 6 4 3 3 3 3 2 2 1 
14 12 7 7 6 4 3 3 3 3 2 2 
14 11 7 7 5 3 3 3 3 2 2 1 
13 11 7 7 5 3 3 3 3 2 2 1 
13 10 7 7 5 3 3 3 3 2 1 
13 10 7 7 5 3 3 3 3 2 
13 10 7 7 5 3 3 2 2 2 
13 9 7 6 4 3 3 1 1 1 
12 9 7 6 4 3 2 1 1 1 
12 9 7 6 4 3 1 1 1 
10 8 6 6 4 1 1 
10 7 6 5 4 1 1 
9 7 5 5 2 1 1 
9 7 5 5 2 1 1 
9 7 5 5 1 1 1 
7 7 5 3 1 1 1 
7 7 5 3 1 1 1 
7 6 5 3 1 1 
7 6 5 3 1 1 
7 6 5 3 1 1 
6 5 5 3 1 1 
6 5 4 3 1 1 
6 5 4 3 1 
6 5 4 3 
6 4 4 3 
6 4 4 3 
5 4 3 3 
4 4 3 3 
4 4 3 3 
4 4 2 2 
4 3 2 2 
4 3 2 2 
4 3 2 2 
4 3 2 1 
4 3 2 1 
4 3 2 1 
4 3 2 1 
4 3 2 1 
4 3 2 1 
4 3 2 1 
4 3 2 1 
4 3 2 1 
3 3 2 1 
3 3 2 1 
3 3 1 1 
3 2 1 1 
3 2 1 1 
3 2 1 1 
3 2 1 
3 2 1 
3 2 1 
3 2 1 
3 1 1 
3 1 1 
3 1 1 
3 1 1 
3 1 1 
3 1 
1 
1 
