156 156 153 145 145 144 137 129 129 122 118 109 109 106 105 101 100 87 87 87 85 84 79 79 76 75 75 73 71 71 70 68 67 65 65 62 60 60 58 56 53 52 49 48 48 47 46 44 44 43 43 42 42 42 39 39 38 37 37 37 37 35 35 33 31 27 27 25 25 24 24 23 21 21 21 21 21 20 20 18 17 16 16 15 13 12 12 12 11 11 11 11 11 11 11 10 10 9 9 9 8 8 8 8 8 8 8 8 8 7 7 6 6 6 5 5 5 5 5 5 5 5 5 5 5 5 5 4 4 4 4 4 4 3 1 1 1 1 1 1 1 1 1 1 1 1 1 1 1 1 1 1 1 1 1 1 
154 149 142 137 134 129 123 118 116 113 109 105 97 96 86 81 80 78 77 74 74 74 74 71 71 70 66 61 58 57 57 56 55 55 51 51 50 46 46 45 44 43 42 41 41 41 41 40 40 40 40 38 38 35 35 34 31 28 27 27 26 24 22 19 19 19 18 18 15 14 14 13 13 13 13 13 12 12 11 11 11 11 11 11 11 10 10 10 10 10 10 9 9 9 9 9 9 7 7 7 7 6 5 5 5 5 5 5 4 4 4 4 3 3 3 3 3 3 2 2 2 2 2 2 2 2 2 2 2 2 2 1 1 1 1 1 1 1 1 1 1 1 1 1 1 
151 142 131 128 125 121 115 111 103 99 98 98 95 90 85 80 77 77 74 73 66 66 66 66 65 65 64 61 51 48 47 47 47 47 47 46 45 44 44 44 43 41 40 40 40 40 40 39 39 39 37 35 34 31 30 29 28 28 27 27 25 22 20 19 19 17 16 13 13 13 13 13 12 12 12 11 11 11 11 11 11 11 11 11 10 10 10 10 9 9 9 9 8 7 7 6 6 5 5 5 5 4 4 4 4 4 4 4 4 3 3 3 3 3 3 3 3 3 2 2 2 2 2 2 2 2 1 1 1 1 1 1 1 1 1 1 1 1 1 1 1 1 1 1 
137 132 124 109 108 101 101 101 99 97 94 93 82 80 79 77 76 76 72 70 66 66 65 65 64 62 60 60 47 47 44 43 43 43 43 42 42 42 41 41 40 38 36 35 35 35 35 34 34 33 30 30 30 29 28 28 27 27 27 25 21 20 20 18 16 14 14 13 13 12 12 12 12 12 12 11 11 11 10 10 10 8 8 8 8 8 6 6 5 5 5 5 5 5 5 5 4 4 3 3 3 3 3 3 3 3 3 3 3 3 3 3 3 2 2 2 2 2 2 2 2 2 2 2 2 2 1 1 
133 126 121 107 105 101 101 98 97 94 92 88 79 77 77 74 74 70 70 67 66 66 64 63 58 57 57 53 47 44 43 43 42 42 42 42 40 40 40 39 36 36 35 35 32 32 32 32 32 32 30 30 29 24 24 24 22 22 21 18 18 17 17 16 12 12 12 12 11 11 11 11 11 11 11 11 10 10 10 10 10 8 8 6 6 5 5 5 5 5 5 5 5 5 5 4 4 3 3 3 3 3 3 3 3 3 3 3 3 2 2 2 2 2 2 2 2 2 2 1 1 1 1 1 1 1 1 
132 114 113 106 103 99 99 90 87 87 80 80 78 77 76 71 67 66 65 65 62 59 56 56 56 54 54 51 46 44 42 42 41 40 36 36 36 35 35 34 34 34 32 30 27 27 27 27 26 26 26 22 20 20 20 20 20 20 20 17 17 17 15 13 12 12 12 11 11 11 11 10 10 10 10 10 10 9 9 9 8 8 6 5 5 5 5 4 4 4 4 4 4 3 3 3 3 3 3 3 2 2 2 2 2 2 2 2 2 2 2 2 2 2 2 1 1 1 1 1 1 1 1 1 
129 113 112 106 101 94 94 88 87 84 80 77 76 76 73 65 65 63 63 61 61 57 56 56 55 53 52 48 45 42 41 41 40 40 36 36 35 34 34 34 33 28 27 27 27 26 25 25 24 23 23 20 20 20 19 19 19 18 18 17 17 17 14 11 11 11 11 11 10 10 10 10 10 10 10 10 9 9 9 8 7 7 6 5 5 5 5 4 4 4 4 4 3 3 3 3 3 3 3 2 2 2 2 2 2 2 2 2 2 2 2 2 2 2 2 1 1 1 1 1 1 1 
122 106 106 103 100 93 89 83 83 81 79 73 70 70 70 65 65 62 61 60 57 55 55 54 52 49 47 47 40 39 38 38 37 36 35 34 34 33 32 31 31 28 27 27 27 25 22 22 21 21 21 20 20 19 17 17 17 17 16 16 14 14 13 11 11 11 11 11 10 10 10 9 9 9 8 7 7 6 6 6 6 6 6 5 5 4 4 4 4 3 3 3 3 3 3 3 3 3 2 2 2 2 2 2 2 2 2 2 2 2 2 2 1 1 1 1 1 1 1 1 1 
122 104 103 93 85 85 85 77 77 77 75 72 70 69 65 63 62 61 59 57 56 54 53 50 50 48 47 47 39 38 37 36 36 35 35 34 34 31 31 27 27 27 26 26 25 23 22 22 21 19 18 18 17 17 17 16 16 15 14 14 14 11 11 11 11 11 10 10 9 9 8 8 8 8 8 7 7 6 6 6 6 6 5 4 4 4 4 3 3 3 3 3 3 3 3 2 2 2 2 2 2 2 2 2 2 2 2 2 2 2 2 1 1 1 1 1 1 
119 100 92 87 85 81 78 77 75 74 71 62 61 56 55 55 54 53 53 49 47 47 44 44 44 44 44 42 35 35 32 32 32 31 31 31 31 31 27 27 27 27 22 19 19 19 18 18 18 18 18 17 16 16 16 15 15 14 14 14 12 11 11 11 11 10 9 8 8 8 8 7 7 7 7 7 7 5 4 4 4 4 4 4 3 3 3 3 3 3 3 3 3 2 2 2 2 2 2 2 2 2 2 2 2 2 2 1 1 1 1 1 1 1 1 
115 98 90 86 80 79 78 72 72 71 63 61 57 54 54 54 52 50 50 49 47 45 44 43 41 40 36 36 34 33 32 32 32 31 31 29 28 28 27 26 26 25 20 19 19 19 18 17 17 17 16 16 16 16 16 14 14 13 12 12 12 11 11 11 10 10 9 8 8 8 7 7 4 4 4 4 4 4 4 4 4 4 3 3 3 3 3 2 2 2 2 2 2 2 2 2 2 2 2 2 2 2 2 2 1 1 1 1 
114 98 89 86 80 79 77 72 68 66 63 57 55 54 51 50 50 50 47 46 46 44 42 40 39 39 36 35 34 33 32 31 30 30 29 28 27 26 26 26 24 24 20 19 18 18 17 17 17 17 16 16 16 16 15 14 13 11 11 11 11 11 11 10 9 9 8 8 7 7 7 6 4 4 4 4 4 4 4 3 3 3 3 3 3 2 2 2 2 2 2 2 2 2 2 2 2 2 2 2 2 2 2 
107 94 87 86 80 75 75 68 68 63 59 57 54 52 51 48 46 46 45 45 44 43 39 38 37 37 36 35 34 33 32 31 30 30 27 27 27 24 24 24 23 22 20 19 18 17 17 16 16 15 15 14 14 13 12 12 12 11 11 11 11 11 11 9 9 8 8 8 7 7 5 5 4 4 4 4 4 4 3 3 3 3 3 3 3 2 2 2 2 2 2 2 1 1 1 1 1 1 1 1 1 1 1 
106 93 87 82 80 75 69 65 64 59 57 56 53 50 47 46 45 44 44 42 41 39 37 37 37 34 33 32 32 31 30 30 30 30 27 27 26 24 23 23 23 22 18 18 18 17 17 16 16 14 14 14 14 12 12 12 12 11 11 11 11 10 10 9 9 8 8 5 5 5 5 4 4 4 4 4 3 3 3 3 3 3 3 3 3 2 2 2 1 1 1 1 1 1 1 1 1 1 1 1 1 1 1 
105 88 83 81 75 74 67 63 61 59 57 54 53 45 44 44 42 42 42 41 41 39 37 37 36 31 30 30 30 30 29 28 26 25 25 24 24 24 23 21 19 19 18 18 18 16 16 16 14 14 14 14 12 10 10 9 9 9 9 9 8 8 8 8 8 8 8 5 5 5 5 4 4 4 4 3 3 3 3 3 3 3 2 2 2 2 2 2 1 1 1 1 1 1 1 
98 86 83 80 75 73 65 61 60 58 56 53 49 45 43 43 40 40 38 37 37 37 37 36 35 30 30 30 30 30 29 27 26 25 25 24 23 23 20 20 19 19 17 17 16 15 15 14 14 13 13 13 11 10 10 9 9 9 9 9 8 8 7 7 7 7 7 5 5 5 5 4 3 3 3 3 3 3 3 3 3 2 2 2 2 2 2 2 1 1 1 1 1 1 
97 85 82 79 74 68 64 58 57 56 53 53 45 43 41 41 39 37 37 37 37 35 33 33 33 30 30 29 29 29 27 26 26 25 24 24 21 21 20 19 19 19 17 16 15 15 14 13 13 12 12 12 11 10 9 9 9 9 8 7 6 6 6 5 5 5 5 5 4 4 3 3 3 3 3 3 3 3 2 2 2 2 2 2 2 2 2 2 1 1 1 1 1 1 
90 85 81 74 70 68 58 56 56 55 48 48 44 40 39 39 37 37 36 36 31 31 31 31 31 29 26 25 25 25 25 25 24 24 23 21 21 20 19 18 17 17 15 15 14 14 14 12 12 12 11 11 9 9 9 9 7 7 7 6 6 6 6 5 5 5 4 4 4 4 3 3 3 3 3 2 2 2 2 2 2 2 2 1 1 1 1 1 1 1 1 1 1 1 
88 82 79 74 67 64 57 56 52 50 48 44 39 39 38 38 37 36 33 32 31 30 30 30 28 26 25 25 25 23 23 23 23 23 22 19 19 19 19 18 16 15 15 14 13 13 12 12 10 9 9 9 9 9 8 7 7 7 6 6 5 5 5 5 5 5 4 4 4 4 3 3 3 2 2 2 2 2 2 2 2 1 1 1 1 1 1 1 1 1 
87 81 77 73 67 62 57 50 50 49 47 44 39 38 37 37 36 34 33 32 30 29 29 28 26 25 25 24 24 23 21 21 21 21 20 19 19 17 17 15 15 15 15 13 13 13 12 12 10 9 9 9 9 7 7 6 6 6 5 5 5 5 5 5 4 4 4 4 3 3 3 3 3 2 2 2 2 1 1 1 1 1 1 1 1 1 1 1 1 
84 70 70 68 64 61 57 50 50 49 47 41 38 38 37 36 36 33 32 30 29 29 29 27 26 25 25 24 22 21 21 21 21 16 16 16 16 16 15 15 15 15 14 13 13 12 10 10 9 9 8 8 6 6 6 6 6 5 5 5 4 3 3 3 3 3 3 3 3 3 3 3 3 2 2 2 2 1 1 1 1 1 1 1 1 1 1 1 1 
79 69 68 67 62 60 55 50 49 47 43 39 38 36 36 35 34 33 32 29 29 28 28 26 23 21 21 20 20 20 20 20 19 16 16 16 16 16 15 14 13 13 12 12 11 9 9 9 9 9 8 7 6 6 6 5 5 5 5 5 4 3 3 3 3 3 3 3 3 3 2 2 2 2 2 2 2 1 1 1 1 1 1 1 1 1 1 1 1 
74 66 65 64 61 56 55 50 48 42 39 38 38 36 36 33 30 30 30 27 27 27 25 25 23 21 21 20 20 17 17 16 16 15 15 13 13 13 13 13 12 12 12 12 10 9 9 9 9 9 7 6 6 6 6 5 3 3 3 3 3 3 3 3 3 3 3 3 2 2 2 2 2 2 1 1 1 1 1 1 1 1 1 1 1 1 
74 64 62 60 59 55 55 47 44 42 39 38 37 36 29 29 29 29 29 27 27 25 25 24 21 21 20 20 16 15 15 15 13 13 13 13 13 13 13 13 12 12 12 12 10 9 9 9 8 7 6 5 5 5 5 4 3 3 3 3 3 3 3 3 3 3 3 2 2 1 1 1 1 1 1 1 1 1 1 1 1 1 1 1 
69 64 60 60 59 55 51 47 40 40 39 36 36 36 29 29 25 23 23 23 23 22 22 22 21 19 19 17 15 15 15 14 13 13 13 13 13 10 10 10 10 10 9 9 9 9 9 8 8 6 6 5 5 5 3 3 3 3 3 3 3 3 3 3 3 2 2 1 1 1 1 1 1 1 1 1 1 1 1 1 1 1 
63 63 60 60 59 53 51 46 39 39 38 36 31 31 29 29 24 23 23 23 23 22 20 20 19 18 17 16 14 14 14 14 13 13 13 13 13 10 10 10 10 9 9 9 9 7 7 7 7 6 6 5 5 4 3 3 3 3 3 3 3 3 3 3 2 2 1 1 1 1 1 1 1 1 1 1 1 1 1 
63 63 59 59 58 52 51 46 39 38 35 33 31 31 29 28 23 23 23 23 22 21 19 19 18 18 17 16 14 14 14 14 13 13 13 13 12 10 10 10 10 9 9 9 8 7 7 7 5 5 5 5 4 4 3 3 3 3 3 3 3 3 3 3 2 2 1 1 1 1 1 
63 63 59 57 56 51 44 44 39 37 34 33 31 31 27 27 23 23 20 20 20 18 18 18 17 17 16 15 14 14 14 14 13 11 11 11 11 10 10 9 9 9 9 8 7 7 7 7 5 5 5 5 3 3 3 3 3 3 2 2 2 2 2 2 2 2 1 1 1 1 
63 61 59 54 54 51 44 44 37 34 33 33 31 31 27 27 23 20 20 19 18 18 18 18 17 16 15 15 14 13 13 12 12 11 11 11 11 10 10 9 9 9 9 8 5 4 4 4 4 4 4 4 3 3 3 3 3 3 2 2 2 2 2 1 1 1 1 1 1 
62 57 55 54 54 49 42 39 37 34 33 31 31 29 27 25 23 20 20 19 18 18 18 17 16 15 15 15 14 13 13 12 11 11 10 10 10 10 8 8 8 8 8 7 5 4 4 4 4 4 4 4 3 2 2 2 1 1 1 1 1 1 1 1 
62 57 55 54 52 47 42 36 36 33 32 31 30 29 26 24 23 20 19 19 18 17 16 16 15 15 14 13 13 13 13 10 10 10 10 10 10 9 8 8 7 6 5 4 4 4 4 4 4 3 2 2 1 1 1 1 1 1 1 1 1 1 1 1 
59 53 53 51 47 47 41 36 36 33 30 29 28 28 26 23 19 18 18 17 17 15 15 15 15 14 13 13 13 12 12 10 10 10 10 10 9 9 8 7 5 4 4 4 4 4 3 3 3 3 2 2 1 1 1 1 1 1 1 1 1 
58 53 51 50 47 44 40 36 35 32 30 29 28 28 24 23 18 17 17 17 16 15 15 14 14 13 12 12 11 11 11 10 10 10 10 8 7 6 6 5 5 4 4 4 4 3 3 3 3 2 1 1 1 1 1 1 1 1 1 1 
58 52 51 47 44 41 36 36 35 32 30 28 25 25 24 22 18 17 17 17 16 14 12 11 11 11 10 10 10 10 10 10 10 10 10 6 6 6 5 4 4 4 4 4 3 3 3 3 2 2 1 1 1 1 1 1 1 1 
57 52 51 43 41 40 36 35 34 32 29 26 25 25 20 20 18 17 17 14 14 11 11 11 10 10 10 10 10 10 10 10 9 8 5 5 5 5 4 4 4 4 3 3 3 3 3 3 1 1 1 1 1 1 1 1 1 1 
55 52 50 40 40 40 36 35 33 32 29 25 25 21 20 20 18 17 17 13 13 10 10 10 10 10 10 10 10 10 10 10 7 7 5 5 4 4 4 4 4 4 3 3 3 2 2 1 1 1 1 1 1 1 1 
54 51 49 40 38 36 36 33 33 31 28 25 25 20 19 19 18 17 16 12 11 10 10 10 10 10 10 10 10 10 10 10 6 5 5 5 4 4 4 3 3 3 3 3 3 2 2 1 1 1 1 1 1 
53 51 46 40 37 36 35 32 32 30 26 25 24 20 19 18 17 16 16 12 10 10 10 10 10 10 10 10 10 10 9 9 5 5 4 4 4 4 4 3 3 3 3 3 3 2 2 1 1 1 1 1 
53 48 44 40 37 36 32 32 30 27 26 25 24 20 19 18 17 16 16 10 10 10 10 10 10 10 10 10 10 9 8 8 5 5 4 4 4 3 3 3 3 3 3 3 2 2 2 1 1 1 1 1 
53 48 43 40 37 36 31 31 30 27 26 25 24 18 17 17 16 16 15 10 10 10 10 10 10 10 10 10 10 9 8 7 5 5 4 4 4 3 3 3 3 3 3 3 2 2 1 1 1 1 1 
53 48 43 39 37 36 31 31 28 27 26 25 22 17 17 17 16 15 15 10 10 10 10 10 10 10 10 10 10 8 6 6 5 5 4 4 3 3 3 3 3 3 2 2 1 1 1 1 1 1 
53 48 43 39 36 36 31 30 27 27 26 25 22 17 17 16 16 12 12 10 10 10 10 10 10 10 10 10 10 8 6 6 5 5 4 4 3 3 3 3 3 3 2 2 1 1 1 1 1 1 
53 44 40 39 36 35 31 29 27 26 25 22 22 17 16 16 15 12 12 10 10 10 10 10 10 10 10 10 9 6 5 4 4 4 4 4 3 3 3 3 3 2 2 2 1 1 1 1 
51 44 39 38 35 35 31 29 26 26 22 21 20 16 15 15 14 12 12 10 10 10 10 10 10 10 10 8 8 4 4 4 4 4 3 3 3 3 3 3 3 2 2 2 1 1 1 
48 44 37 37 35 34 31 29 26 25 22 20 19 16 14 14 14 12 12 10 10 10 10 10 10 10 9 8 7 4 4 4 4 3 3 3 3 3 3 3 2 2 2 1 1 
46 44 37 35 34 32 30 27 25 24 22 20 19 16 14 14 14 12 12 10 10 10 10 10 10 7 7 7 6 4 4 4 4 3 3 3 3 3 3 3 2 2 1 1 
46 41 36 34 33 31 30 27 25 23 22 20 18 15 14 14 14 12 11 10 10 10 10 10 10 7 7 7 6 4 4 4 4 3 3 3 3 2 2 2 2 1 1 
46 39 34 31 30 29 29 27 25 23 22 20 18 14 14 12 11 11 11 10 10 10 8 8 8 7 6 6 6 4 4 3 3 3 3 3 3 2 2 2 1 
46 39 33 31 29 29 28 25 25 22 20 18 17 14 10 10 10 10 10 10 8 8 8 7 7 6 5 5 5 4 4 3 3 3 3 3 3 1 1 1 
46 36 30 29 29 29 27 25 25 22 20 18 16 14 10 10 10 10 10 10 8 8 8 7 7 5 5 5 5 4 4 3 3 3 3 3 3 1 1 1 
38 36 30 29 29 28 26 25 24 22 18 17 15 13 10 10 10 10 10 10 8 8 7 5 5 5 5 5 5 4 3 3 3 3 3 3 3 1 1 1 
38 35 30 29 27 26 26 22 22 18 17 16 15 10 10 10 10 10 10 10 7 7 6 5 5 5 3 3 3 3 3 3 3 3 3 2 1 1 1 1 
36 34 29 29 25 25 25 22 22 18 17 15 15 10 10 10 10 10 10 10 7 6 6 5 5 4 3 3 3 3 3 3 3 2 2 2 1 1 1 1 
33 32 29 28 25 24 23 22 22 18 17 15 14 10 10 10 10 10 10 7 7 6 6 5 4 3 3 3 3 3 3 3 3 2 1 1 1 1 1 1 
31 31 28 28 24 23 23 21 21 17 16 15 14 10 10 10 10 10 10 7 7 6 6 5 4 3 3 3 3 3 2 2 2 1 1 1 1 1 1 1 
31 31 28 25 24 23 20 19 18 17 16 15 13 10 10 10 10 10 10 7 6 6 5 4 3 3 3 3 3 2 2 2 1 1 1 1 1 
28 27 27 25 24 23 20 19 18 16 16 14 13 10 10 10 10 10 10 7 6 6 4 4 3 3 3 3 3 2 2 1 1 1 1 
27 27 26 25 23 20 18 18 18 16 16 14 12 10 10 10 10 9 9 7 6 5 4 3 3 3 3 3 3 2 2 1 1 1 1 
27 27 26 25 21 20 18 18 17 15 13 13 11 10 10 10 10 9 9 7 6 5 4 3 3 3 3 3 3 2 2 1 1 1 
27 27 26 25 21 20 17 17 17 14 13 11 10 10 10 10 9 9 9 6 6 5 3 3 3 3 3 3 3 2 2 1 1 1 
27 27 25 24 20 19 17 16 15 14 12 10 10 10 10 10 9 9 8 6 6 5 3 3 3 3 3 3 2 2 2 1 1 1 
26 26 24 24 20 19 17 16 15 14 11 10 10 10 10 9 9 9 8 5 5 3 3 3 3 3 3 2 2 2 2 1 1 1 
26 25 24 24 20 19 16 16 15 13 11 10 10 9 9 9 9 8 7 5 5 3 3 3 3 3 3 2 2 2 2 
26 25 21 21 20 19 16 16 15 11 10 10 9 9 9 9 7 7 7 5 5 3 3 3 3 3 2 2 1 1 
26 25 20 20 20 18 16 15 13 11 10 9 9 9 8 8 7 7 7 5 5 3 3 3 3 2 2 2 
25 22 20 20 20 17 15 14 12 11 10 9 9 9 8 7 7 7 6 5 5 3 3 2 2 2 2 1 
25 22 20 20 19 16 14 13 12 11 10 9 9 8 8 7 7 6 5 5 3 3 3 2 2 2 2 
23 22 19 19 16 14 13 12 12 10 10 9 9 8 7 7 7 6 5 5 3 3 3 2 2 2 2 
23 20 19 18 13 13 12 12 11 10 10 9 9 8 7 7 6 6 5 5 3 3 3 2 2 1 1 
23 20 19 15 13 13 12 12 11 10 9 9 8 8 7 6 6 4 4 4 3 3 2 2 1 
23 20 19 15 13 13 12 11 10 10 8 7 7 7 7 6 5 4 4 4 3 3 2 2 1 
23 20 19 15 13 11 11 11 10 8 7 7 7 7 6 5 5 4 4 3 3 3 1 1 1 
22 20 19 14 11 11 11 9 9 7 7 7 7 7 6 5 5 4 3 3 2 2 1 1 
22 20 19 12 11 11 10 9 9 7 7 6 6 5 5 5 3 3 3 3 2 1 
22 20 18 11 11 11 10 9 8 7 6 6 6 5 5 5 3 3 3 2 2 1 
22 19 18 11 11 10 10 9 8 7 6 6 5 5 5 5 3 2 2 2 1 1 
22 18 18 11 10 9 9 9 8 7 6 6 5 5 4 4 3 2 1 1 1 1 
22 18 18 11 10 9 9 9 7 7 6 6 5 4 4 4 3 2 1 1 1 1 
21 18 16 10 10 9 9 9 7 6 6 6 4 3 3 2 2 2 1 1 1 
21 18 15 10 10 9 9 7 7 5 5 4 3 3 3 2 2 1 1 1 1 
21 18 15 10 10 9 8 7 7 4 4 4 3 3 3 2 2 1 1 1 1 
21 18 14 10 10 9 8 6 6 4 4 4 3 3 3 2 2 1 1 1 
21 18 13 10 10 9 8 6 6 4 4 4 3 3 2 2 
21 18 13 10 10 9 8 6 5 4 4 4 3 3 2 2 
21 18 13 10 9 8 8 6 5 4 3 3 3 3 2 2 
18 18 13 10 9 8 8 6 5 4 3 3 3 2 1 1 
18 18 13 10 9 8 7 6 3 3 3 2 2 2 1 1 
18 18 13 10 9 8 7 6 3 3 2 2 2 2 1 
18 17 13 9 9 7 7 6 3 2 2 2 2 1 1 
18 15 12 9 8 6 6 5 3 2 2 2 2 1 1 
17 15 12 9 8 6 5 5 3 2 2 2 1 1 1 
17 15 12 8 8 5 5 4 3 2 1 1 1 1 1 
16 15 12 8 8 5 5 3 3 2 1 1 1 1 1 
16 14 12 8 8 5 4 3 2 2 1 1 1 1 
15 14 11 8 7 5 4 3 2 2 1 1 1 
14 14 11 7 6 5 4 3 2 2 1 1 1 
14 13 11 6 5 4 3 2 2 2 1 1 1 
13 12 11 6 5 3 3 2 2 1 1 1 
13 11 9 6 5 3 2 2 2 1 1 
13 11 8 6 5 2 2 2 2 1 1 
13 11 8 6 5 2 2 2 1 1 1 
13 10 8 6 5 2 2 2 1 1 1 
13 9 7 5 4 2 2 1 1 1 1 
13 9 7 5 3 2 2 1 1 1 1 
11 8 5 5 3 2 2 1 1 
11 8 5 5 3 2 2 1 1 
11 8 5 5 3 2 2 1 
11 7 5 5 3 2 2 
11 5 5 4 3 2 2 
11 5 5 4 3 2 2 
10 5 5 3 3 2 2 
10 5 5 3 3 2 
10 5 5 3 3 2 
10 5 5 3 3 2 
9 5 4 3 3 2 
7 5 4 3 3 2 
7 5 4 3 3 2 
7 4 4 3 3 2 
7 4 4 3 2 2 
7 4 4 3 2 2 
7 4 3 3 2 2 
7 4 3 3 2 2 
7 4 3 3 2 2 
7 4 3 2 2 1 
7 4 3 2 2 1 
6 3 2 2 2 1 
6 3 2 2 2 
6 3 2 2 1 
6 3 2 2 1 
6 3 2 2 1 
6 3 2 2 1 
5 3 2 2 
5 3 2 1 
5 2 2 1 
4 2 2 
4 2 2 
4 2 2 
4 2 2 
4 2 2 
4 2 1 
3 2 1 
2 2 1 
2 2 1 
2 2 1 
2 2 1 
2 2 
2 2 
2 2 
2 2 
2 2 
2 1 
2 1 
2 1 
2 1 
1 1 
1 1 
1 1 
1 1 
1 1 
1 1 
1 1 
1 1 
1 
1 
1 
1 
