165 159 147 126 123 122 118 114 112 108 103 102 101 101 99 96 96 95 93 88 88 84 84 80 79 77 75 73 71 65 65 65 65 65 64 63 62 59 58 58 58 56 56 55 54 53 53 52 51 44 43 42 42 41 41 40 38 37 36 35 33 33 32 31 31 31 31 30 30 29 28 28 27 26 25 25 25 25 23 22 22 22 22 21 21 21 20 19 19 18 18 18 18 17 17 17 17 17 17 16 15 15 15 15 13 13 13 13 13 13 12 12 10 10 10 10 9 9 9 9 9 9 9 9 8 8 7 7 7 7 7 7 7 6 6 6 6 5 5 5 5 5 5 4 4 4 4 3 3 3 2 2 2 2 2 1 1 1 1 1 1 1 1 1 1 1 1 1 
163 135 135 114 114 113 111 111 110 101 98 98 93 91 91 90 85 85 84 83 81 80 79 76 72 72 71 68 65 58 56 56 56 56 56 56 55 50 50 50 50 50 48 47 46 46 45 44 42 41 41 38 38 38 38 36 33 32 31 31 31 31 31 30 30 30 29 28 27 26 26 24 24 24 23 23 22 22 21 21 21 21 21 20 19 19 18 17 17 16 16 16 16 15 15 14 14 14 14 14 13 13 13 12 12 11 11 11 10 10 10 9 8 8 7 7 7 7 7 6 6 6 6 6 6 6 6 6 5 5 5 5 5 5 4 4 4 4 4 3 3 3 3 3 3 2 2 2 2 1 1 1 1 
144 134 131 114 113 109 107 106 106 97 97 92 88 85 78 76 75 75 71 68 68 66 66 66 66 64 64 61 57 57 56 56 56 52 52 52 48 46 44 43 43 43 43 43 43 41 41 40 38 37 37 37 33 33 33 33 31 31 31 31 29 29 28 25 23 23 20 19 19 19 19 18 18 18 18 18 18 18 18 17 17 17 16 15 15 14 14 14 13 13 13 13 13 13 12 12 11 11 11 10 10 10 9 9 9 7 7 7 7 7 7 7 7 6 6 6 5 4 4 4 4 4 4 4 4 4 4 4 4 2 2 2 2 2 2 2 2 2 2 2 2 2 1 1 1 1 1 1 1 1 
139 134 127 113 107 106 106 104 101 96 87 86 85 83 75 75 75 72 68 68 63 63 62 62 61 61 61 59 57 57 54 53 51 48 47 47 47 43 43 43 41 39 37 37 37 36 36 36 35 34 31 30 29 28 28 24 24 24 23 22 22 22 22 22 20 20 20 19 19 18 18 18 18 18 16 16 16 16 16 15 15 14 14 13 13 12 12 10 10 10 10 10 10 10 10 10 10 10 9 9 8 8 8 8 7 7 7 5 5 3 3 3 3 3 3 3 3 3 3 3 3 3 2 2 2 2 2 2 2 2 2 1 1 
132 118 115 110 107 90 90 89 89 84 79 75 74 74 74 74 71 69 68 67 62 59 58 57 57 57 53 53 51 51 49 49 49 47 47 45 42 41 39 35 33 33 33 28 28 27 27 27 27 27 27 26 26 26 25 23 21 20 20 19 18 18 18 18 18 18 17 17 17 17 17 17 16 16 14 14 14 14 14 13 13 13 12 12 10 10 10 9 9 9 9 9 9 9 9 7 7 7 7 7 7 7 7 5 4 4 3 3 3 3 2 2 2 2 2 1 1 1 
125 115 109 109 106 90 90 89 83 83 79 74 74 71 69 65 65 64 64 62 56 56 55 55 55 55 52 51 51 49 49 48 47 45 44 42 40 40 35 29 29 29 29 28 28 27 26 26 26 26 26 25 25 25 24 23 20 20 19 19 18 18 18 17 17 16 15 15 14 14 14 12 12 12 12 12 12 12 12 11 11 8 8 7 7 7 7 7 7 7 7 6 6 6 6 6 5 5 5 5 5 5 4 4 4 3 3 3 3 3 2 2 2 2 1 1 1 1 
120 109 109 108 102 90 90 78 74 74 73 70 69 68 68 65 64 64 63 60 56 55 55 55 54 51 47 47 47 43 43 43 39 38 38 38 35 34 32 29 29 28 27 27 27 25 25 24 23 23 23 23 23 22 22 22 20 20 19 18 18 17 15 15 15 13 13 13 13 12 12 10 10 10 10 10 10 10 9 9 7 7 7 7 7 7 7 7 7 7 6 6 6 6 5 5 5 5 5 4 4 4 4 4 3 3 3 2 2 2 2 2 1 1 1 1 
118 108 108 102 101 90 90 74 74 72 70 70 68 64 62 61 59 58 58 55 52 51 51 47 47 47 47 46 46 43 40 38 35 35 35 35 35 34 32 29 29 27 27 26 25 23 23 23 23 23 22 22 21 21 21 21 19 18 18 17 16 15 15 15 14 13 13 12 12 11 10 10 10 10 10 10 9 8 8 7 7 7 7 7 7 6 6 6 6 6 6 6 5 5 5 5 5 4 4 4 4 3 3 2 2 2 2 2 1 1 1 1 1 1 1 
118 108 106 98 88 87 85 74 71 71 70 68 65 63 61 59 58 56 56 55 52 50 48 46 44 44 44 43 43 41 36 35 35 33 30 30 30 30 27 27 27 25 25 25 25 23 23 23 23 23 21 19 18 18 17 17 17 17 17 17 15 15 15 14 13 13 13 12 12 11 10 10 10 10 10 10 9 8 7 7 7 6 6 6 6 6 6 6 6 5 5 4 4 4 4 4 3 3 3 3 3 3 2 2 2 2 1 1 1 1 1 1 1 1 
115 106 102 92 84 81 78 73 71 68 68 68 65 63 56 53 51 49 49 48 48 47 46 43 42 42 41 40 33 33 30 29 28 28 28 27 27 27 27 26 25 25 24 24 23 23 21 20 19 19 18 18 18 17 17 17 17 17 17 16 15 14 14 13 12 12 12 12 12 11 10 10 10 10 10 8 7 7 6 6 6 6 6 5 5 5 5 5 5 5 4 4 4 4 4 3 2 2 2 2 2 2 2 1 1 1 1 1 1 
114 106 100 87 80 76 76 72 68 68 66 62 61 61 54 51 51 49 49 48 43 43 40 37 37 34 34 34 32 32 28 28 28 28 27 27 27 26 26 24 24 24 23 23 20 20 19 19 18 18 18 18 18 17 17 17 16 15 15 15 14 11 11 9 9 9 9 9 9 9 9 9 8 8 8 7 7 7 5 5 5 5 5 5 5 5 5 5 4 4 4 4 3 3 3 2 2 2 2 2 
112 104 95 77 77 74 66 66 63 63 62 61 61 61 53 49 48 47 47 45 43 40 40 34 34 34 33 31 29 28 28 28 27 26 26 26 26 24 23 22 22 21 21 21 20 18 17 17 17 17 17 17 16 15 14 14 14 14 13 13 13 10 9 9 9 9 9 9 9 9 8 8 8 7 7 7 6 6 5 5 5 5 5 5 4 4 4 4 3 3 3 3 3 3 2 2 1 1 1 
108 95 92 76 75 68 66 66 63 63 62 58 52 52 52 49 48 46 46 45 42 40 37 34 34 33 30 30 28 28 25 25 25 25 25 24 24 23 23 21 21 21 20 18 18 18 17 17 17 16 16 16 14 14 14 14 14 14 12 12 12 9 9 9 9 9 9 8 8 8 7 7 6 6 6 6 6 6 5 5 5 5 5 5 4 4 4 3 3 1 1 1 1 
103 90 87 76 74 67 66 66 63 62 62 53 52 52 49 49 46 46 44 42 40 40 37 34 33 31 29 28 27 27 25 25 25 25 25 23 23 22 22 21 21 20 19 18 17 16 16 16 16 16 16 15 14 14 14 14 14 13 12 11 11 9 9 9 9 7 7 7 7 7 7 7 6 6 6 5 5 4 4 4 3 3 3 3 3 2 1 1 1 1 1 1 
102 89 83 75 72 67 66 65 62 59 53 52 52 49 48 48 46 46 40 39 37 37 37 34 32 30 28 26 26 25 25 24 24 23 22 22 22 22 21 19 19 19 18 17 16 16 16 16 16 16 14 12 12 12 12 12 12 12 11 10 10 9 9 9 8 7 7 7 7 7 7 6 6 4 4 4 4 4 4 3 3 2 2 2 2 2 1 1 1 1 1 
90 89 82 73 72 66 65 58 58 56 52 50 48 47 42 42 42 41 38 38 36 30 30 30 30 30 28 26 26 25 24 24 24 23 22 22 22 21 20 19 18 17 17 17 16 16 16 15 15 14 12 12 11 11 11 11 11 11 11 10 10 9 9 8 8 7 7 7 7 7 6 5 5 4 3 3 3 3 3 3 2 2 2 2 2 
84 84 77 73 69 64 64 58 58 55 52 50 48 46 42 40 40 40 38 36 34 30 30 30 29 28 28 26 25 25 24 24 24 22 21 21 19 19 19 18 18 17 16 16 16 16 16 14 14 14 12 12 11 11 11 11 11 11 11 10 10 9 8 6 6 6 6 6 5 5 5 5 4 3 3 3 3 3 3 2 2 2 2 1 
80 80 74 70 68 64 64 57 52 51 50 48 46 45 42 40 40 39 37 35 30 30 30 30 28 28 25 23 23 22 21 21 21 21 21 20 19 17 17 17 17 17 16 16 16 16 16 14 14 13 12 12 11 11 11 11 11 10 9 8 7 7 7 6 6 6 6 6 5 4 4 4 4 3 3 3 2 2 2 2 2 2 2 
79 77 70 66 65 63 62 57 49 47 47 43 42 41 39 37 37 37 36 35 30 30 27 24 23 23 23 22 22 21 21 21 21 21 21 20 19 17 17 17 16 16 16 16 14 14 14 14 13 11 11 11 11 11 10 10 9 8 8 6 6 6 6 6 5 5 4 4 4 4 4 4 3 3 2 2 2 2 2 2 2 1 1 
76 72 67 66 65 58 52 52 49 47 47 43 41 41 37 37 37 37 35 34 30 27 27 23 23 23 22 22 21 21 21 21 21 20 19 19 18 17 17 17 16 14 14 14 14 14 13 12 12 9 9 9 9 9 9 9 9 7 7 6 6 6 5 5 5 5 4 4 4 4 4 3 3 3 2 2 2 1 1 1 1 1 1 
73 71 64 63 61 54 52 52 49 47 47 42 38 38 37 37 35 33 32 30 26 25 25 23 23 23 22 22 21 20 20 20 19 17 17 17 17 17 16 16 14 14 14 13 11 11 11 11 11 9 9 9 9 9 7 7 7 6 4 4 4 4 4 4 4 4 4 4 4 3 2 2 2 2 1 1 1 1 1 1 1 
71 71 63 63 60 53 52 50 45 45 38 38 36 36 36 36 34 30 29 29 26 23 23 23 23 23 20 20 19 19 19 19 18 17 17 17 16 16 15 15 14 12 12 12 10 10 10 10 9 9 9 9 8 8 6 6 5 4 4 4 4 4 4 4 4 3 3 2 2 2 2 2 2 2 1 1 1 1 1 1 1 
71 69 63 60 52 51 51 49 45 45 38 38 33 31 31 31 31 30 26 26 25 23 23 22 20 20 19 19 19 18 18 17 17 17 17 15 15 15 15 15 14 11 11 11 10 10 9 9 9 9 9 7 7 7 6 5 4 4 4 4 4 4 3 3 3 3 2 2 2 2 2 2 2 1 1 1 1 1 1 1 1 
69 68 62 60 49 49 49 46 45 43 38 36 31 31 31 31 31 28 26 24 23 22 21 20 19 16 16 16 16 16 16 16 16 16 15 15 15 14 14 13 13 11 11 11 10 10 9 9 9 9 7 7 7 5 4 4 4 4 4 4 4 4 3 2 2 2 2 2 2 2 2 1 1 1 1 1 1 1 1 1 
69 67 62 60 49 49 45 44 38 38 36 36 31 31 31 30 30 27 23 22 22 22 21 18 18 16 16 16 16 16 16 15 15 15 14 14 13 13 13 13 13 11 11 11 10 10 9 8 8 8 7 6 6 5 4 4 4 4 3 2 2 2 2 2 2 2 2 2 2 2 1 1 1 1 1 1 1 
69 67 62 57 48 48 44 42 38 38 35 33 31 31 31 28 27 25 23 22 22 22 20 17 17 16 16 16 15 15 15 15 15 14 14 13 13 13 13 13 12 11 11 10 9 9 9 8 7 7 6 6 6 4 4 2 2 2 2 2 2 2 2 2 2 2 2 2 2 1 1 1 1 1 1 1 1 
69 66 60 55 48 43 43 41 36 34 33 32 31 31 29 26 25 25 22 22 22 22 18 16 16 16 16 15 15 15 15 15 15 14 13 13 12 12 12 12 10 10 9 9 9 9 9 7 7 6 6 6 4 3 3 2 2 2 2 2 2 2 2 2 2 2 1 1 1 1 1 1 1 1 1 1 
68 65 60 55 46 42 39 39 34 33 32 31 31 31 26 25 25 25 22 21 21 20 18 16 16 16 15 15 15 14 14 14 14 14 13 13 12 12 12 12 10 7 7 7 7 7 7 7 6 6 6 4 3 3 3 2 2 2 2 2 2 2 2 2 2 2 1 1 1 1 1 1 1 1 1 
68 60 59 54 44 42 38 38 33 33 32 31 31 31 26 25 25 25 22 21 20 19 18 16 16 15 15 14 14 14 14 14 13 13 13 13 11 11 10 10 9 7 7 6 6 5 5 5 5 5 5 3 3 3 3 2 2 2 2 2 2 2 2 2 2 2 1 1 1 1 
68 60 56 53 44 41 38 36 32 32 32 30 26 25 25 25 25 23 22 21 20 19 17 16 16 15 14 14 14 14 14 14 13 13 13 12 11 10 10 10 8 7 7 6 5 5 5 5 5 5 5 3 3 3 3 2 2 2 2 2 2 2 2 1 1 1 1 1 1 1 
68 57 56 48 43 39 38 35 32 32 32 25 25 24 24 23 23 22 21 21 20 18 16 16 16 15 14 14 14 14 14 13 13 13 12 12 11 10 10 10 7 6 6 5 5 5 5 5 5 5 4 3 3 3 3 2 2 2 2 2 2 2 1 1 1 1 1 
65 57 53 48 43 38 38 33 31 31 31 25 25 24 24 22 22 22 21 20 19 17 15 15 15 15 14 14 14 13 13 13 12 11 11 11 7 7 7 6 6 6 6 5 5 5 5 5 4 4 3 3 2 2 2 1 1 1 1 1 1 1 1 1 1 1 
65 56 50 47 43 38 37 33 31 30 28 25 24 23 22 21 21 19 18 18 18 17 15 15 15 14 14 14 13 13 13 13 11 11 11 7 7 7 6 6 6 6 6 5 5 5 4 3 3 3 3 3 2 1 1 1 1 1 1 1 1 1 1 1 1 
63 55 50 46 42 38 37 32 31 28 27 24 23 22 19 19 19 19 18 18 16 16 15 15 15 13 13 12 12 12 12 11 10 10 10 6 6 6 6 6 6 6 6 5 3 3 3 3 3 3 3 3 2 1 1 1 1 1 1 1 1 1 1 1 
57 54 47 45 42 38 34 31 30 25 25 23 22 22 19 19 19 19 18 17 16 16 15 14 14 13 13 12 12 12 12 11 10 10 10 6 6 6 6 5 5 5 5 5 3 3 3 3 3 3 3 3 1 1 1 1 1 1 1 1 1 1 1 1 
52 51 47 44 42 37 32 30 30 25 25 23 21 21 19 19 19 17 16 16 15 14 14 14 14 13 13 12 12 12 11 10 9 9 9 6 6 6 6 5 5 5 5 4 3 3 3 3 3 3 2 2 1 1 1 1 1 1 1 1 1 1 1 
52 51 47 44 42 34 32 30 29 25 25 23 21 21 17 16 16 16 16 16 14 14 14 13 13 12 12 12 12 10 10 10 9 9 8 6 5 5 5 5 5 4 4 4 3 3 3 3 3 2 2 1 1 1 1 1 1 1 1 
52 49 47 39 39 31 30 28 28 25 24 21 21 18 17 16 16 16 16 15 14 14 14 13 13 12 11 11 10 10 10 10 8 8 8 6 5 5 5 5 5 4 4 4 3 3 3 2 2 2 2 1 1 1 1 
51 49 45 39 38 31 30 28 27 25 23 21 21 16 16 16 16 16 16 15 14 13 13 13 13 12 11 10 10 10 9 9 8 6 6 6 5 4 4 4 4 4 4 3 3 3 3 2 1 1 1 1 1 1 
49 45 41 38 38 31 30 28 27 24 21 21 19 16 16 16 16 16 15 13 12 11 11 11 11 11 10 10 9 9 9 7 7 6 5 5 5 4 4 4 3 3 3 3 3 3 2 2 1 1 1 1 1 1 
44 43 41 38 37 31 30 28 26 24 21 20 19 16 16 16 16 15 13 13 12 11 11 11 10 10 10 10 9 9 9 7 6 5 5 4 4 4 4 4 3 3 3 3 3 3 2 2 1 1 1 1 1 1 
44 43 41 37 35 31 30 27 26 22 21 20 17 16 16 15 15 15 13 13 12 11 11 11 10 10 9 9 9 8 8 7 6 5 5 4 4 4 4 3 3 3 3 2 1 1 1 1 1 1 1 
42 42 33 33 32 31 27 26 24 22 20 19 17 16 16 15 15 15 12 12 12 11 10 9 9 9 9 9 8 8 6 6 5 4 4 4 3 3 3 3 3 3 3 1 1 1 1 1 1 1 1 
42 42 32 32 29 29 27 26 24 21 20 19 17 16 16 15 14 14 12 12 12 11 10 9 9 9 8 8 8 7 6 6 4 4 3 3 3 3 3 3 3 2 2 1 1 1 1 1 1 1 1 
42 41 32 29 29 29 27 26 24 21 19 17 17 16 16 14 14 13 12 12 11 9 9 9 9 9 8 8 6 6 5 5 4 3 3 3 3 3 2 2 2 1 1 1 1 1 1 1 1 
42 41 32 29 28 28 25 25 21 20 17 17 16 16 15 14 14 13 11 11 11 9 9 9 8 8 8 6 6 5 4 4 4 3 3 3 3 2 2 2 1 1 1 1 1 1 1 1 
42 41 30 29 28 28 25 24 20 19 17 17 16 14 14 14 13 11 11 11 11 9 9 9 8 7 7 6 6 5 4 4 4 3 3 3 2 2 2 2 1 1 1 
42 40 28 28 28 27 25 21 19 18 17 16 16 14 14 14 13 11 11 11 10 9 9 8 8 6 6 6 4 4 4 4 4 3 2 2 2 2 2 1 1 1 1 
42 40 27 27 27 24 23 19 18 15 14 14 14 14 14 13 13 11 11 10 10 9 8 8 6 6 6 5 4 4 4 4 3 3 2 2 2 2 2 1 1 1 1 
42 40 27 27 27 23 21 19 15 15 14 14 13 13 12 12 11 11 11 10 9 8 8 6 6 6 5 5 4 4 3 3 3 2 2 2 2 2 1 1 1 
42 36 27 27 25 23 21 18 14 14 14 14 13 13 12 12 11 11 11 9 9 7 7 6 6 5 5 4 4 3 3 3 3 2 2 2 2 1 1 1 
41 34 27 27 25 21 20 18 14 14 14 14 13 13 12 12 11 10 9 9 7 7 7 6 4 4 4 3 3 3 3 3 3 2 2 2 2 1 
40 33 27 27 24 21 19 18 14 14 14 12 12 12 12 12 11 9 8 8 7 6 6 6 4 4 4 3 3 3 3 3 2 2 2 2 1 
39 33 27 27 24 21 19 17 14 14 13 12 12 12 12 11 11 8 8 8 6 6 6 5 4 3 3 3 3 3 3 3 2 2 1 1 
36 31 27 27 23 21 19 16 14 14 13 12 12 12 11 11 10 8 7 7 6 6 5 5 3 3 3 3 3 2 2 1 1 1 1 1 
34 31 27 27 22 18 18 16 14 14 13 12 12 12 11 11 10 7 7 7 6 6 4 3 3 3 3 2 2 2 2 1 1 1 1 
33 31 27 26 22 18 17 16 14 14 12 12 12 12 11 10 9 7 7 7 6 6 3 3 3 3 3 2 2 2 2 1 1 1 
32 29 27 23 21 18 17 16 14 14 12 12 11 11 11 10 7 7 7 6 5 4 3 3 3 3 3 2 2 1 1 1 1 
32 29 27 21 19 18 17 15 14 14 12 11 11 10 10 10 7 7 6 5 4 3 3 3 3 2 2 2 1 1 1 1 
31 29 26 19 16 16 16 15 14 14 12 11 11 10 9 9 7 7 5 5 4 3 3 3 3 2 2 2 1 1 1 1 
31 29 26 19 16 16 16 14 14 14 12 11 11 10 9 9 7 6 5 4 4 3 3 3 3 2 2 2 1 1 1 1 
30 29 26 19 16 16 16 14 14 14 12 11 9 9 9 8 7 6 5 4 3 3 3 3 3 2 2 1 1 1 
30 29 26 18 16 16 14 14 14 14 12 11 9 8 8 8 7 6 4 4 3 3 3 3 3 2 1 1 1 1 
29 27 24 17 16 15 14 14 12 12 11 11 9 8 8 7 7 6 4 4 3 3 3 3 2 2 1 1 1 1 
29 26 24 17 16 15 14 14 11 11 11 11 9 7 7 6 6 5 4 3 3 3 2 2 2 2 1 1 1 
29 26 24 17 16 15 14 13 11 11 11 11 9 6 6 5 5 5 4 3 3 3 2 2 2 2 1 1 
29 24 24 17 16 15 14 13 11 11 11 11 9 6 5 5 4 4 3 3 3 3 2 2 2 2 1 1 
29 24 23 17 16 15 13 13 11 11 11 10 9 6 5 5 4 4 3 2 2 2 2 1 1 1 1 
29 23 23 17 16 15 13 13 11 11 10 9 7 6 5 5 4 4 3 2 2 2 2 1 1 1 1 
29 23 22 17 14 13 13 11 11 8 8 8 7 6 5 5 4 3 3 2 2 2 1 1 1 1 1 
27 21 21 16 13 12 12 11 11 8 8 7 5 5 5 4 4 2 2 2 2 1 1 1 
27 21 19 16 12 12 12 11 11 8 8 7 5 5 5 4 4 2 2 2 2 1 1 1 
26 20 19 16 12 12 12 11 11 8 7 7 5 5 4 4 3 2 2 2 1 1 1 1 
26 20 18 14 12 12 12 11 11 8 7 7 5 5 4 3 3 2 2 1 1 1 1 1 
26 20 18 14 12 12 12 11 10 8 7 7 5 5 3 3 3 1 1 1 1 1 1 1 
24 19 16 14 12 12 10 10 10 8 6 5 5 5 2 2 2 1 1 1 1 
24 17 16 14 12 11 10 10 9 8 5 5 5 4 2 2 2 1 1 1 1 
21 17 15 14 11 11 10 8 7 5 5 5 5 3 2 2 2 1 1 1 1 
21 16 15 11 11 9 9 8 7 5 5 5 5 3 2 2 2 1 1 1 1 
21 16 15 11 10 9 9 8 5 5 5 5 3 2 2 2 2 1 1 1 1 
19 14 13 11 9 9 8 6 5 5 5 5 3 2 2 2 2 1 1 1 
19 13 13 11 8 8 8 6 5 5 5 5 3 2 2 2 2 1 1 
18 13 13 10 8 8 8 6 5 5 5 4 3 2 2 2 2 1 1 
18 13 11 10 8 8 8 6 5 5 5 4 2 2 2 2 
18 11 11 10 8 8 8 5 5 5 4 4 2 2 2 1 
17 11 11 10 8 8 8 5 5 5 4 3 2 2 2 1 
17 11 11 9 8 8 8 5 5 4 4 3 2 1 1 
17 11 10 9 8 8 8 5 5 4 4 3 2 1 1 
16 11 10 8 8 8 8 5 5 4 4 3 2 1 1 
15 11 10 8 8 7 7 5 5 4 4 2 2 1 1 
15 11 10 8 8 7 7 4 4 4 3 2 1 1 1 
14 11 10 8 8 6 6 4 3 3 3 2 1 1 1 
14 11 9 8 8 6 6 4 3 3 3 2 1 
14 11 9 8 7 6 5 4 3 3 2 
14 11 9 8 7 6 5 4 3 2 2 
14 11 9 7 7 6 5 4 3 1 1 
12 11 8 7 6 6 5 3 2 1 1 
10 10 8 6 6 6 5 2 2 1 
10 9 8 6 6 6 4 2 2 1 
10 9 8 6 6 5 3 2 2 1 
10 9 8 6 6 5 3 2 2 1 
10 9 7 6 6 5 3 2 1 
10 9 7 6 6 3 3 2 
10 9 7 6 6 3 3 2 
9 9 6 6 6 3 3 1 
9 9 6 6 4 3 2 1 
9 8 6 6 4 2 1 
9 7 6 6 3 2 1 
9 7 6 5 3 2 
9 7 6 5 3 2 
8 7 6 4 3 2 
8 7 5 3 3 2 
8 7 5 3 3 2 
8 7 4 3 3 2 
8 7 4 3 3 2 
8 7 4 3 3 2 
8 7 3 3 2 2 
7 5 3 3 2 2 
7 5 3 3 2 1 
7 5 3 3 2 1 
5 4 3 3 2 1 
5 4 3 3 2 1 
4 4 3 2 2 1 
4 4 2 2 1 1 
4 4 2 1 1 1 
4 4 2 1 1 1 
4 4 2 1 1 1 
4 4 2 1 1 1 
4 4 2 1 1 1 
4 4 2 1 1 1 
4 4 2 1 1 1 
4 4 2 1 1 1 
4 3 2 1 1 
4 3 2 1 
4 3 1 1 
4 3 1 1 
4 2 1 1 
4 2 1 1 
4 2 1 
4 2 1 
3 1 1 
2 1 1 
2 1 1 
1 1 1 
1 1 
1 1 
1 
1 
1 
1 
1 
1 
1 
1 
