162 155 136 128 119 119 111 110 109 108 107 104 104 103 103 101 94 89 87 82 82 82 79 71 71 70 70 67 66 65 63 62 55 54 53 49 48 48 47 47 47 47 43 43 43 42 41 41 41 41 41 39 37 37 37 36 36 36 32 32 31 30 30 29 29 29 29 27 26 26 26 25 25 25 25 24 23 22 22 22 22 21 21 21 20 20 20 20 18 18 17 16 16 16 16 16 16 13 13 13 13 12 12 12 12 12 12 12 12 12 12 12 11 11 11 11 11 11 11 9 9 9 8 6 6 6 6 6 6 6 5 5 4 4 3 3 3 2 2 2 2 2 2 2 2 2 2 2 2 2 2 2 2 2 2 2 2 2 2 2 2 2 2 1 
148 132 124 123 116 115 111 109 103 102 95 89 83 83 82 82 80 80 79 76 76 72 70 70 68 62 61 60 60 60 59 56 54 54 53 49 47 44 44 43 42 40 39 39 39 38 36 36 36 36 36 36 35 35 34 33 32 31 31 30 30 25 25 24 23 22 22 21 21 21 21 20 20 20 20 20 20 19 18 18 18 18 17 17 17 16 15 15 14 14 14 14 12 12 12 12 11 11 11 9 9 9 9 9 9 8 7 7 7 7 7 7 7 7 6 6 6 6 6 6 6 6 6 5 5 3 3 3 2 2 2 2 2 2 2 2 2 2 2 2 2 2 2 2 2 2 2 2 2 2 2 2 1 1 
143 118 115 107 105 105 105 105 103 96 93 88 83 79 76 76 75 75 73 72 72 71 69 65 61 61 58 56 56 56 49 48 48 48 48 48 42 42 39 39 39 39 39 39 38 37 36 35 35 35 35 32 31 30 30 29 27 26 26 23 23 22 22 22 22 21 21 20 20 20 19 19 18 18 18 18 18 17 17 17 15 15 15 15 15 12 12 12 12 12 12 10 10 10 10 10 10 10 9 9 7 7 7 7 7 7 7 7 7 7 6 6 6 6 6 6 6 6 5 4 4 4 4 4 2 2 2 2 2 2 2 2 2 2 2 2 2 2 2 2 2 2 2 2 2 2 1 1 1 1 1 
134 116 113 107 101 101 96 96 95 92 90 88 81 77 76 75 67 67 65 64 63 62 61 59 59 56 55 53 51 50 49 48 48 45 45 44 42 40 39 38 38 38 38 37 36 33 33 32 32 32 32 30 30 30 27 26 26 24 24 22 22 21 21 21 20 20 19 19 19 19 19 19 18 18 17 17 17 17 16 15 14 13 13 13 13 12 12 12 12 12 12 10 10 10 10 10 10 8 7 6 6 6 6 6 5 5 5 5 5 5 5 5 5 5 5 4 4 3 3 3 3 3 2 2 2 2 2 2 2 2 2 2 2 2 2 2 2 2 2 1 1 1 1 
132 116 111 105 101 98 92 92 91 91 88 83 77 75 73 73 67 65 65 62 61 59 59 59 53 50 50 50 49 49 48 47 46 45 44 43 41 37 33 31 31 31 31 31 31 30 30 30 30 27 26 25 25 24 24 23 23 23 23 22 22 20 20 19 19 19 19 19 19 18 18 17 17 16 16 16 15 15 14 13 12 12 12 12 11 8 8 8 8 8 8 8 6 6 6 6 5 5 5 5 5 4 4 4 4 4 4 4 4 4 4 4 4 4 3 2 2 2 2 2 2 2 2 2 2 2 2 2 2 2 2 2 2 1 1 1 1 1 
127 114 105 105 99 97 92 89 89 86 84 80 77 71 68 67 66 65 61 56 55 54 52 52 52 48 48 47 47 46 45 44 41 41 37 36 36 35 31 31 31 31 30 28 28 28 28 28 27 24 24 24 24 24 24 23 23 23 20 20 20 20 19 19 19 19 19 19 17 16 16 16 16 16 15 15 15 12 12 9 9 8 8 8 7 7 7 7 7 7 6 6 6 5 4 4 4 4 4 4 4 4 4 4 4 4 4 4 3 3 3 3 3 3 3 2 2 2 2 1 1 1 1 1 1 1 1 1 1 1 1 1 1 1 1 1 
122 107 105 99 85 82 81 79 78 78 75 75 73 68 64 64 63 63 58 56 55 53 51 51 50 48 46 45 45 44 42 37 37 33 33 30 30 30 30 30 28 28 26 23 23 23 23 23 23 23 22 22 22 22 22 22 22 22 20 20 19 19 16 15 15 15 14 14 14 14 12 12 12 11 11 11 11 11 11 9 9 8 8 8 7 7 7 6 5 5 5 5 5 5 4 4 4 4 4 4 4 4 3 3 3 3 3 3 2 2 2 2 2 2 2 2 2 2 1 1 1 1 1 1 1 1 1 
122 101 98 93 81 81 79 78 78 75 73 73 72 65 64 62 62 62 58 55 53 52 50 50 44 44 43 41 39 38 36 34 32 30 30 30 30 30 26 26 26 26 24 23 23 23 23 23 23 22 22 22 22 21 21 20 20 18 18 18 18 17 15 15 13 12 12 12 12 12 12 11 11 11 11 11 10 9 9 9 8 8 8 6 6 4 4 4 4 4 4 4 4 4 4 4 4 4 3 3 3 3 3 3 3 2 2 2 2 2 2 2 2 1 1 1 1 1 1 1 1 
121 99 98 85 80 80 78 78 77 75 73 72 69 64 64 62 60 60 57 55 52 49 48 47 43 41 38 38 38 38 36 32 31 30 30 28 28 27 26 26 26 26 24 23 23 23 23 23 23 21 21 19 19 19 19 19 19 18 18 18 17 16 15 15 13 12 12 12 12 12 11 11 11 11 10 10 7 7 7 7 7 7 5 5 5 4 4 4 4 4 4 4 4 4 4 4 4 3 3 3 3 2 2 2 2 2 2 1 1 1 1 1 1 1 1 1 1 
120 98 97 85 76 76 76 76 74 73 72 68 67 64 63 61 59 58 56 54 49 47 47 42 42 39 38 38 36 36 36 31 31 27 26 26 26 26 26 25 24 24 24 23 23 23 23 22 22 19 19 19 19 18 18 18 18 18 17 17 16 16 15 11 11 11 11 11 11 11 11 11 10 8 8 8 7 7 6 6 6 6 5 5 5 4 4 4 4 3 3 3 3 3 1 1 1 1 1 1 1 1 1 1 
118 97 94 85 76 75 74 74 70 70 70 67 65 64 60 59 58 57 54 53 49 43 42 42 40 37 37 34 33 32 32 31 29 27 26 26 25 25 25 25 24 24 24 23 23 23 23 20 20 18 18 18 18 18 18 18 16 16 15 15 15 14 14 11 10 10 10 10 10 10 9 9 8 8 8 8 7 7 6 5 5 4 4 4 4 4 4 4 4 3 2 1 1 1 1 1 1 1 1 1 1 1 1 
105 92 90 85 76 75 74 72 70 69 69 66 65 62 60 55 54 54 52 50 44 43 42 41 38 37 34 32 32 31 29 29 27 26 26 26 25 25 25 25 23 22 22 22 22 22 21 20 19 18 18 18 18 16 15 15 15 15 14 14 12 12 11 10 10 10 9 8 8 8 8 8 7 7 7 7 7 6 5 5 5 4 4 4 4 4 4 4 4 3 2 1 1 1 1 1 1 1 
102 90 87 83 76 74 73 70 70 68 68 65 61 60 59 55 53 51 51 48 43 42 41 39 36 35 32 32 30 30 28 27 25 25 25 25 24 24 22 22 19 18 18 17 17 17 17 16 16 15 15 14 14 14 12 12 11 9 9 9 9 9 9 9 9 9 9 8 8 7 7 7 7 7 7 6 6 6 5 5 5 4 4 4 3 3 3 3 3 3 2 1 1 1 1 1 
98 82 81 81 75 73 72 70 64 63 62 60 57 55 55 53 52 49 46 46 42 41 40 39 34 32 32 30 27 26 25 25 25 24 24 24 21 21 21 18 16 15 15 15 15 14 14 14 14 14 14 14 14 14 11 11 10 9 9 9 9 9 9 8 8 8 8 8 7 7 7 7 6 6 6 6 6 5 4 4 4 3 1 1 1 1 1 
96 80 79 79 72 61 58 57 57 57 56 56 54 53 52 50 50 47 46 45 40 40 36 34 31 30 29 29 26 26 25 22 22 22 21 20 19 19 19 17 16 15 14 14 14 14 14 14 14 14 14 14 14 13 11 9 9 9 9 8 8 8 8 8 8 7 7 7 7 7 6 6 6 6 5 5 3 2 2 2 2 2 1 1 1 1 
92 80 79 77 72 61 58 57 55 55 55 54 53 52 52 48 47 47 45 43 40 36 34 34 31 29 29 29 26 24 24 22 22 22 17 17 17 17 17 17 15 14 14 14 14 14 14 14 14 14 13 12 11 11 11 9 8 8 8 8 8 8 7 7 7 7 7 7 5 5 5 4 4 4 4 4 2 2 2 1 1 1 
86 79 79 77 71 58 57 57 53 53 53 51 51 49 47 47 47 45 45 41 38 35 34 32 31 29 27 27 26 23 22 21 19 19 17 17 17 16 16 16 15 14 14 14 14 14 14 14 14 12 12 12 11 10 10 9 8 8 8 8 7 7 7 7 7 4 4 4 4 4 4 4 4 4 4 3 2 2 2 1 1 1 
86 79 76 71 71 57 56 56 52 51 51 51 49 47 47 47 44 43 42 38 32 31 30 28 26 26 25 25 23 22 20 19 18 18 17 17 16 15 15 15 14 14 14 14 14 14 13 12 12 12 11 10 10 9 9 8 8 8 7 7 7 7 7 7 5 4 4 4 4 4 4 4 4 4 4 3 1 1 1 
85 79 76 71 67 57 56 55 52 51 49 48 47 47 46 44 43 41 40 36 27 26 26 26 26 26 25 23 23 21 20 19 17 17 17 17 16 15 15 15 14 14 14 14 14 14 13 12 12 12 11 10 9 9 9 8 8 8 7 7 7 7 7 5 4 4 4 4 4 4 4 3 3 3 3 3 1 
85 78 73 71 62 56 55 54 51 49 45 45 45 45 45 44 34 33 32 32 27 26 26 26 26 25 24 23 23 21 18 16 16 16 16 16 16 15 14 14 13 13 13 13 12 12 12 11 10 10 10 10 9 8 7 7 6 6 6 6 6 6 6 5 4 4 4 4 4 4 4 3 2 2 2 2 
80 70 69 69 58 56 53 53 50 47 45 44 44 38 37 37 32 31 31 31 26 26 26 24 23 23 22 22 21 20 17 16 16 16 16 16 15 15 14 14 11 11 11 11 11 11 11 10 8 8 8 8 8 7 7 7 6 6 6 6 5 5 5 4 4 4 4 4 4 4 3 3 2 2 2 2 
77 70 67 64 53 53 52 50 50 45 45 43 41 37 37 36 32 31 31 31 26 26 25 23 22 20 19 19 19 19 17 16 16 16 16 15 15 14 14 13 11 11 11 11 10 10 10 7 7 7 7 7 6 6 6 6 6 5 5 5 5 5 5 4 4 4 3 3 3 2 2 2 1 1 1 1 
76 70 66 61 51 50 50 50 47 44 44 41 40 37 37 35 32 31 31 28 25 25 24 22 20 19 19 19 19 19 17 16 16 16 15 15 15 13 13 12 11 11 11 11 10 8 8 7 7 7 7 7 6 6 6 6 6 5 4 4 2 2 2 2 2 2 1 1 1 1 1 1 1 1 1 1 
75 69 66 59 51 50 49 49 47 44 44 40 39 37 37 34 32 31 30 27 24 23 22 22 20 19 19 19 19 17 17 16 16 15 15 15 13 13 11 11 11 11 10 9 7 7 7 7 7 7 7 7 6 6 4 4 4 4 4 4 2 2 2 1 1 1 1 1 1 1 1 1 1 1 
73 58 57 57 50 49 48 48 45 44 44 40 39 37 36 33 32 30 25 24 24 23 22 21 19 19 18 18 18 16 15 15 15 14 14 14 13 12 11 11 11 11 8 7 7 7 7 7 7 7 7 7 5 5 4 4 4 4 4 3 2 2 1 1 1 1 1 1 1 1 1 1 1 
72 58 57 57 50 49 47 47 45 44 44 40 39 37 35 32 30 29 24 24 24 21 21 21 19 18 18 18 16 16 15 15 15 14 14 14 13 12 11 11 11 10 8 7 7 7 7 7 6 6 6 6 5 5 4 4 4 4 4 3 2 2 1 1 1 1 1 1 1 1 1 1 1 
67 57 57 54 50 48 47 47 45 44 42 39 37 36 35 32 28 27 23 23 23 21 21 19 19 18 18 18 16 16 15 15 15 14 14 12 12 11 10 10 10 9 7 7 7 7 7 7 6 6 5 5 4 4 4 4 3 3 3 2 2 2 1 1 1 1 1 1 
66 57 56 54 50 47 47 45 43 43 42 39 37 34 33 32 28 27 23 23 23 21 20 19 18 18 18 18 16 15 15 15 15 13 11 11 10 10 10 9 9 8 7 7 7 7 7 5 4 4 3 3 3 3 3 3 3 3 2 2 2 2 1 1 1 1 
61 53 53 53 50 47 47 45 43 42 41 38 34 33 29 28 28 24 23 23 21 20 20 19 18 17 17 17 15 15 15 14 14 11 11 10 10 10 9 9 8 8 7 7 7 6 3 3 3 3 3 3 3 3 3 3 3 3 2 2 2 1 1 1 
57 53 53 51 50 47 45 44 43 41 39 37 33 33 27 26 24 23 23 21 20 20 19 19 18 17 17 17 15 13 13 12 12 11 11 10 10 9 9 9 8 8 6 6 6 5 3 3 3 3 3 3 3 3 3 3 3 3 2 1 1 1 1 1 
56 53 50 50 49 47 45 44 42 36 36 31 31 27 25 25 23 22 22 20 20 20 19 18 18 17 16 15 14 13 12 12 11 11 10 10 9 9 9 8 6 6 6 6 5 5 3 3 3 3 3 3 3 3 3 3 3 2 2 1 1 1 1 1 
55 53 50 49 48 47 45 42 41 35 35 30 29 25 24 24 23 21 21 19 19 19 19 18 17 17 16 14 14 13 12 12 10 10 10 10 9 8 7 7 6 6 6 6 3 3 3 3 3 3 3 3 3 3 3 2 2 2 2 1 1 1 1 1 
55 51 49 49 47 46 41 40 38 35 31 28 27 24 24 24 23 21 21 19 19 19 19 18 17 14 14 13 13 10 10 10 10 10 10 9 8 8 6 6 6 6 6 6 3 3 3 3 3 2 2 2 2 2 2 2 2 1 1 1 1 1 1 1 
53 50 49 49 45 44 41 40 38 34 28 28 25 23 22 22 22 21 20 19 19 19 18 16 16 14 14 13 13 10 10 10 10 10 8 8 8 8 6 6 6 6 4 3 3 3 3 2 2 2 2 2 2 2 1 1 1 1 1 1 1 1 1 
53 49 45 44 44 43 40 40 38 32 26 24 24 23 22 22 22 21 20 19 19 18 16 16 14 13 13 13 12 10 10 10 9 9 8 8 8 8 6 6 6 6 3 3 3 3 3 2 2 2 2 2 1 1 1 1 1 1 1 1 1 
52 47 45 44 43 41 40 38 37 31 26 24 23 23 22 21 21 21 20 19 18 17 16 15 13 13 13 13 11 10 10 9 9 7 6 6 6 6 6 6 6 5 3 3 3 3 3 2 2 2 2 1 1 1 1 1 1 1 1 1 1 
51 44 44 43 42 38 38 37 35 31 26 23 22 22 22 20 20 20 19 17 17 17 16 15 13 13 12 11 10 10 9 8 8 6 6 6 6 6 5 5 5 5 3 3 3 3 2 2 2 2 1 1 1 1 1 1 1 1 
51 42 42 42 41 37 37 35 35 30 26 22 22 22 21 20 19 17 17 17 17 16 15 13 13 10 9 9 8 8 8 8 8 6 6 4 4 4 4 4 4 4 3 3 3 3 2 2 1 1 1 1 1 1 1 1 1 
50 42 42 39 39 37 34 31 30 28 24 22 22 22 21 19 19 17 17 16 16 16 14 13 13 10 9 9 8 8 8 7 7 6 6 4 4 4 4 4 4 4 3 3 3 3 2 2 1 1 1 1 1 1 
50 42 42 39 39 34 34 30 28 27 24 22 21 21 20 18 17 17 17 15 15 14 13 13 11 8 8 8 8 7 7 7 7 6 6 4 4 4 4 4 4 4 3 3 3 3 2 2 1 1 1 1 
49 42 41 39 37 34 34 30 26 24 23 21 21 19 17 17 17 16 16 15 14 13 13 13 11 8 8 8 8 7 7 6 6 6 4 4 4 4 4 4 4 4 3 2 2 2 2 2 1 
48 41 40 39 36 34 31 28 24 24 22 20 20 19 16 16 16 16 16 14 14 13 13 11 11 8 8 8 7 7 6 6 6 5 4 4 4 4 4 4 3 3 3 2 2 2 2 2 1 
47 40 38 38 36 32 30 28 24 24 22 20 18 17 16 16 16 16 14 12 12 12 12 11 10 8 8 8 7 7 6 6 6 5 4 4 4 4 4 4 3 3 3 2 2 2 2 1 
47 40 38 38 36 32 29 28 24 24 22 20 18 17 16 16 16 16 14 12 12 12 11 10 8 8 7 7 7 6 6 6 6 5 4 4 4 4 4 3 3 2 2 2 2 
44 40 38 35 35 32 29 24 24 22 20 20 16 16 16 15 14 14 14 12 12 12 11 8 8 7 7 6 6 6 6 6 6 5 4 4 4 4 4 3 3 2 1 1 
43 40 38 35 34 32 28 24 23 21 20 17 16 16 15 15 14 14 12 11 11 10 8 8 7 7 6 6 6 6 6 5 5 5 4 4 4 4 3 3 2 2 1 
43 40 38 35 30 30 28 24 22 21 19 17 16 16 15 15 14 13 10 9 9 8 8 7 7 7 6 6 6 6 6 5 5 5 4 4 4 4 3 2 1 1 1 
43 38 36 35 30 28 28 24 22 21 18 17 15 15 15 15 13 13 9 8 8 8 8 7 7 7 6 6 6 6 6 5 5 4 4 4 3 3 2 1 1 1 
42 38 35 34 30 27 25 24 21 21 18 15 15 15 13 13 13 13 8 8 8 8 7 7 7 7 6 6 6 6 5 5 5 4 4 3 3 2 1 1 1 1 
41 35 33 33 28 27 24 24 20 20 17 15 15 15 13 13 13 9 8 8 8 8 7 7 7 7 6 6 6 6 5 5 5 3 3 3 2 1 1 1 1 1 
40 31 31 31 27 26 24 24 20 19 17 15 15 14 13 13 12 9 8 8 8 8 7 7 7 7 6 6 5 5 5 4 4 2 2 2 2 1 1 1 
39 31 31 31 26 25 24 23 19 18 15 15 15 12 12 12 11 9 8 8 7 7 7 7 7 7 6 6 5 5 4 4 3 2 2 2 2 
39 31 31 31 26 25 23 22 19 18 15 15 12 12 12 10 10 9 8 7 7 7 7 7 7 7 6 5 3 3 3 3 3 2 2 2 1 
39 31 31 31 26 25 23 22 19 18 15 15 12 12 10 10 8 8 8 7 7 7 7 7 7 7 6 4 3 3 3 3 3 2 2 2 1 
39 31 31 29 26 22 22 21 19 18 15 15 12 11 10 10 8 7 7 7 7 7 7 7 7 6 6 3 3 3 3 3 2 2 2 2 
37 31 31 28 25 22 22 20 15 15 14 14 11 11 10 9 8 7 7 7 7 7 7 7 7 6 5 3 3 3 3 3 2 2 2 2 
37 31 28 28 25 22 21 19 14 14 12 11 11 11 9 8 7 7 7 7 7 7 6 6 6 6 5 3 3 3 3 3 2 2 1 1 
31 30 28 27 25 22 19 18 14 14 12 11 11 10 9 8 7 7 7 7 7 7 6 6 6 5 5 3 3 2 2 2 2 2 1 1 
31 30 28 26 25 22 19 18 14 12 12 10 10 10 9 8 7 7 7 7 6 6 5 5 4 4 4 3 3 2 2 2 2 
30 29 25 25 24 22 19 17 14 12 11 10 9 9 8 8 7 7 6 6 6 6 5 4 4 4 4 3 3 2 2 2 2 
30 26 25 23 23 20 18 15 14 12 11 10 8 8 7 7 7 7 6 6 6 4 4 4 4 3 3 3 2 2 2 2 2 
30 26 24 23 23 19 18 13 13 11 8 8 8 8 7 7 7 6 6 6 5 4 4 4 4 3 3 3 2 2 2 2 
26 26 24 23 23 19 18 13 12 11 8 8 8 7 7 7 6 6 5 5 5 4 4 3 3 3 3 2 2 1 1 1 
26 24 24 23 20 19 18 13 12 10 8 8 8 7 7 7 6 6 5 5 5 4 4 3 3 2 2 1 1 1 1 1 
26 24 24 23 20 19 16 13 12 10 8 8 8 7 7 7 6 5 5 5 5 4 3 3 3 2 2 1 1 1 1 1 
25 24 23 21 20 17 16 13 11 9 8 8 7 7 7 5 5 5 5 5 4 4 3 3 3 2 2 1 1 1 1 1 
24 23 20 20 18 16 15 8 8 8 8 7 7 7 7 5 5 5 4 4 4 3 3 3 2 2 2 1 1 1 1 1 
23 23 20 19 16 15 13 8 8 8 8 7 7 6 6 5 5 5 4 4 4 3 3 3 2 1 1 1 1 1 1 1 
23 23 19 19 16 14 13 8 8 8 8 7 6 5 5 5 5 4 4 4 4 3 3 3 2 1 1 1 1 1 1 1 
23 23 19 19 15 13 12 8 8 7 7 7 6 5 5 5 5 4 4 4 3 3 3 2 2 1 1 1 1 1 1 
23 23 19 18 14 13 12 8 8 7 7 6 6 5 5 5 5 4 4 3 3 3 2 2 1 1 1 1 1 1 1 
23 23 19 18 13 13 12 8 7 7 7 6 5 5 5 5 3 3 3 3 3 1 1 1 1 1 1 1 1 1 
23 23 19 18 13 12 11 8 7 6 6 5 5 4 4 4 3 3 3 3 3 1 1 1 1 1 1 1 1 1 
23 23 18 17 13 12 11 8 7 6 6 5 3 3 3 3 3 3 3 3 3 1 1 1 1 1 1 1 1 
23 21 18 17 13 12 11 8 7 6 5 5 3 3 3 3 3 3 3 2 1 1 1 1 1 1 1 1 
23 20 18 17 13 12 11 8 7 6 5 5 3 3 3 3 3 3 2 1 1 1 1 1 1 1 1 1 
23 18 17 15 13 12 11 8 5 5 5 5 3 3 3 3 3 3 1 1 1 1 1 1 1 1 1 1 
22 18 17 15 13 10 10 5 5 5 5 5 3 3 3 3 2 2 1 1 1 1 1 1 1 1 1 1 
22 18 17 14 11 10 9 5 5 5 5 4 3 3 3 3 2 2 1 1 1 1 1 1 1 1 
19 18 15 14 11 10 9 5 5 5 5 4 3 3 3 3 2 2 1 1 1 1 1 1 
18 15 14 13 9 9 8 5 5 5 5 4 3 3 2 2 2 2 1 1 1 1 1 1 
18 13 13 12 9 9 7 5 5 5 5 4 3 3 2 2 2 1 1 1 1 1 
14 13 12 11 9 9 7 5 5 5 3 3 3 3 2 2 1 1 1 1 1 1 
13 12 12 11 9 9 7 5 5 4 3 3 3 2 2 2 1 1 1 1 
12 11 11 11 9 8 7 5 5 3 3 3 3 2 1 1 1 1 1 1 
12 11 11 9 9 8 7 5 5 3 2 2 2 2 1 1 1 1 1 1 
11 11 11 9 8 8 7 5 5 2 2 2 2 2 1 1 1 1 1 1 
11 11 11 9 8 8 7 5 5 2 2 2 2 1 1 1 1 1 1 
11 11 11 9 8 7 6 5 4 2 2 2 2 1 1 1 1 1 1 
11 11 11 7 7 7 5 4 4 2 2 2 1 1 1 1 1 1 
11 11 9 7 7 6 5 4 3 2 2 2 1 1 1 1 1 1 
11 10 9 7 7 6 5 4 3 2 2 1 1 1 1 
11 10 9 7 7 6 5 4 3 2 2 1 1 1 
11 9 9 7 7 6 3 3 3 2 1 1 1 1 
10 9 9 7 7 5 3 2 2 2 1 1 1 1 
10 9 9 7 7 5 2 2 2 2 1 1 1 1 
10 9 9 7 7 5 2 2 1 1 1 1 1 1 
10 9 9 7 6 5 2 2 1 1 1 1 1 
9 9 9 7 6 5 2 2 1 1 1 1 1 
9 9 9 7 6 5 2 1 1 1 1 1 1 
9 9 8 7 6 4 2 1 1 1 1 1 1 
9 9 8 6 5 4 2 1 1 1 1 1 1 
9 9 6 6 5 4 2 1 1 1 1 1 1 
9 9 6 5 5 3 1 1 1 1 1 1 1 
9 8 6 5 5 3 1 1 1 1 1 1 
8 8 6 5 2 2 1 1 1 1 1 1 
8 8 5 5 2 2 1 1 1 1 1 
8 8 5 5 2 2 1 1 1 1 1 
8 8 5 5 2 2 1 1 1 1 1 
8 8 5 5 2 2 1 1 1 1 1 
8 8 4 4 2 2 1 1 1 1 1 
8 8 4 2 2 2 1 1 1 1 1 
8 7 4 2 2 2 1 1 1 1 1 
8 7 4 2 2 2 1 1 1 1 
8 6 4 2 2 2 1 1 1 
8 6 4 2 2 2 1 1 
8 6 4 2 2 2 1 1 
8 6 4 2 2 2 1 1 
8 6 4 2 2 2 1 1 
6 6 4 2 1 1 
6 6 4 2 1 1 
6 6 4 2 1 1 
6 6 2 1 1 1 
6 6 1 1 1 1 
6 6 1 1 1 1 
6 6 1 1 1 1 
6 5 1 1 1 1 
6 5 1 1 1 1 
6 5 1 1 1 1 
5 5 1 1 1 1 
5 5 1 1 
5 4 1 1 
5 3 1 1 
5 3 1 
5 2 1 
5 2 1 
5 2 1 
5 2 1 
5 2 1 
4 2 1 
4 1 1 
4 1 1 
4 1 
4 1 
4 1 
4 1 
3 1 
3 1 
1 1 
1 1 
1 1 
1 1 
1 1 
1 1 
1 1 
1 1 
1 1 
1 
1 
1 
1 
1 
1 
1 
