166 143 142 140 132 119 110 106 105 103 93 91 87 84 83 82 82 82 81 81 77 77 74 74 74 72 72 71 71 67 67 67 64 59 55 55 54 54 50 49 48 48 46 46 46 44 44 44 44 44 43 43 41 40 40 40 38 35 32 32 31 31 30 29 29 29 28 28 28 28 28 25 25 23 22 21 21 21 19 18 18 18 18 18 17 17 16 16 16 16 14 14 14 13 13 13 13 12 12 12 12 11 11 11 11 11 11 10 10 10 10 8 8 8 8 8 8 7 7 6 6 6 5 3 3 3 3 3 3 3 3 3 2 2 2 2 2 2 2 2 2 2 2 2 2 2 2 2 2 2 2 2 2 2 2 2 2 2 1 1 1 1 
152 143 136 135 131 113 104 100 99 88 85 85 84 83 82 82 80 80 80 78 77 74 71 66 64 63 61 61 60 58 55 54 54 54 53 52 47 47 47 47 45 42 42 41 36 36 36 36 35 35 33 33 33 33 33 33 33 33 31 31 30 30 28 28 28 28 28 28 28 25 23 21 20 20 19 19 17 17 17 17 17 16 16 16 16 15 14 14 13 13 13 13 13 12 12 12 11 10 10 9 9 9 9 9 9 9 9 7 7 6 6 6 6 6 6 6 6 6 6 5 5 4 4 3 3 3 3 2 2 2 2 2 2 2 2 2 2 2 2 2 2 2 1 1 1 1 1 1 1 1 1 1 1 1 1 
122 117 115 112 110 107 101 95 94 88 85 85 83 82 82 81 80 79 77 74 72 68 66 60 60 60 59 59 58 54 54 52 52 52 51 50 47 43 43 43 41 41 40 38 36 35 35 35 35 35 32 31 31 30 30 30 30 30 29 29 29 28 28 27 26 25 25 24 21 21 21 20 20 19 17 17 17 17 17 16 15 14 14 13 13 13 12 11 11 11 11 11 11 11 10 10 10 10 10 9 8 8 8 8 8 8 7 7 6 6 6 5 5 5 5 5 5 5 5 5 5 4 4 3 3 3 3 2 2 2 2 2 2 2 2 2 2 1 1 1 1 1 1 1 1 1 1 1 1 1 1 
118 117 113 112 108 105 94 91 90 87 84 80 79 79 76 73 72 70 69 68 64 64 62 59 58 55 54 54 53 53 52 52 51 50 47 47 41 41 40 40 37 36 36 32 32 32 31 31 31 31 29 29 29 28 28 27 27 27 26 26 26 24 24 23 22 21 21 21 20 19 19 19 19 17 17 16 15 15 15 14 14 14 13 12 12 11 11 10 9 9 8 8 8 8 8 8 8 8 8 8 8 7 7 7 6 6 6 6 6 5 5 5 5 5 5 4 4 4 4 4 3 3 3 2 2 2 2 2 2 2 2 2 2 2 1 1 1 1 1 1 1 1 1 1 1 1 1 
109 109 109 107 105 97 93 90 90 86 80 80 78 78 76 72 69 69 68 66 64 59 58 56 56 54 53 53 51 51 50 48 47 47 46 43 41 39 39 39 37 36 32 31 31 31 30 30 30 30 29 27 27 26 26 26 26 26 24 23 23 22 22 22 22 21 20 19 19 19 18 15 14 13 12 12 12 10 10 10 10 10 10 10 10 9 9 8 8 8 8 8 8 8 7 7 7 7 7 7 7 7 6 5 5 5 4 4 4 4 4 4 4 4 4 4 4 3 3 3 3 2 2 2 2 2 2 2 1 1 1 1 1 1 1 1 1 1 1 
109 105 103 103 101 96 93 90 90 82 80 79 77 75 72 70 69 66 65 64 64 59 57 56 54 52 51 51 50 50 45 45 43 43 42 41 40 39 38 37 36 33 32 31 31 30 30 30 29 29 29 27 27 26 26 25 25 25 24 23 22 22 20 19 19 18 16 16 16 15 14 14 12 12 12 12 11 10 10 10 10 10 10 8 8 7 7 7 7 7 7 7 7 7 7 6 6 6 6 6 6 6 5 5 5 5 4 4 4 4 4 4 4 4 3 3 3 3 3 3 3 1 1 1 1 1 1 1 1 1 1 1 1 1 1 1 1 
100 99 99 99 98 94 85 85 84 82 79 77 71 70 69 69 68 64 56 56 55 53 53 52 52 49 49 49 46 46 44 44 42 42 42 39 39 38 37 37 33 33 31 31 30 30 28 28 26 26 24 24 24 24 23 22 22 22 21 21 20 19 18 18 18 16 16 16 15 15 14 12 12 11 11 11 10 10 10 10 9 8 8 8 8 7 7 7 7 7 6 6 6 6 5 4 4 4 4 4 3 3 3 3 3 2 1 1 1 1 1 1 1 1 1 1 1 1 1 1 1 
99 99 99 98 94 88 85 81 80 76 74 73 70 70 69 67 65 63 56 54 54 51 51 50 50 44 43 43 40 39 39 39 38 38 38 38 36 33 33 32 32 32 31 29 28 27 25 24 23 22 21 21 21 21 21 21 20 20 19 18 18 18 18 18 15 15 15 13 12 12 12 12 12 11 11 10 10 10 7 5 5 5 5 5 5 5 5 4 4 4 4 4 4 4 4 4 4 4 4 4 3 3 3 3 3 2 1 
99 99 97 97 94 86 85 81 80 75 73 69 69 63 63 62 62 60 55 54 51 49 49 49 45 43 42 42 39 39 39 39 38 38 37 35 35 33 32 32 32 31 27 26 26 22 22 22 21 21 21 21 21 20 20 20 20 18 18 18 17 17 15 13 13 13 12 12 12 12 12 11 11 11 11 10 7 6 5 5 5 5 5 5 5 5 4 4 4 4 4 4 4 4 4 4 4 3 3 3 3 3 2 1 
99 99 97 89 89 85 83 80 79 75 70 69 68 62 61 61 60 58 53 50 48 48 48 46 45 43 42 42 39 37 37 37 37 36 35 33 33 31 30 28 28 28 26 26 25 22 22 22 21 20 20 20 20 20 18 18 17 16 16 15 15 12 12 12 12 10 9 9 8 7 7 7 7 7 7 6 5 5 5 5 5 5 4 4 4 4 4 4 4 3 3 3 3 3 3 3 3 3 3 3 2 1 1 
99 99 97 88 85 83 79 76 76 70 69 69 65 61 61 59 59 52 51 49 48 47 47 46 45 43 41 38 37 34 34 34 33 33 33 33 31 30 29 28 28 27 23 23 23 22 22 20 20 20 20 20 17 17 16 15 15 15 15 14 12 12 12 11 10 9 9 9 7 7 7 7 7 7 4 4 4 4 4 4 4 4 4 4 4 4 4 4 4 3 3 3 3 3 3 2 2 2 2 2 1 1 1 
95 92 90 87 79 79 78 71 67 66 65 65 59 58 55 55 55 52 51 49 46 42 42 41 41 40 40 37 35 34 34 34 32 29 29 29 28 28 27 27 26 24 23 23 23 22 20 19 19 19 19 19 17 15 15 15 12 10 9 9 9 9 9 9 9 9 8 7 6 6 6 6 6 6 4 4 4 4 4 4 4 4 4 3 3 3 3 3 3 3 2 2 1 1 1 1 1 1 1 1 1 1 1 
95 92 83 81 79 79 72 69 67 65 64 63 59 57 54 53 50 50 49 40 40 40 38 38 38 38 38 34 32 31 31 29 29 29 28 26 26 24 24 24 22 22 22 22 21 19 19 19 19 18 17 17 17 15 14 14 9 9 9 9 9 9 8 8 7 7 7 6 6 6 6 5 5 5 4 4 4 4 4 4 2 2 2 2 2 2 2 2 2 2 2 1 1 1 1 1 1 1 1 
95 91 81 81 77 77 72 66 65 62 61 61 56 53 52 51 49 45 43 40 39 38 38 38 37 37 36 32 31 31 29 28 28 26 26 26 26 24 24 23 22 20 20 20 18 18 18 18 17 17 17 16 13 13 12 11 9 9 9 9 9 9 7 7 6 6 6 6 6 6 5 5 5 5 4 4 4 4 3 3 2 2 2 2 2 2 2 2 2 2 2 1 1 1 1 1 
93 91 81 81 75 72 71 63 63 62 59 58 53 53 48 45 45 45 42 40 38 38 38 37 37 36 34 31 31 31 29 27 27 26 25 24 24 23 22 20 19 19 19 18 18 18 18 16 15 11 11 11 11 11 11 11 9 9 8 8 8 7 7 7 6 6 6 4 4 4 4 4 4 4 4 4 4 4 3 2 2 1 1 1 1 1 1 1 1 1 1 
88 82 81 80 74 68 68 63 63 59 53 53 51 51 47 45 45 43 42 38 38 38 38 37 34 33 33 30 28 28 27 26 26 25 24 24 24 22 21 20 18 18 18 18 14 14 14 13 13 11 11 11 11 10 10 10 9 9 8 8 7 7 7 6 6 6 6 4 4 4 4 4 4 1 1 1 1 1 1 1 1 1 1 1 1 1 1 1 1 1 
86 80 77 70 68 66 65 63 57 57 53 49 48 48 47 44 44 43 40 38 38 38 33 32 31 31 31 30 27 27 26 26 25 21 21 19 18 17 17 17 17 17 15 14 14 13 13 12 11 11 11 10 9 9 8 8 7 7 7 7 5 5 4 4 4 4 4 3 3 3 2 2 2 1 1 1 1 1 1 1 1 1 1 1 1 1 1 1 
85 80 77 65 64 64 64 60 55 55 52 48 48 47 44 44 44 42 38 38 38 35 32 32 31 30 30 30 27 26 24 24 24 20 19 19 17 17 15 15 14 13 12 12 12 12 12 12 11 11 11 10 9 8 8 7 7 7 7 6 5 4 4 4 4 3 3 2 2 2 2 1 1 1 1 1 1 1 1 1 1 1 1 1 1 1 
85 78 74 64 64 64 63 58 50 49 49 48 48 46 44 42 41 39 38 37 36 34 32 30 30 29 29 28 26 26 24 23 22 18 18 16 14 14 14 14 12 12 12 11 10 10 10 10 10 10 10 9 7 7 7 7 7 7 7 6 5 4 4 4 2 2 2 2 2 1 1 1 1 1 1 1 1 1 1 1 1 1 1 1 1 1 
84 76 72 64 64 62 57 57 50 48 47 47 47 43 42 41 40 39 38 36 35 32 30 30 30 28 27 27 26 25 23 19 18 16 16 15 14 14 13 11 11 11 11 11 10 10 10 10 9 9 9 9 7 7 7 7 7 6 6 5 4 3 3 3 2 2 2 2 1 1 1 1 1 1 1 1 1 1 1 1 1 1 1 1 
81 74 71 64 63 59 57 56 49 48 46 46 46 43 40 40 35 35 34 34 34 32 30 29 29 28 27 25 25 24 22 18 15 15 14 14 14 13 13 11 11 11 11 10 10 10 10 10 9 9 9 8 7 7 7 6 6 5 5 5 4 3 3 2 2 2 2 1 1 1 1 1 1 1 1 1 1 1 
79 72 70 64 60 58 57 55 48 47 46 46 43 40 39 38 33 33 33 33 30 30 28 28 26 25 25 25 25 24 22 17 15 14 14 14 13 13 13 11 11 11 11 10 10 10 10 8 8 8 8 8 7 7 7 5 5 5 5 5 4 3 3 2 2 2 1 1 1 1 1 1 1 1 1 1 1 1 
78 69 68 63 57 52 52 52 48 47 46 42 41 39 38 37 33 33 33 31 29 28 27 25 25 25 25 24 23 23 21 17 14 14 14 13 13 12 12 10 10 10 9 9 9 9 7 7 7 6 6 6 6 6 5 5 4 3 3 3 2 2 2 2 2 1 1 1 1 1 1 1 1 1 1 1 1 1 
71 68 66 61 55 52 52 52 48 46 43 42 39 39 37 35 33 33 30 30 29 27 26 25 25 25 25 23 22 22 16 16 14 14 14 13 13 11 10 10 10 9 9 9 9 8 7 7 7 6 6 6 6 5 4 4 3 3 3 3 2 2 2 2 1 1 1 1 1 1 1 1 1 1 1 1 
71 66 61 60 55 52 50 50 48 46 40 39 38 38 37 34 31 30 30 30 28 26 26 25 25 25 22 21 20 19 16 15 13 12 12 12 12 11 10 10 9 9 9 9 8 7 7 7 6 6 6 6 5 5 4 3 3 2 2 2 2 2 1 1 1 1 1 1 1 1 1 1 1 1 1 1 
69 66 60 60 54 47 47 45 44 43 40 38 38 38 34 34 31 30 30 29 27 25 25 24 24 21 21 18 18 17 14 13 13 12 12 12 12 10 9 9 9 9 8 8 5 5 4 4 4 4 4 4 4 4 4 2 2 1 1 1 1 1 1 1 1 1 1 1 1 1 1 
66 65 59 58 52 47 47 44 43 42 39 38 38 35 30 30 29 29 29 28 27 25 24 24 21 21 18 18 18 17 14 13 12 12 12 12 10 9 9 8 8 7 6 5 4 4 4 4 4 4 4 4 4 2 2 2 2 1 1 1 1 1 1 1 1 1 1 
66 63 58 58 49 46 46 43 41 40 38 38 37 31 30 29 29 29 29 27 26 25 24 24 19 19 17 17 17 14 12 12 12 12 12 12 10 7 7 7 7 6 6 5 4 4 4 4 4 4 4 4 3 2 2 1 1 1 1 1 1 1 1 1 1 1 
64 61 57 57 49 46 46 43 41 40 38 36 34 30 29 29 28 28 28 26 26 24 24 23 19 19 17 17 17 14 12 11 11 11 10 10 9 7 7 7 7 5 4 4 4 4 4 4 4 4 4 4 3 2 2 1 1 1 1 1 1 1 1 1 1 1 
64 59 54 54 49 45 43 42 39 36 36 35 34 30 29 29 28 25 25 24 23 22 21 21 19 18 17 16 12 10 10 10 10 10 10 9 9 7 7 6 6 4 4 4 4 4 4 3 3 2 2 2 2 1 1 1 1 1 1 1 1 1 1 1 1 1 
63 59 54 53 49 45 43 41 39 36 36 32 32 29 29 29 28 23 23 23 22 22 21 21 19 18 17 16 11 10 10 10 9 9 9 9 9 7 7 6 6 4 4 4 4 4 3 2 2 2 2 2 2 1 1 1 1 1 1 1 1 1 1 
62 57 53 53 49 45 41 41 39 36 36 32 32 29 29 29 27 23 23 23 21 21 20 19 19 18 15 13 11 10 10 9 9 8 8 8 8 7 7 6 5 4 4 4 4 2 2 2 2 2 2 2 2 1 1 1 1 1 1 1 1 1 1 
61 57 53 52 45 44 41 40 39 36 33 31 31 28 27 26 24 23 22 20 20 20 19 18 18 16 15 13 10 10 8 8 8 8 8 8 8 7 5 4 4 4 4 4 4 2 2 2 2 2 2 1 1 1 1 1 1 1 1 1 
61 55 53 50 42 42 40 39 39 36 29 29 29 28 26 26 24 21 21 20 19 19 18 18 18 15 13 13 10 10 8 8 8 8 8 8 7 5 5 4 4 4 4 4 4 2 2 2 2 2 2 1 1 1 1 1 1 1 
61 52 52 48 42 40 40 39 39 35 29 26 26 26 26 23 23 21 19 18 18 18 18 17 16 14 12 12 10 8 8 8 8 8 8 8 7 5 4 4 4 4 4 4 4 2 2 2 2 2 2 1 1 1 1 1 1 
61 52 50 44 42 40 40 38 36 35 27 25 25 25 24 23 23 20 18 18 18 18 17 14 13 11 11 11 8 8 8 8 8 8 8 6 6 4 4 4 4 4 4 3 3 2 2 2 2 1 1 1 1 1 1 1 
61 49 48 44 42 40 40 38 36 34 27 25 25 25 23 23 22 18 18 16 16 14 14 13 12 11 11 10 8 8 8 7 7 7 7 6 6 4 4 4 4 3 3 3 3 2 2 2 1 1 1 1 1 1 1 
59 48 47 41 40 40 37 36 35 33 25 25 25 25 23 23 19 18 18 16 15 14 14 13 11 11 11 10 8 8 8 7 7 7 7 6 4 4 4 3 3 3 3 3 3 2 2 2 1 1 1 1 1 
57 47 45 41 40 40 36 35 33 31 25 25 24 24 23 23 19 18 17 16 15 12 12 12 11 11 10 10 8 8 8 7 7 7 7 6 4 4 4 3 3 3 3 3 3 2 2 2 1 1 1 
57 47 44 41 40 35 33 31 31 27 25 25 24 23 22 20 18 18 17 14 14 12 12 12 11 11 10 9 8 8 7 6 6 6 4 4 4 4 3 3 3 3 3 3 3 2 2 2 1 
55 44 44 41 40 35 33 30 29 26 25 25 24 22 20 19 18 18 17 13 11 10 10 10 10 10 10 9 8 7 6 6 6 5 4 4 4 3 3 3 3 3 3 3 2 2 1 1 1 
50 42 39 39 37 32 27 27 25 25 24 24 22 21 19 19 16 16 16 11 11 10 10 10 9 8 8 8 8 7 6 6 6 5 4 3 3 3 3 3 3 3 3 2 1 1 1 1 1 
48 42 39 39 36 32 27 27 25 24 24 24 22 21 19 18 16 14 14 11 10 10 10 10 8 8 8 7 6 6 6 5 5 4 3 3 3 3 3 2 1 1 1 1 1 1 1 
44 42 38 33 33 31 27 25 24 24 23 23 22 21 18 16 16 14 14 10 10 10 10 9 8 8 8 7 6 6 6 5 5 3 3 3 3 3 2 2 1 1 1 1 1 
44 41 38 33 28 28 25 24 24 24 23 22 22 21 16 16 15 14 14 10 9 9 8 8 8 8 7 7 6 6 4 4 3 3 3 3 3 3 1 1 1 1 1 
44 40 37 33 28 28 25 24 24 24 20 20 18 18 16 16 15 14 13 10 9 9 8 8 8 7 7 7 6 5 4 3 3 3 3 3 2 2 1 1 1 1 1 
44 38 35 33 26 26 24 24 24 23 20 19 18 17 15 15 14 13 11 10 9 8 8 8 8 7 6 5 5 4 4 3 3 3 3 2 2 2 1 1 1 1 1 
42 37 33 30 26 26 24 23 23 23 18 17 17 17 15 14 14 13 10 9 9 8 7 7 6 6 5 5 4 4 4 3 3 3 2 2 2 2 1 1 1 1 
41 37 33 27 26 26 24 23 22 22 18 17 17 17 15 14 12 11 9 9 8 8 7 7 6 5 5 5 4 4 3 3 3 2 2 2 1 1 1 1 1 1 
41 36 31 27 26 25 23 23 21 21 18 17 17 16 15 12 12 11 9 9 8 7 7 7 6 5 5 4 4 3 3 3 2 1 1 1 1 1 1 1 
39 36 31 27 26 25 21 20 20 18 17 16 16 15 14 12 12 11 9 9 8 5 5 5 5 5 5 4 4 3 3 3 1 1 1 1 1 1 1 1 
39 34 30 26 26 23 20 20 20 18 17 15 14 13 13 12 9 9 9 9 6 5 5 5 5 5 5 4 4 3 3 3 1 1 1 1 1 1 1 1 
38 34 30 26 25 22 20 20 20 17 17 15 14 13 13 11 9 9 8 7 6 5 5 5 5 5 5 4 3 3 3 3 1 1 1 1 1 1 1 
38 34 28 24 23 22 20 20 18 17 17 15 13 12 12 10 9 9 8 5 5 5 5 5 5 5 4 4 3 3 3 3 1 1 1 1 1 1 
37 32 26 24 23 22 20 20 18 16 16 15 13 12 12 9 9 9 7 5 5 5 5 5 4 4 4 4 3 2 2 1 1 
37 32 26 24 23 21 20 19 17 16 16 15 13 12 12 9 9 9 5 5 5 5 4 4 4 3 3 3 2 2 2 1 1 
36 30 26 23 22 21 20 19 17 16 16 15 13 11 9 9 8 8 5 5 5 5 4 4 4 3 3 3 2 2 2 1 1 
33 30 26 22 22 21 18 17 16 15 15 14 12 9 9 8 8 8 5 5 5 4 4 3 3 3 3 2 2 2 1 1 
33 29 26 22 22 15 15 15 15 15 15 14 12 8 8 8 8 8 5 5 5 4 4 3 3 3 3 2 2 1 1 1 
33 28 26 19 19 15 15 15 15 15 15 13 11 8 8 8 8 6 5 5 5 4 4 3 2 2 2 1 1 1 1 1 
28 27 24 19 18 15 15 15 15 15 13 11 10 8 8 8 8 6 5 5 4 3 3 2 1 1 1 1 1 1 1 
27 27 24 19 18 15 15 15 15 15 12 11 9 8 8 8 8 6 5 5 4 3 3 2 1 1 1 1 1 1 
27 23 21 19 18 15 15 15 14 13 11 11 9 8 8 8 7 6 5 3 3 3 3 2 1 1 1 1 1 1 
27 23 20 18 18 15 15 14 13 13 11 11 9 8 8 8 6 6 5 3 3 3 2 2 1 1 1 1 1 1 
25 23 20 18 18 15 15 14 13 13 11 11 9 8 7 7 6 5 5 3 3 2 2 1 1 1 1 1 
24 22 18 18 17 15 14 13 13 13 10 10 7 7 7 5 5 5 4 3 3 2 2 1 1 1 1 1 
23 22 18 18 17 15 12 12 12 10 10 9 7 7 7 5 5 5 4 3 3 2 2 1 1 1 1 1 
23 22 18 17 16 15 12 12 12 8 8 8 7 7 6 5 5 5 3 2 2 2 1 1 1 1 1 1 
23 22 18 16 13 13 11 11 11 8 8 8 7 7 6 5 4 4 3 2 2 2 1 1 1 1 1 1 
23 22 18 16 13 11 11 11 10 8 8 7 6 6 6 4 4 2 1 1 1 1 1 1 1 1 
22 19 18 16 9 9 9 9 8 8 7 6 6 5 5 4 3 2 1 1 1 1 1 1 1 1 
22 19 18 15 8 8 8 8 8 8 7 6 6 5 4 4 3 2 1 1 1 1 1 1 1 
22 19 17 14 8 8 8 8 8 7 7 5 4 4 4 4 3 1 1 1 1 1 1 1 1 
22 19 17 14 8 8 8 8 6 6 6 4 4 4 3 2 2 1 1 1 1 1 1 1 1 
22 19 16 14 8 8 8 8 6 6 6 4 4 4 2 2 1 1 1 1 1 1 1 1 1 
22 18 16 13 8 8 8 8 6 6 5 4 4 3 2 1 1 1 1 1 1 1 1 1 1 
22 18 15 12 8 8 8 8 6 5 5 4 4 3 2 1 1 1 1 1 1 1 1 
22 18 13 11 8 8 8 8 5 5 5 4 4 3 2 1 1 1 1 
22 15 12 10 8 8 8 8 5 5 4 4 4 3 2 1 1 1 1 
22 15 10 10 8 8 8 8 5 5 4 4 4 2 2 1 1 1 
22 15 10 10 8 8 8 7 5 4 4 4 4 2 2 1 1 1 
22 15 10 9 8 8 8 5 5 4 4 4 3 2 2 1 1 1 
22 15 10 8 8 8 8 5 4 4 4 3 3 2 2 1 
21 13 10 8 8 8 7 5 4 4 3 3 3 2 2 1 
21 13 10 8 8 8 7 5 4 4 3 3 2 2 
17 13 10 8 8 8 6 5 4 3 2 2 2 2 
17 13 8 8 7 7 6 4 4 3 2 2 2 2 
16 11 8 8 7 6 6 4 4 3 2 2 2 2 
15 10 8 8 6 5 5 4 4 3 2 2 2 2 
15 10 8 8 6 5 5 4 4 3 2 2 2 2 
14 9 8 8 6 5 4 4 3 3 2 2 2 2 
14 8 8 7 6 5 4 4 3 3 2 2 2 2 
13 8 8 7 6 4 4 4 3 2 2 2 2 2 
13 8 8 7 5 4 4 3 2 2 2 2 2 2 
13 8 8 7 5 4 4 3 2 2 2 2 2 2 
12 8 7 7 5 4 4 3 2 2 2 2 1 1 
12 8 7 7 5 4 4 3 2 2 2 1 1 1 
12 7 7 7 5 4 4 3 2 2 2 1 1 1 
11 7 7 7 4 4 4 3 2 2 2 1 1 1 
11 7 6 6 4 4 3 3 2 2 2 1 1 1 
11 7 6 5 4 4 3 3 2 2 2 1 1 1 
11 6 6 4 4 4 3 3 2 2 2 1 1 1 
11 6 6 4 4 3 3 3 2 2 1 1 1 
11 6 4 4 4 3 3 2 2 2 1 1 
10 6 4 4 4 2 2 2 2 2 1 1 
7 6 4 4 4 2 2 1 1 1 
7 6 4 4 4 2 2 1 1 1 
7 6 4 4 4 2 2 1 1 1 
7 6 4 3 3 2 2 1 1 1 
7 6 4 3 2 2 1 1 1 1 
7 5 4 3 2 1 1 1 1 1 
6 5 4 3 2 1 1 1 1 1 
6 5 4 3 2 1 1 1 1 1 
6 5 4 3 2 1 1 1 1 1 
6 4 4 3 2 1 1 1 1 
6 4 3 3 2 1 1 1 
6 4 3 3 2 1 1 1 
6 3 3 3 2 1 1 
6 3 3 3 2 1 1 
6 3 3 3 2 1 1 
6 3 3 3 2 1 
6 3 3 2 2 1 
5 3 3 2 1 1 
5 3 3 2 1 1 
5 3 2 2 1 
5 3 2 2 1 
5 3 2 2 1 
5 3 2 2 1 
5 3 2 2 1 
5 2 1 1 1 
5 2 1 1 
5 2 1 1 
5 1 1 1 
5 1 1 1 
4 1 1 1 
4 1 1 1 
4 1 1 1 
4 1 1 1 
3 1 1 1 
3 1 1 1 
3 1 1 
2 1 
2 1 
2 1 
2 1 
2 1 
2 1 
2 1 
1 1 
1 1 
1 1 
1 1 
1 1 
1 
1 
1 
1 
1 
1 
1 
1 
1 
1 
1 
1 
