171 151 149 149 148 123 122 118 112 110 108 105 105 98 94 93 82 77 76 75 75 75 73 72 71 66 66 65 64 61 58 57 57 57 55 52 51 51 51 50 50 49 49 48 45 44 41 38 38 38 37 37 37 36 34 33 32 31 31 31 29 29 29 29 27 27 25 25 25 25 25 25 25 25 25 25 25 23 23 23 23 23 23 23 22 21 21 21 21 20 18 18 18 17 17 17 15 15 15 15 15 15 15 14 14 14 14 12 11 11 10 10 10 10 10 9 9 9 9 9 9 9 8 8 8 8 8 7 7 7 7 6 6 6 5 5 5 5 5 5 5 4 4 4 4 4 4 4 4 2 2 2 2 2 2 2 2 2 2 2 2 2 2 2 1 1 
162 150 149 141 134 115 113 107 103 100 100 95 92 90 85 83 78 76 74 74 72 72 70 69 67 66 64 61 57 57 57 57 55 54 52 51 48 48 47 47 46 46 46 42 42 41 38 37 37 37 36 35 34 34 33 32 29 29 28 27 27 27 27 26 26 25 24 24 24 24 24 23 23 22 22 21 21 21 20 19 19 19 19 18 18 18 18 17 17 15 14 14 14 13 13 12 12 12 12 12 10 10 9 9 9 9 8 8 7 7 6 5 5 5 5 5 5 4 4 4 4 4 4 4 4 4 4 4 4 4 3 3 3 3 3 3 3 3 3 3 3 3 3 3 3 3 3 2 2 2 1 1 1 
155 149 141 133 128 113 112 100 97 97 95 89 84 84 78 77 77 76 74 70 69 69 69 67 64 62 61 55 55 53 53 53 53 51 47 47 47 47 44 44 44 44 44 41 36 36 35 35 32 32 32 31 31 30 30 30 29 28 27 27 27 27 25 24 24 24 21 21 20 20 19 18 17 16 16 16 16 15 15 14 14 14 13 13 13 13 12 12 12 10 9 9 9 9 9 9 9 9 6 6 6 6 5 5 5 5 5 5 5 5 5 5 5 4 4 4 4 4 4 4 3 3 3 3 3 3 3 3 3 3 2 2 2 2 2 2 2 2 2 2 2 1 1 1 
150 143 133 111 111 108 103 99 97 95 89 80 79 76 75 75 74 72 70 67 65 65 65 65 59 57 57 54 53 52 50 49 49 49 46 44 44 41 41 40 40 40 40 35 35 33 33 33 32 32 30 28 28 28 28 27 27 27 26 23 22 22 21 21 19 19 19 17 15 15 15 15 15 15 15 13 13 12 12 11 11 11 11 11 11 10 10 10 10 9 9 8 7 7 7 7 7 7 6 6 6 5 5 5 5 5 5 4 4 4 4 4 4 4 4 4 4 3 3 3 3 3 3 3 3 3 2 2 2 2 2 2 2 2 2 2 2 2 2 2 1 1 1 
144 133 124 106 104 103 99 98 97 87 80 79 77 73 73 68 68 68 66 66 64 62 58 54 54 54 53 52 48 47 45 44 44 44 43 41 40 40 40 39 38 38 36 35 34 33 31 31 31 30 30 28 27 25 21 21 21 18 18 16 16 16 15 15 15 14 13 11 11 10 10 9 9 9 9 9 9 9 9 9 9 9 9 9 8 8 8 8 8 8 8 8 7 7 7 5 5 5 5 5 5 4 4 3 3 3 3 3 3 3 3 3 3 3 3 3 3 3 3 2 2 2 2 2 2 2 2 2 2 2 2 2 2 2 2 1 1 1 
139 127 121 106 104 100 99 95 89 82 78 77 77 73 69 68 68 65 64 60 60 59 55 53 53 49 47 47 46 44 44 44 41 41 40 38 38 38 37 36 35 35 34 32 32 29 29 29 29 27 23 23 23 22 20 20 19 18 15 15 15 14 13 13 13 13 11 9 9 9 9 9 9 9 9 9 9 9 9 9 9 9 9 8 8 7 7 7 7 7 5 4 4 4 4 4 4 4 4 4 4 4 3 3 3 3 3 3 3 3 3 3 3 3 2 2 2 2 2 2 2 2 2 2 2 2 2 2 2 2 1 
132 124 105 104 103 99 83 83 81 78 75 73 72 64 64 61 61 60 55 53 53 53 53 51 51 45 45 42 41 41 40 40 40 40 37 37 37 37 36 36 33 33 32 31 30 29 27 27 27 27 23 21 21 20 18 17 15 15 15 15 14 14 13 11 11 11 10 9 9 9 9 9 9 9 9 9 9 9 9 9 9 9 7 7 6 6 6 4 4 4 4 4 4 4 4 4 4 4 4 4 4 4 3 3 2 2 2 2 2 2 2 2 2 2 2 2 2 2 2 1 1 1 1 1 1 1 1 1 
131 121 105 101 92 89 83 81 79 70 70 70 69 61 60 58 58 52 52 52 52 49 49 42 42 41 41 41 41 40 39 39 39 39 37 37 36 36 34 31 31 30 30 30 30 28 27 25 25 24 23 19 19 18 16 15 15 15 15 14 13 13 12 11 11 11 9 9 9 9 9 9 9 9 9 9 9 9 9 9 8 8 7 6 6 6 6 4 4 4 4 4 4 4 4 4 4 3 3 3 3 3 3 3 2 2 2 2 2 2 2 2 2 1 1 1 1 1 1 1 1 1 1 1 
120 106 97 97 86 81 78 78 78 66 66 65 65 56 56 56 55 52 52 51 50 47 45 42 42 41 41 39 38 38 38 38 38 38 36 36 34 32 31 30 29 26 26 24 23 23 23 23 23 23 18 18 18 16 16 15 15 15 15 13 12 10 10 10 10 10 9 9 9 9 9 9 9 9 8 8 8 7 6 6 6 6 6 6 5 5 5 4 4 4 4 4 4 4 4 4 4 3 3 3 3 3 2 2 2 2 2 2 2 2 1 1 1 1 1 1 1 1 1 
116 100 96 87 82 78 77 75 74 66 66 65 63 56 56 55 54 52 52 51 50 45 44 41 39 38 38 38 38 38 37 36 35 30 30 28 28 28 28 28 26 26 26 23 21 21 20 20 20 20 18 17 16 15 15 15 14 13 13 12 12 10 10 10 10 9 9 9 9 9 9 9 9 9 8 8 7 7 6 6 6 5 5 5 5 5 5 4 4 4 4 3 3 3 2 2 2 2 2 2 2 2 2 1 1 1 1 1 1 1 1 1 1 1 1 1 1 
109 98 89 87 78 78 77 74 70 65 65 65 58 56 56 54 51 50 50 50 47 43 40 40 39 38 38 36 35 34 34 33 32 30 29 28 28 28 28 27 26 25 23 23 21 20 20 20 17 17 17 14 13 13 13 13 12 11 11 11 11 10 9 9 9 9 9 9 9 9 9 9 9 9 8 8 7 7 6 5 5 5 5 5 5 4 4 4 4 3 2 2 2 2 2 2 2 2 2 2 2 
105 93 89 86 78 77 74 71 66 65 65 63 57 53 52 51 51 50 47 47 46 43 40 40 38 38 36 35 34 34 31 30 30 27 27 27 27 27 25 25 25 25 21 20 20 20 17 16 16 15 14 14 13 13 10 10 10 10 10 10 10 10 9 9 9 9 9 9 9 8 8 8 8 8 7 7 7 6 5 5 5 5 4 4 2 2 2 2 2 2 2 2 2 2 2 2 1 1 1 1 1 
103 82 81 81 77 77 70 69 65 61 57 56 52 51 51 51 46 46 46 45 43 41 37 36 36 36 34 34 34 32 29 28 28 27 27 27 24 24 24 24 24 23 20 20 18 18 17 16 16 15 14 13 12 10 10 10 10 10 10 10 10 10 9 9 9 9 7 6 6 6 6 6 5 5 4 4 4 4 4 4 4 3 2 2 2 2 2 2 2 2 2 2 2 2 1 1 1 1 
101 82 81 79 75 73 70 66 61 60 55 55 52 51 50 47 46 46 44 42 40 36 36 35 31 31 31 31 31 29 29 28 27 27 26 26 24 24 24 19 19 19 19 19 17 17 17 14 14 14 12 11 11 10 10 10 10 10 10 10 10 10 9 9 9 8 7 6 6 4 4 4 4 4 4 4 4 4 4 4 4 2 2 2 2 2 2 2 2 2 2 1 1 1 1 1 
100 81 75 75 75 70 68 65 59 58 55 53 51 49 47 46 44 43 43 41 39 34 33 33 29 29 29 29 28 28 27 27 27 27 26 26 22 20 20 19 19 18 18 18 17 15 15 14 13 11 11 11 10 10 10 10 10 10 10 9 9 9 9 7 7 5 5 5 5 4 4 4 4 4 4 4 4 3 3 3 3 2 2 2 2 2 2 1 1 
98 80 75 75 73 70 68 62 59 56 55 52 51 47 46 46 42 42 39 39 36 34 33 32 29 29 28 28 27 27 27 26 26 25 25 25 20 19 19 18 18 18 18 18 16 15 14 14 11 11 11 11 10 10 10 10 9 9 9 9 9 8 7 5 5 5 4 4 4 4 4 4 4 4 4 3 3 3 2 2 2 2 2 1 1 1 
98 79 75 73 69 67 66 59 59 56 53 50 49 46 44 43 40 38 37 36 36 34 33 29 29 27 27 27 27 27 25 25 23 23 23 23 20 19 18 18 18 17 17 14 14 14 14 14 11 11 11 10 10 9 9 9 8 8 8 8 7 7 7 5 5 5 4 4 4 4 4 4 3 3 2 2 2 2 2 2 2 1 1 
97 78 74 71 68 63 63 58 57 54 53 50 49 46 44 37 37 35 35 35 33 33 30 29 29 27 27 25 25 25 24 23 23 23 23 22 20 18 18 18 16 16 15 14 14 13 13 13 11 11 11 10 9 7 7 7 7 7 7 7 7 6 6 5 4 4 4 4 4 4 3 3 3 3 2 2 2 2 2 2 2 1 1 
97 78 74 71 68 63 62 58 52 52 52 50 48 45 43 37 37 35 34 32 32 32 30 29 29 27 25 25 25 24 22 22 22 22 22 21 19 18 18 17 16 14 14 13 13 13 13 11 10 10 7 7 7 7 7 6 6 6 6 6 5 5 5 5 4 4 4 4 4 4 3 3 3 2 2 1 1 1 1 1 1 1 1 
94 76 66 65 64 61 61 55 52 52 51 49 42 42 41 37 37 32 32 32 32 30 27 27 25 25 24 23 22 22 22 22 22 22 21 18 18 18 18 16 15 14 13 13 13 12 10 10 8 8 7 7 7 7 7 6 6 6 5 5 5 5 4 4 4 4 3 3 3 3 3 3 2 2 1 1 1 1 1 1 1 1 1 
93 69 65 65 64 59 55 52 52 50 46 46 42 42 37 34 31 31 31 30 30 30 27 26 25 23 23 23 22 21 21 21 21 21 21 18 18 18 18 15 14 14 13 12 12 11 9 8 8 8 7 7 7 7 6 6 6 4 4 3 3 3 3 3 3 2 2 2 2 2 2 1 1 1 1 1 1 1 1 1 
87 67 64 64 61 59 54 52 51 49 44 42 42 37 34 32 31 29 29 29 29 27 24 23 23 23 23 22 22 21 20 20 19 19 18 17 15 15 14 14 14 14 13 12 11 9 8 8 8 7 6 6 6 6 6 4 4 4 3 3 3 3 3 3 3 2 2 2 1 1 1 1 1 1 1 1 1 1 
86 65 64 64 61 56 53 52 48 47 44 41 41 36 34 31 31 29 29 29 26 24 23 23 23 23 22 22 22 21 20 19 18 16 16 16 15 15 14 13 13 11 11 10 9 9 8 6 6 6 6 6 6 4 4 4 4 3 3 3 2 2 2 2 2 2 2 1 1 1 1 1 1 1 1 1 1 
84 65 64 60 60 56 52 49 48 45 41 40 38 36 34 31 30 29 29 28 25 24 23 23 23 23 22 22 22 21 20 18 17 16 16 16 15 13 13 13 10 9 9 9 8 7 7 6 6 6 6 6 4 4 4 4 4 3 3 3 2 2 2 2 2 2 1 1 1 1 1 1 1 1 1 1 1 
82 64 63 60 57 53 51 49 45 43 41 39 38 36 34 30 29 27 25 25 25 24 23 23 23 22 22 22 21 19 19 18 17 16 16 16 15 13 12 12 10 9 9 6 5 5 5 5 5 5 5 5 4 4 4 4 4 3 2 2 2 2 2 2 2 1 1 1 1 1 1 1 1 1 1 
79 64 63 59 57 51 46 46 43 43 41 37 37 35 32 29 27 26 25 25 25 23 23 23 23 22 20 19 19 18 18 18 16 15 15 14 13 13 11 10 9 9 7 5 5 5 5 5 5 5 4 4 4 4 4 3 2 2 2 2 2 2 2 2 1 1 1 1 1 1 1 
79 64 61 55 54 51 46 45 42 41 41 36 35 31 31 29 26 26 25 24 24 23 23 23 22 19 19 19 18 18 16 14 14 13 13 13 12 12 10 10 9 8 5 5 5 5 5 4 4 4 4 4 4 3 2 2 2 2 2 2 1 1 1 1 1 1 1 1 1 1 
78 63 60 55 52 51 42 41 41 40 38 36 32 31 29 29 26 25 25 24 24 23 22 22 21 19 18 17 17 17 15 14 14 13 12 12 12 11 10 8 7 5 5 5 5 5 4 4 4 4 4 3 3 2 2 2 2 2 2 2 1 1 1 1 1 1 1 1 1 1 
75 62 59 55 52 49 42 41 41 40 38 36 32 31 29 26 26 25 24 24 24 23 22 22 21 19 18 16 16 16 15 14 13 13 12 12 12 10 9 8 6 5 5 5 4 4 4 4 4 4 4 3 3 2 2 2 2 2 1 1 1 1 1 1 1 1 1 1 1 
70 60 57 53 51 47 41 40 39 37 35 35 30 30 29 26 26 25 24 24 19 19 19 19 17 17 17 16 16 14 13 13 12 12 12 11 11 10 9 6 6 5 5 4 4 4 4 4 4 4 4 2 2 2 2 2 2 2 1 1 1 1 1 1 1 1 1 1 
69 60 57 51 50 47 41 40 39 35 34 34 30 30 29 26 26 25 24 23 19 19 19 18 17 17 16 16 16 13 13 13 12 12 11 11 10 9 7 6 6 5 5 4 4 4 4 4 3 3 2 2 2 2 2 2 2 2 1 1 1 1 1 1 1 1 1 1 
67 59 54 51 50 46 40 39 39 33 33 31 30 30 29 26 26 23 23 23 19 19 18 18 16 16 16 16 15 13 13 12 11 11 10 10 9 8 7 6 5 5 4 4 4 4 4 3 3 2 2 2 2 2 2 2 2 2 1 1 1 1 1 1 1 
63 58 52 51 45 45 40 39 39 32 32 30 30 29 29 26 24 23 23 21 19 18 16 14 14 14 14 14 14 12 12 11 11 11 10 9 8 7 7 6 5 5 4 4 4 3 3 3 3 2 2 2 2 2 2 2 2 2 1 1 1 1 1 1 
60 52 50 50 45 42 38 37 35 32 32 30 29 26 26 24 23 21 21 21 19 17 15 14 14 14 14 12 12 12 12 9 9 9 9 7 7 7 7 5 5 4 4 3 3 3 3 2 2 2 2 2 2 2 2 2 2 2 1 1 1 1 
59 52 50 46 45 42 38 35 33 32 31 27 27 26 26 24 22 21 21 21 19 17 15 14 14 14 12 12 12 9 9 9 8 8 8 7 7 6 6 5 5 4 3 3 3 3 2 2 2 2 2 2 2 2 2 2 1 1 1 
58 52 50 46 44 41 33 33 32 32 31 27 26 26 25 24 22 21 21 20 19 14 14 14 14 13 12 12 10 9 8 8 8 8 7 5 5 5 5 5 4 4 3 3 3 3 2 2 2 2 2 2 2 2 2 1 
56 51 44 44 41 39 32 32 32 31 31 27 26 26 25 24 22 20 19 18 18 14 14 14 14 12 12 12 10 9 8 8 7 7 7 5 5 5 4 4 4 4 3 3 2 2 2 2 2 2 2 2 1 1 1 1 
56 51 43 41 40 37 32 32 32 29 29 27 24 24 24 23 22 20 18 17 16 14 14 14 11 11 11 10 7 7 7 7 7 7 7 4 4 4 4 4 4 4 3 3 2 2 2 2 2 2 2 1 1 1 1 1 
54 51 43 41 40 37 32 32 32 26 26 26 24 24 23 23 21 17 17 15 15 14 14 14 11 11 10 10 7 7 7 7 7 6 6 4 4 4 4 4 4 4 3 2 2 2 2 2 2 2 2 1 1 1 1 
54 51 43 41 40 37 32 32 31 26 25 25 24 24 21 20 20 17 17 15 14 13 13 13 10 9 9 9 7 7 7 7 7 6 6 4 4 4 4 4 4 3 3 2 2 2 2 1 1 1 1 1 
50 49 41 39 39 37 32 32 30 26 24 24 24 23 21 18 16 16 16 13 13 13 13 9 9 9 8 8 7 7 7 7 7 6 6 4 4 4 4 4 3 3 3 2 1 1 1 1 1 1 
49 49 41 39 38 37 32 32 29 25 24 24 21 20 16 15 14 14 12 12 12 12 12 9 9 8 8 8 7 7 7 7 7 6 4 4 4 4 4 4 3 2 2 2 1 1 1 1 1 1 
45 45 41 39 38 36 32 31 25 23 23 23 19 19 15 15 14 13 12 12 11 11 9 9 9 8 8 7 7 7 7 6 6 5 4 4 4 4 4 3 3 2 2 1 1 1 1 1 1 
45 44 39 38 37 35 32 30 25 23 23 23 19 17 15 15 14 13 12 12 11 11 9 9 9 7 7 7 6 6 5 5 5 5 4 4 4 4 2 2 2 2 1 1 1 1 1 1 1 
45 44 39 38 36 34 31 29 25 23 23 21 18 16 15 14 13 13 12 12 11 11 9 8 8 7 7 7 5 5 5 5 5 4 4 4 4 4 2 2 2 1 1 1 1 1 1 1 1 
45 44 39 38 36 33 29 27 24 22 20 20 16 16 15 13 13 11 11 11 11 10 9 8 8 7 7 7 5 5 5 5 5 4 4 3 3 3 2 2 2 1 1 1 1 1 1 1 1 
45 44 39 37 36 33 29 26 24 22 20 20 16 16 14 13 13 11 11 9 9 9 9 8 8 7 6 6 5 5 5 5 3 2 2 2 2 2 2 2 1 1 1 1 1 1 
44 44 39 37 34 31 29 25 24 22 20 20 16 16 13 13 13 11 11 9 9 9 8 8 7 6 6 6 5 5 5 4 3 2 2 2 2 2 2 2 1 1 1 1 1 1 
44 42 38 36 33 30 26 24 23 22 20 18 15 15 13 13 12 10 10 9 8 8 6 6 6 6 6 5 5 5 4 3 3 2 2 2 2 1 1 1 1 1 1 1 
44 40 36 35 32 29 26 23 22 22 20 18 15 14 13 13 12 10 9 9 8 8 6 6 6 6 5 5 4 4 3 3 2 2 2 2 2 1 1 1 1 1 1 1 
44 40 36 31 29 26 25 23 22 21 19 17 15 14 13 13 11 10 9 9 8 6 5 5 5 5 5 5 4 3 3 3 2 2 2 2 2 1 1 1 1 1 1 1 
44 40 34 29 26 25 22 22 19 19 17 15 14 14 12 12 11 10 9 8 7 5 5 5 5 5 4 4 3 3 3 2 2 2 2 2 2 1 1 1 1 
43 40 30 28 25 24 21 21 19 18 17 15 14 11 11 11 9 9 8 8 7 5 5 5 5 4 4 4 3 3 2 2 2 2 2 2 1 1 1 1 1 
43 38 28 28 24 21 21 21 17 17 15 13 13 11 10 9 9 8 8 7 6 5 5 5 5 4 3 3 2 2 2 2 2 2 2 2 1 
43 37 28 27 23 21 21 21 17 17 13 13 11 10 10 9 9 8 7 7 6 5 5 5 3 3 2 2 2 2 2 2 2 2 2 2 1 
42 36 28 25 23 21 21 21 17 17 13 13 11 10 10 9 7 7 7 7 6 5 5 4 3 3 2 2 2 2 2 2 2 2 2 2 1 
40 36 28 24 23 21 20 20 17 17 13 12 11 10 9 8 7 7 7 6 6 5 4 2 2 2 2 2 2 2 2 2 2 2 2 1 1 
38 35 27 24 23 21 20 16 16 15 13 11 10 9 9 7 7 7 6 6 5 5 4 2 2 2 2 2 2 2 2 1 1 1 1 1 1 
37 35 26 24 22 20 19 16 16 13 13 11 10 9 9 7 7 6 6 5 5 5 3 2 2 2 2 2 2 2 1 1 1 1 1 
37 31 25 24 21 19 19 16 14 13 10 8 8 8 8 7 7 6 6 5 5 4 3 2 2 2 2 2 2 2 1 1 1 1 1 
37 31 25 24 21 19 19 16 13 13 8 8 8 8 6 6 6 6 6 5 3 3 2 2 2 2 2 2 2 2 1 1 1 1 
35 31 25 24 21 19 19 16 12 11 8 8 8 8 6 6 6 4 3 3 3 3 2 2 2 2 2 2 2 2 1 1 1 1 
34 28 24 24 21 19 18 16 12 11 8 8 8 7 6 6 5 3 3 3 3 3 2 2 2 2 2 2 2 2 1 1 1 1 
34 28 24 24 21 19 17 15 12 11 8 8 8 7 6 6 5 3 3 3 3 3 2 2 2 2 2 2 1 1 1 1 1 
34 27 24 20 20 19 16 14 12 9 8 8 8 6 6 6 3 3 3 3 3 3 2 2 2 1 1 1 1 1 
34 26 24 20 20 18 16 12 10 9 8 8 8 6 6 5 3 3 3 3 2 2 2 1 1 1 1 1 1 
31 26 24 20 19 18 15 12 10 9 8 8 7 6 6 4 3 3 3 3 2 2 1 1 1 1 1 1 
31 26 24 20 19 17 15 12 8 8 8 7 7 6 6 4 3 3 3 3 2 2 1 1 1 1 1 1 
30 26 24 20 19 16 13 11 8 8 7 6 5 5 5 4 3 3 3 1 1 1 1 1 1 1 1 1 
30 26 24 20 16 15 13 11 8 7 7 5 5 5 5 4 3 3 2 1 1 1 1 1 1 1 1 
29 25 23 20 14 12 12 9 8 7 7 5 5 5 4 3 2 2 2 1 1 1 1 1 1 1 
27 25 21 20 14 11 11 9 7 7 6 5 5 5 4 2 2 2 1 1 1 1 1 1 1 
27 25 21 20 14 11 11 9 7 6 5 4 4 4 4 2 1 1 1 1 1 1 1 
27 24 21 19 14 11 10 8 7 6 5 4 4 4 3 1 1 1 1 1 1 1 
27 22 20 18 14 11 10 8 7 6 5 4 4 4 3 1 1 1 1 1 1 1 
26 20 19 15 14 11 8 8 7 5 5 4 4 3 3 1 1 1 1 1 1 
26 19 17 15 14 10 7 7 6 5 4 4 4 1 1 1 1 1 1 1 
26 19 17 15 14 10 7 7 6 5 4 3 3 1 1 1 1 1 1 1 
26 17 17 15 13 8 7 7 6 5 4 3 2 1 1 1 1 1 1 1 
24 17 16 15 11 8 7 7 6 5 4 3 2 1 1 1 1 1 1 1 
24 16 16 14 10 8 7 7 6 5 4 3 2 1 1 1 1 1 1 
22 16 15 13 10 8 7 7 6 4 3 3 2 1 1 1 1 1 1 
21 15 14 13 10 7 7 7 6 4 3 3 1 1 1 1 1 1 1 
19 12 12 12 9 7 6 6 5 4 3 3 1 1 1 1 1 1 
19 12 12 12 7 7 5 5 5 3 3 2 1 1 1 1 1 1 
17 12 12 11 7 7 5 5 5 3 3 2 1 1 1 1 1 1 
17 12 12 11 7 7 5 4 4 3 2 2 1 1 1 1 1 1 
17 12 11 11 7 7 5 4 4 2 1 1 1 1 1 1 1 1 
15 12 11 11 7 7 5 4 3 2 1 1 1 1 1 1 1 
13 12 11 11 7 6 4 4 2 1 1 1 1 1 1 1 1 
13 12 11 11 7 6 4 3 2 1 1 1 1 1 1 1 1 
13 12 11 8 7 6 4 3 2 1 1 1 1 1 
12 12 11 8 7 6 4 3 2 1 1 1 1 1 
12 11 9 8 7 6 4 3 2 1 1 1 1 
11 11 9 8 7 6 4 2 2 1 1 1 1 
11 11 9 7 5 5 4 2 2 1 1 1 1 
11 8 8 6 5 5 3 2 2 1 1 1 1 
11 8 8 6 5 5 3 2 1 1 1 1 1 
11 8 8 5 5 5 3 2 1 1 1 1 1 
10 8 8 5 5 3 3 2 1 1 1 1 
9 8 7 5 5 3 2 2 1 1 1 1 
9 8 7 5 5 3 2 2 1 1 1 1 
9 5 5 5 5 3 2 2 1 1 
9 5 5 5 5 3 2 2 1 1 
9 5 5 5 4 3 2 1 
9 5 5 5 4 3 2 1 
7 5 4 4 2 1 1 1 
7 4 4 2 2 1 1 1 
7 4 4 2 2 1 1 1 
7 4 4 2 2 1 1 1 
6 4 3 2 2 1 1 
6 4 3 2 2 1 1 
5 3 3 2 2 1 
5 3 3 2 2 1 
5 3 3 2 2 1 
4 3 3 2 1 1 
4 3 3 2 1 1 
4 3 2 2 1 1 
4 3 2 1 1 1 
4 3 2 1 1 1 
4 3 2 1 1 
4 3 2 1 1 
3 3 2 1 1 
3 3 2 1 1 
3 3 2 1 
3 3 2 1 
3 3 1 1 
3 2 1 
3 2 1 
3 2 1 
3 2 1 
3 2 
3 2 
3 2 
3 1 
3 1 
3 
3 
3 
3 
3 
3 
3 
3 
1 
1 
1 
1 
1 
1 
1 
1 
1 
1 
1 
1 
1 
1 
1 
1 
1 
1 
1 
1 
1 
1 
1 
