175 140 140 135 129 111 110 98 98 97 97 96 95 91 88 85 85 83 82 80 79 79 73 73 72 71 71 71 70 66 65 64 61 57 57 57 56 56 55 55 54 54 52 52 50 50 47 47 45 45 45 45 44 44 43 42 40 40 40 40 39 38 37 36 36 34 34 33 32 31 31 30 30 28 26 24 24 21 21 20 16 16 15 15 14 14 14 14 14 14 14 14 14 13 13 13 13 13 13 13 13 13 13 13 12 12 12 12 12 12 11 11 11 8 8 7 7 7 7 7 7 7 6 6 6 6 6 5 5 5 5 5 5 5 5 4 4 4 4 4 4 4 4 4 4 4 3 3 3 3 3 2 2 2 2 2 2 2 2 2 2 2 2 2 2 2 2 2 1 1 1 1 1 1 1 1 1 1 1 1 1 
163 128 125 122 118 111 98 96 95 95 92 89 86 82 80 79 78 78 72 70 69 67 67 65 64 64 63 61 61 60 60 59 57 57 56 53 53 53 53 52 50 48 44 44 43 42 42 42 41 40 39 39 39 38 37 35 35 34 31 30 29 29 29 27 25 24 24 24 24 23 23 23 21 21 21 18 18 17 14 14 14 14 14 14 14 14 14 13 13 13 13 13 13 13 13 13 13 13 13 13 13 12 12 11 11 11 11 10 10 10 10 9 9 8 7 7 7 7 7 7 6 5 5 5 5 5 5 5 5 5 4 4 4 4 4 4 4 4 4 3 3 2 2 2 2 2 2 2 2 2 2 1 1 1 1 1 
162 122 118 112 110 102 98 95 92 92 91 87 81 78 73 73 72 72 70 69 68 65 64 64 64 64 62 60 60 58 58 57 57 53 53 53 51 48 48 43 43 43 42 41 41 41 40 40 36 35 35 34 34 33 30 30 30 28 28 24 23 23 23 23 23 22 22 22 21 21 19 19 18 17 17 17 17 16 14 14 14 14 14 14 14 13 13 13 13 13 13 13 13 13 13 12 12 12 11 9 9 9 9 9 7 7 7 7 7 7 7 7 7 6 6 6 6 6 6 5 5 5 5 4 4 4 3 3 3 3 3 3 3 3 3 2 2 2 2 2 2 2 2 2 2 2 1 1 1 1 
132 117 115 109 107 102 97 95 90 88 79 79 78 76 72 71 71 70 66 65 65 65 60 60 60 56 56 55 55 55 53 53 51 49 49 49 49 46 45 43 42 40 40 38 38 38 35 34 33 33 31 30 30 29 29 29 28 27 26 23 22 22 22 20 20 19 19 19 19 18 18 18 18 17 17 17 16 15 14 14 14 14 14 14 13 11 10 10 9 9 9 7 7 7 7 6 6 6 6 6 6 6 6 6 6 5 5 4 4 4 4 4 4 4 4 4 4 4 4 4 4 4 4 3 3 3 3 3 2 2 2 2 2 2 1 1 1 1 1 1 1 1 1 1 1 1 
126 116 110 109 96 91 91 90 87 83 77 76 74 69 69 69 69 62 62 62 61 60 57 56 55 55 55 55 51 51 51 50 48 45 45 44 44 40 40 39 39 37 35 34 33 33 32 32 31 31 30 29 29 27 26 26 26 26 25 21 21 21 20 19 19 19 18 18 18 17 16 16 16 15 15 15 14 14 14 14 14 14 13 13 12 11 10 10 9 8 8 7 7 7 7 6 6 6 6 6 6 6 5 5 4 4 4 4 4 4 4 4 4 4 4 4 3 3 3 3 2 2 2 2 2 2 2 2 2 2 2 2 1 1 1 1 1 1 1 1 1 1 1 
114 114 103 100 96 90 81 81 81 78 77 73 67 67 65 63 62 59 58 57 56 56 55 53 53 51 51 48 48 47 47 45 44 44 43 43 43 40 40 38 37 36 33 33 33 32 31 31 31 28 28 27 26 26 26 26 25 24 22 21 21 20 20 19 18 18 17 17 17 16 16 16 15 15 15 14 14 14 14 13 12 12 12 11 11 9 7 6 6 6 6 6 6 6 6 6 6 6 5 5 5 5 5 4 4 4 4 4 4 4 4 4 4 4 4 3 3 1 1 1 1 1 1 1 1 1 1 1 1 1 1 1 1 1 
114 109 101 100 94 90 81 81 81 78 76 69 67 67 65 62 60 57 55 55 53 52 52 52 51 49 49 48 47 44 44 44 42 39 38 38 38 38 36 36 34 33 30 30 30 29 29 28 28 28 26 26 26 25 25 25 25 22 21 21 21 20 19 18 18 17 17 16 16 16 15 15 15 14 13 13 13 12 12 12 12 11 10 10 10 6 6 6 6 6 6 6 6 6 6 5 5 5 5 5 5 5 5 4 3 3 3 3 3 3 3 3 3 3 3 2 2 1 1 1 1 1 1 1 1 1 1 1 1 1 1 1 
109 109 98 97 94 86 81 81 78 73 72 68 67 66 64 61 57 54 52 52 51 50 50 50 50 49 49 47 45 41 40 39 38 37 37 37 37 34 34 32 30 30 30 29 29 26 25 24 24 24 24 24 23 22 22 22 21 20 19 19 19 18 18 16 16 16 15 11 11 11 10 10 10 10 10 9 9 9 9 9 9 9 9 9 9 6 6 6 6 6 6 6 6 5 5 5 4 4 4 4 4 4 4 3 2 2 2 1 1 1 1 1 1 1 1 1 1 1 1 1 1 1 1 1 1 1 1 1 
107 104 93 91 91 86 80 80 78 73 71 66 66 66 62 60 57 53 51 51 51 48 48 48 47 46 46 46 43 40 39 39 38 37 37 37 33 33 33 31 30 30 28 28 28 25 23 23 23 23 22 22 22 22 20 18 17 17 17 17 17 17 16 15 13 11 11 10 10 10 10 10 10 10 9 9 9 9 9 9 8 8 8 8 8 6 6 6 6 6 6 6 5 4 4 4 4 3 3 3 2 2 2 2 1 1 1 1 1 1 1 1 1 1 1 1 1 1 1 1 1 1 1 1 1 
102 102 93 89 87 78 73 70 70 70 66 65 62 62 61 60 56 51 51 51 51 46 46 45 45 45 45 44 40 38 36 36 33 33 32 31 30 30 30 30 29 28 26 26 25 23 23 23 23 23 22 22 20 20 19 18 17 15 14 13 13 13 13 13 13 10 10 10 9 9 9 8 8 8 8 8 8 8 8 7 7 6 6 6 6 6 5 5 5 5 4 4 3 3 2 2 2 2 2 2 2 1 1 1 1 1 1 1 1 1 1 1 1 1 1 1 1 1 1 1 1 1 1 
102 86 86 86 84 75 70 70 69 69 64 64 62 61 58 57 53 51 51 48 45 45 42 42 42 41 41 34 34 30 30 30 29 29 29 29 29 29 28 28 28 25 25 24 22 22 22 22 22 20 20 18 18 17 17 17 17 15 13 13 12 12 11 10 10 10 10 10 9 9 9 8 8 8 7 7 7 7 6 6 6 6 6 5 5 5 5 5 4 4 4 4 3 2 2 1 1 1 1 1 1 1 1 1 1 1 1 1 1 1 
101 86 85 85 80 75 69 64 64 64 62 62 59 57 56 55 53 51 47 44 44 44 42 41 41 41 40 34 31 30 30 30 29 28 27 27 27 27 26 26 26 25 24 22 21 21 21 20 20 17 17 17 17 17 16 15 15 15 13 13 11 10 10 10 10 10 10 9 9 8 8 7 6 5 5 4 4 4 4 4 4 3 3 3 3 3 3 3 3 3 2 1 1 1 1 1 1 1 1 1 1 1 1 1 
99 86 83 73 73 70 67 64 63 62 62 60 55 55 54 54 52 46 46 44 43 43 41 41 41 38 37 33 30 30 30 29 29 27 26 26 26 26 25 22 22 21 21 20 20 20 20 20 20 17 15 15 15 15 15 14 14 13 11 11 10 10 10 7 7 7 6 6 5 5 5 5 5 5 4 4 4 4 3 3 3 3 3 3 3 3 3 3 2 2 1 1 1 1 1 1 1 1 1 1 1 1 1 
94 86 79 72 70 69 67 64 61 61 60 58 55 53 53 51 47 45 43 41 41 40 40 40 38 34 34 31 30 30 29 29 28 27 26 22 22 22 21 21 20 19 19 19 18 18 16 14 14 14 13 13 12 11 11 11 11 11 11 11 10 10 10 7 7 7 6 6 5 5 5 5 5 4 4 4 4 4 3 3 2 2 2 2 2 2 2 2 2 2 1 1 1 1 1 1 
92 84 79 71 70 65 61 61 61 61 59 55 54 49 48 47 47 43 42 41 41 40 40 39 36 33 33 31 27 26 26 26 26 26 26 21 21 21 21 19 19 19 19 18 18 15 13 13 13 13 13 12 11 11 11 11 11 11 10 10 9 9 9 6 6 6 5 4 3 3 3 3 3 3 3 2 2 2 2 2 2 2 2 2 2 2 2 2 2 2 1 1 
92 84 79 69 67 64 61 60 58 58 55 52 52 48 47 46 44 43 40 40 38 38 38 37 35 31 30 28 27 26 26 26 26 25 23 21 21 20 20 19 19 19 17 17 15 15 13 13 13 13 13 12 11 11 11 11 10 9 9 9 9 9 6 6 4 4 3 3 3 3 3 3 2 2 2 2 2 2 2 2 2 2 2 2 2 2 2 2 2 2 1 1 
87 82 79 69 67 61 58 57 56 54 53 51 51 47 46 46 44 39 39 38 38 38 37 36 32 31 30 24 24 23 23 23 23 23 22 21 20 19 19 19 18 17 16 15 15 13 13 13 13 13 12 12 11 11 11 11 9 9 9 8 7 7 6 6 4 4 3 3 3 2 2 2 2 2 2 2 2 2 2 2 2 2 2 2 2 2 2 2 2 2 1 1 
87 79 77 69 62 59 58 57 53 52 52 50 47 46 46 45 43 39 39 38 37 36 35 33 32 30 29 24 23 23 23 23 22 22 21 20 20 19 18 18 18 16 15 15 13 12 12 11 11 11 10 10 9 9 9 8 8 8 8 7 7 7 6 5 4 4 3 3 2 2 2 2 2 2 2 2 2 2 2 2 2 2 2 2 2 1 1 1 1 1 1 1 
86 76 74 62 60 56 55 54 52 49 49 47 47 44 44 43 43 39 37 37 37 36 31 30 30 30 29 23 23 23 23 22 22 22 18 18 18 18 18 17 15 15 15 15 13 12 11 10 10 10 10 10 9 8 7 7 7 7 7 6 6 6 6 5 4 4 3 2 2 2 2 2 2 2 2 2 2 2 2 2 2 2 1 1 1 1 1 1 
81 76 73 62 58 56 53 53 52 45 45 44 44 44 43 41 41 39 37 37 36 35 31 30 29 29 24 23 23 23 22 22 22 21 18 18 18 16 15 15 15 15 13 11 10 10 10 10 10 10 10 10 7 7 7 7 7 6 6 6 6 6 6 5 4 4 3 2 2 2 2 2 2 2 2 2 2 2 2 2 1 1 1 1 1 1 
81 74 72 62 55 52 52 52 50 44 44 43 43 43 41 41 38 38 37 36 35 34 31 29 29 27 24 23 23 23 22 21 20 19 18 18 18 15 14 13 13 13 12 11 10 10 10 10 9 9 9 9 7 7 7 6 6 6 6 6 5 5 4 3 3 2 2 2 2 2 2 2 2 2 2 2 2 2 2 2 1 1 1 1 1 
78 72 72 62 54 52 50 50 49 44 44 43 43 43 41 40 37 37 37 34 34 32 28 27 27 26 24 23 20 20 19 18 18 17 16 16 14 14 13 13 13 13 10 10 10 9 9 9 9 9 9 8 7 7 7 6 6 5 5 4 4 3 3 3 3 2 2 2 2 2 2 2 2 2 1 1 1 1 1 1 1 
77 69 68 60 54 52 49 49 49 44 44 42 42 39 39 38 37 36 36 34 33 31 28 27 26 24 24 22 20 19 18 17 16 16 14 13 13 13 13 12 9 8 8 8 8 8 8 8 8 7 5 5 4 4 4 4 4 4 3 3 3 3 3 3 2 2 2 2 2 2 1 1 1 1 1 1 1 
76 69 58 58 54 52 49 48 47 44 42 42 41 39 39 37 36 35 34 34 30 30 27 26 25 23 22 22 20 17 17 15 15 14 14 13 13 13 11 11 9 8 8 8 8 8 8 8 8 7 5 4 4 4 4 4 3 3 3 3 2 2 2 2 2 2 2 1 1 1 1 1 1 1 1 1 1 
74 67 58 56 53 51 49 46 43 43 42 41 38 34 34 34 34 34 32 32 30 29 25 22 22 22 21 20 19 17 17 14 14 14 14 13 13 12 10 9 8 8 8 8 8 8 8 8 8 7 5 4 3 3 3 3 3 3 3 2 2 2 2 2 2 2 2 1 1 1 1 1 1 1 1 1 
72 66 56 54 52 51 49 44 42 41 39 38 38 34 34 34 33 33 28 28 26 24 21 21 21 21 21 19 17 17 15 14 14 14 14 13 12 12 9 9 8 8 8 8 8 8 8 8 5 5 4 3 3 3 3 3 3 3 2 2 2 2 2 2 2 1 1 1 1 1 1 1 1 1 1 1 
70 65 56 50 48 47 47 44 41 40 38 37 36 34 34 34 33 30 27 24 24 20 20 20 19 19 19 18 16 16 15 14 14 12 12 12 10 10 8 8 8 8 8 8 8 8 8 6 5 5 4 3 3 3 3 3 3 3 2 2 1 1 1 1 1 1 1 1 1 1 1 
70 63 56 50 47 47 45 41 40 40 38 35 35 33 32 32 32 29 27 24 20 20 19 19 19 19 19 18 16 16 14 14 13 12 11 11 10 10 8 8 8 8 8 8 8 8 7 6 5 4 3 3 3 3 3 3 3 2 2 2 1 1 1 1 1 1 1 1 1 
65 62 55 48 47 45 43 39 39 39 38 33 33 32 32 32 31 29 26 23 19 19 19 18 18 16 15 15 15 15 13 13 13 12 11 10 10 10 8 8 8 8 8 8 8 8 6 6 4 3 3 3 3 3 3 2 2 1 1 1 1 1 1 1 1 1 1 1 
63 61 55 48 45 44 42 38 38 37 37 33 32 32 31 30 25 24 22 21 19 19 17 17 16 16 15 15 15 12 12 12 12 12 10 9 9 9 8 8 8 8 8 8 8 5 5 4 4 3 3 3 2 2 2 2 2 1 1 1 1 1 1 1 1 1 
61 61 52 47 45 42 42 38 38 37 35 33 31 31 31 27 25 23 20 20 19 19 17 16 15 15 14 13 12 12 12 12 12 12 9 9 9 9 8 8 8 8 8 8 7 5 5 3 3 3 3 3 2 2 1 1 1 1 1 1 1 1 
60 56 51 46 44 42 41 38 37 37 33 31 31 31 30 27 22 22 19 19 18 18 17 16 15 15 14 13 12 12 12 11 11 10 8 8 8 8 8 8 8 6 5 5 5 5 4 3 3 3 2 1 1 1 1 1 1 1 1 
57 49 48 44 44 40 40 38 36 33 31 31 31 30 29 26 22 22 19 19 18 18 17 15 14 14 13 12 12 12 11 11 10 10 8 8 8 8 7 6 6 5 5 5 5 3 3 3 3 3 1 1 1 1 1 1 
57 48 48 43 43 40 40 38 36 33 31 31 30 26 26 25 22 20 19 18 18 17 16 15 14 13 12 12 11 11 11 11 10 9 8 8 8 8 7 6 5 5 5 5 4 3 3 2 2 2 1 1 1 1 1 1 
55 46 46 43 42 39 39 37 34 32 31 30 30 25 23 23 22 20 19 15 15 15 14 14 14 13 12 11 11 11 11 10 9 9 8 8 8 7 7 6 5 4 4 4 4 3 2 2 2 2 1 1 1 
49 46 45 43 42 39 39 36 32 29 29 29 28 25 23 22 20 20 18 15 15 15 14 14 12 12 11 11 11 11 11 10 9 9 8 8 8 6 6 6 5 4 4 4 2 2 2 2 2 1 1 1 1 
49 43 43 40 40 38 36 33 32 29 28 28 27 24 23 21 20 20 18 15 15 14 12 12 11 11 11 11 11 11 11 10 9 6 6 6 6 6 5 5 5 4 2 2 2 2 2 1 1 1 1 1 1 
49 43 43 37 37 35 34 32 31 28 28 28 26 22 20 16 16 16 16 15 15 14 12 12 11 11 11 11 10 10 10 7 7 6 6 6 5 5 5 5 4 2 2 2 2 2 2 1 1 1 1 1 1 
49 43 43 35 35 31 31 30 30 28 26 26 26 21 18 16 16 16 16 15 15 13 11 11 11 11 11 11 10 9 8 7 7 6 6 5 5 5 5 5 4 2 2 2 2 2 2 1 1 1 1 1 1 
43 42 42 34 33 30 30 30 30 27 25 25 24 21 18 16 16 14 13 13 12 11 11 11 11 11 11 11 8 8 7 7 7 6 6 5 5 4 4 4 2 2 1 1 1 1 1 1 1 1 
43 40 38 32 30 30 29 29 29 27 25 25 24 21 17 15 15 14 13 13 12 11 11 11 11 11 10 9 8 7 7 6 6 6 6 5 5 4 4 3 2 2 1 1 1 1 
43 40 37 32 30 30 29 29 29 26 25 25 24 20 17 15 15 13 13 12 12 11 11 11 11 10 9 9 8 7 7 6 6 6 5 5 4 3 3 3 2 2 1 1 1 1 
42 39 37 31 30 29 29 25 25 25 25 22 22 20 14 12 12 12 12 12 12 11 11 11 10 10 9 9 8 7 6 6 5 5 4 4 3 3 3 3 2 1 1 1 1 1 
42 37 36 31 29 29 27 25 25 25 23 21 19 18 14 12 12 12 12 12 12 11 11 11 10 10 9 9 6 5 5 5 5 5 4 4 3 2 2 2 1 1 1 1 1 1 
42 37 34 30 29 29 26 23 23 23 22 21 19 17 14 12 12 12 12 12 12 11 11 10 10 10 8 8 6 5 5 5 5 4 3 2 2 2 1 1 1 1 1 1 1 1 
41 37 34 30 27 27 26 23 22 22 22 20 17 17 12 12 12 12 12 12 12 11 10 10 10 9 8 5 5 5 5 5 3 3 3 2 2 2 1 1 1 1 1 1 1 1 
38 35 29 27 25 25 25 23 22 22 22 20 17 15 12 12 12 12 12 12 11 10 9 9 9 8 7 5 5 5 4 4 3 3 2 2 2 1 1 1 1 1 1 1 
37 34 29 27 25 24 24 23 22 22 21 19 17 15 12 12 12 12 12 11 9 9 8 8 6 6 6 5 5 4 4 2 2 2 2 2 1 1 1 1 1 1 1 
35 34 29 25 25 24 24 23 22 21 21 19 15 15 12 12 12 12 12 11 9 9 8 6 5 5 5 5 5 4 4 2 2 2 2 2 1 1 1 1 1 1 
35 34 28 25 24 23 23 20 19 19 19 17 15 15 12 12 12 11 11 10 9 9 8 6 5 5 5 5 4 4 2 2 2 2 2 1 1 1 1 1 
35 33 26 25 24 23 22 20 19 19 18 17 15 14 12 12 11 11 11 10 9 8 7 6 5 5 5 5 4 2 2 2 2 1 1 1 1 1 1 1 
33 33 25 22 21 21 21 19 19 18 18 17 15 14 12 12 11 11 9 9 8 6 6 6 5 5 4 4 3 2 2 2 1 1 1 1 1 1 1 1 
33 33 25 21 21 21 21 19 19 18 18 17 15 14 11 10 9 7 7 7 7 6 6 6 5 5 4 4 2 2 2 2 1 1 1 1 1 1 1 
33 33 24 21 21 21 21 19 19 18 17 16 14 13 11 8 7 7 7 7 7 6 6 5 5 5 4 3 2 2 1 1 1 1 1 1 1 
33 33 23 21 21 21 19 19 18 18 16 13 13 12 11 7 7 7 7 7 7 6 6 5 5 4 3 3 2 2 1 1 1 1 1 1 1 
33 33 22 21 21 21 19 18 17 17 16 13 12 12 10 7 7 7 7 7 7 6 6 5 4 4 3 3 2 1 1 1 1 1 
33 30 22 21 21 18 17 17 16 14 14 10 10 10 8 7 7 7 4 4 4 4 4 4 3 3 3 1 1 1 1 1 1 1 
30 29 22 21 20 16 16 16 15 14 13 10 10 9 8 7 7 7 4 4 4 4 4 4 3 1 1 1 1 1 1 1 1 1 
28 28 20 20 20 16 16 16 15 14 12 9 9 9 8 7 7 7 4 4 4 4 3 3 1 1 1 1 1 1 1 
28 28 20 20 20 16 16 16 14 12 12 9 8 8 8 7 7 5 4 4 4 4 3 2 1 1 1 1 1 1 1 
28 27 20 20 19 16 16 16 14 12 9 8 8 8 8 7 7 5 4 4 4 4 3 1 1 1 1 1 1 1 1 
28 27 20 19 19 16 16 14 13 10 9 8 8 8 7 7 5 5 4 4 3 3 1 1 1 1 1 1 1 1 1 
28 25 20 19 19 16 16 13 13 10 8 8 8 8 7 7 5 5 4 3 3 1 1 1 1 1 1 1 1 1 1 
28 25 20 19 19 16 16 13 11 9 8 8 8 8 7 7 5 5 4 3 2 1 1 1 1 1 1 1 1 1 1 
27 24 20 19 18 16 16 13 10 9 8 8 7 7 7 5 5 5 4 1 1 1 1 1 1 1 1 1 1 1 1 
26 24 19 18 17 16 16 13 10 8 8 8 7 7 6 5 5 5 4 1 1 1 1 1 1 1 1 1 1 1 1 
25 24 19 17 17 16 14 11 10 8 8 8 7 5 5 5 4 4 3 1 1 1 1 1 1 1 1 1 1 
25 23 19 17 17 16 12 11 10 8 8 8 6 5 5 4 3 3 3 1 1 1 1 1 1 1 1 1 1 
25 23 19 17 17 16 11 10 10 8 6 6 5 5 3 3 3 3 3 1 1 1 1 1 1 1 1 
25 22 19 17 17 15 11 10 10 8 6 6 5 4 3 3 3 3 2 1 1 1 1 1 1 1 1 
24 22 19 17 16 15 11 10 10 8 6 6 3 3 3 3 3 3 2 1 1 1 1 1 1 
24 22 19 17 16 15 10 10 8 8 6 4 3 3 3 3 3 3 2 1 1 1 1 1 1 
24 22 18 17 16 15 9 9 8 5 4 4 3 3 3 3 3 2 1 1 1 1 1 1 1 
23 21 18 16 15 9 7 7 7 5 4 4 3 3 2 2 2 1 1 1 1 1 1 1 1 
23 21 18 16 14 8 6 6 6 3 3 3 3 3 2 2 2 1 1 1 1 1 1 1 1 
23 21 18 15 14 6 6 6 6 3 3 3 3 3 2 2 2 1 1 1 1 1 1 1 1 
21 19 18 15 14 6 6 5 5 3 3 3 3 3 2 2 2 1 1 1 1 1 1 1 1 
21 18 18 15 14 6 6 5 4 3 3 3 3 3 2 2 1 1 1 1 1 1 
21 18 18 14 13 6 5 5 4 3 3 3 3 3 2 2 1 1 1 1 1 1 
21 18 17 14 11 6 4 4 4 3 3 3 3 3 2 1 1 1 1 1 1 
21 17 16 14 11 6 4 4 4 3 3 3 3 3 2 1 1 1 1 1 1 
21 16 16 13 11 6 4 4 4 3 3 2 2 2 1 1 1 1 1 1 
20 16 14 13 10 5 4 4 3 3 3 2 2 2 1 1 1 1 1 1 
19 16 14 13 10 5 4 4 3 3 2 2 2 1 1 1 1 1 1 
18 15 14 12 10 5 4 4 3 3 2 2 1 1 1 1 1 1 1 
17 15 14 12 9 5 3 3 3 3 2 1 1 1 1 1 1 1 1 
17 15 14 12 9 3 3 3 3 3 2 1 1 1 1 1 1 1 1 
15 14 14 12 8 3 3 3 3 3 2 1 1 1 1 1 1 1 1 
14 14 14 10 8 3 3 3 3 3 2 1 1 1 1 1 1 
14 14 14 10 8 3 3 3 3 3 2 1 1 1 1 1 1 
14 14 14 10 8 3 3 3 3 3 2 1 1 1 1 1 1 
14 11 11 10 8 3 3 3 3 3 2 1 1 1 1 1 1 
14 11 10 9 8 3 3 3 3 2 2 1 1 1 1 1 
14 11 10 8 7 3 3 3 3 2 2 1 1 1 1 1 
14 11 10 8 6 3 3 3 3 2 2 1 1 1 1 
14 11 10 8 5 3 3 3 2 2 1 1 1 1 1 
14 11 10 8 5 3 3 3 2 2 1 1 1 1 1 
13 11 9 7 5 3 3 2 2 1 1 1 1 1 1 
13 11 9 7 5 3 3 2 2 1 1 1 1 1 1 
13 10 9 7 4 3 2 2 2 1 1 1 1 1 1 
13 10 9 7 2 2 2 2 2 1 1 1 
13 9 9 7 2 2 2 2 1 1 1 1 
13 9 9 7 2 2 2 2 1 1 1 1 
11 9 9 7 2 2 2 1 1 1 1 1 
11 9 6 6 2 2 2 1 1 1 1 1 
11 9 6 5 2 2 2 1 1 1 1 1 
10 9 5 5 2 2 2 1 1 1 1 1 
10 9 5 5 2 2 2 1 1 1 1 1 
10 9 5 5 2 2 2 1 1 1 1 1 
10 9 5 5 2 2 2 1 1 1 1 1 
10 9 5 4 2 2 1 1 1 1 1 1 
10 9 5 4 2 1 1 1 1 1 
10 9 5 4 2 1 1 1 1 1 
10 8 5 4 2 1 1 1 1 1 
10 8 5 4 2 1 1 1 1 1 
10 8 5 4 2 1 1 1 1 1 
9 8 5 4 2 1 1 1 1 1 
9 8 5 4 2 1 1 1 1 
9 8 5 4 2 1 1 1 
9 8 4 4 2 1 1 
8 7 4 3 2 1 1 
8 6 4 3 2 1 1 
8 6 4 3 2 1 1 
8 6 3 3 2 1 1 
8 6 3 3 2 1 1 
8 6 3 3 1 1 1 
8 6 3 3 1 1 1 
8 6 3 3 1 1 1 
8 6 3 3 1 1 1 
8 5 3 3 1 1 1 
8 5 3 2 1 1 
7 5 3 2 1 
7 4 3 2 1 
7 4 3 2 1 
7 4 3 1 1 
6 4 3 1 1 
6 4 3 1 1 
6 3 2 1 
6 3 2 1 
6 3 2 1 
6 3 2 1 
6 3 2 1 
5 3 2 1 
5 3 1 1 
5 2 
5 2 
5 2 
4 2 
4 2 
4 2 
4 2 
4 2 
3 2 
3 2 
3 2 
3 2 
3 2 
3 1 
3 1 
3 1 
2 1 
2 1 
2 
2 
2 
2 
2 
2 
2 
2 
2 
1 
1 
1 
1 
