172 158 146 137 137 134 129 126 118 113 103 103 100 99 98 98 90 90 90 88 88 80 79 76 74 72 72 72 71 70 67 67 60 60 58 58 57 56 56 55 52 52 52 50 50 48 46 46 45 45 43 43 42 41 38 38 38 38 36 36 35 35 35 33 33 31 31 29 28 28 28 28 27 26 26 25 23 23 23 21 21 21 21 21 20 20 18 17 17 15 15 14 14 14 13 13 13 13 13 12 11 11 11 11 11 11 10 9 9 9 9 9 8 8 8 8 8 8 7 6 6 6 6 6 5 5 5 5 5 4 4 4 4 4 4 3 3 2 2 2 2 1 1 1 1 1 1 1 1 1 1 1 1 1 1 1 1 1 1 1 1 1 
154 136 122 117 112 109 105 104 101 99 94 91 90 87 81 79 74 74 74 72 70 70 69 65 65 64 62 60 60 58 58 58 58 58 57 55 53 48 48 43 43 43 42 42 42 37 36 36 36 36 36 36 36 35 35 35 35 34 33 33 32 32 29 29 29 28 28 28 25 25 24 24 24 24 23 23 21 21 21 18 17 17 16 16 16 16 12 12 10 10 9 9 9 9 9 9 9 9 9 9 9 9 9 9 9 9 9 9 7 7 7 7 7 6 6 6 6 6 6 5 5 5 5 4 3 3 3 3 3 3 3 2 2 2 2 2 1 1 
147 132 118 117 105 101 100 97 96 90 89 88 85 84 77 76 74 73 71 70 68 67 67 62 59 59 59 59 58 58 57 56 54 54 52 52 48 45 43 43 43 41 41 39 37 37 36 36 36 36 36 34 34 32 32 32 32 29 29 29 28 27 27 26 26 25 25 25 22 21 21 21 21 20 20 20 20 19 19 18 17 15 13 13 13 13 12 10 10 9 9 9 9 9 9 9 9 9 9 9 8 8 7 7 7 7 6 6 6 6 6 6 6 6 6 6 6 6 5 5 5 4 4 2 2 2 2 2 2 2 2 2 1 
138 127 118 106 105 100 100 95 93 89 82 82 81 74 73 70 70 69 65 64 64 64 61 60 58 58 58 56 56 55 53 50 49 49 48 48 45 45 43 42 41 38 38 37 37 36 35 35 34 34 34 34 33 32 32 31 28 28 28 27 25 25 25 25 24 24 23 22 21 21 19 18 17 17 16 16 16 16 16 16 15 14 13 12 12 12 11 10 9 9 9 9 9 9 9 9 8 7 6 6 6 6 6 6 6 6 6 5 5 5 5 4 3 2 2 2 2 2 2 2 2 2 2 2 2 2 2 1 1 1 1 1 1 
137 124 116 103 96 91 90 87 86 83 81 77 76 66 66 64 64 63 56 56 54 54 52 51 51 50 50 50 49 48 48 46 45 45 45 43 43 42 41 39 39 37 37 36 35 35 35 34 31 31 31 31 27 25 23 22 22 21 20 20 20 20 20 19 18 17 16 16 16 16 16 16 16 16 16 15 15 15 15 15 14 14 11 10 10 10 10 10 9 9 9 8 8 8 8 8 8 7 6 6 6 6 5 5 5 5 5 5 4 4 2 2 2 1 1 1 1 1 1 1 1 1 1 1 1 1 1 1 1 1 1 
131 124 111 102 96 91 85 85 83 79 73 72 66 64 64 63 63 60 56 56 54 53 52 51 51 50 49 45 43 43 43 41 41 41 40 39 38 37 37 37 37 35 35 35 34 34 31 31 31 30 29 27 26 25 22 22 21 21 20 20 20 18 18 17 17 17 16 16 15 15 14 14 14 14 13 13 13 12 12 9 9 9 9 9 8 8 8 8 8 8 8 7 7 7 7 7 7 7 6 6 6 5 5 5 5 5 4 4 3 2 1 1 1 1 1 1 1 1 1 1 1 1 
120 116 110 98 91 87 84 83 82 71 71 69 64 61 60 59 58 56 56 54 54 51 49 47 47 47 46 43 43 41 41 41 40 40 39 37 37 37 32 32 31 30 29 28 28 28 28 28 28 28 27 26 25 25 22 21 20 20 20 20 18 18 18 17 17 16 16 15 15 15 14 14 13 12 12 10 9 9 9 8 8 8 8 8 8 8 8 8 8 7 7 7 7 6 6 5 5 4 4 4 4 4 4 3 3 2 2 2 2 2 1 1 1 1 1 1 
119 108 108 98 89 87 83 75 68 68 64 59 59 58 58 56 56 56 53 51 51 49 48 47 47 47 42 42 42 40 40 40 40 39 39 33 32 31 31 31 29 29 28 28 28 27 27 26 26 26 23 23 23 22 21 21 20 20 19 18 18 18 16 15 12 12 12 11 11 11 11 11 11 11 11 10 9 9 8 8 7 7 7 7 7 6 6 6 6 6 5 5 5 5 3 3 3 3 3 3 2 2 2 2 2 1 1 1 1 1 1 1 1 1 1 1 
118 107 102 93 88 87 82 70 66 65 63 58 57 57 57 56 54 52 52 49 47 47 47 46 46 44 42 42 42 40 37 37 35 35 35 31 31 30 30 28 28 28 28 28 26 26 23 23 23 23 23 20 18 18 17 17 17 17 16 16 14 13 11 11 11 11 11 11 9 9 9 9 9 9 9 9 9 9 8 8 7 7 7 6 6 5 5 5 5 5 4 4 4 4 3 3 3 3 3 2 2 2 2 2 1 1 1 1 1 1 1 1 1 1 1 
114 107 99 93 84 84 77 70 65 63 60 57 57 54 54 54 54 51 48 48 47 47 45 44 40 39 37 37 37 37 37 36 35 35 35 31 30 27 27 27 27 26 26 26 26 23 23 23 23 22 21 20 17 17 17 17 17 17 13 13 13 13 11 11 11 11 11 11 9 9 9 9 9 9 9 9 8 8 8 7 7 7 5 4 4 4 4 4 4 4 4 4 4 4 3 3 3 2 2 2 2 1 1 1 1 1 1 1 1 1 1 
113 107 91 88 80 76 72 65 61 61 58 55 55 48 48 48 48 48 46 46 46 45 45 44 37 37 37 37 37 33 33 33 33 33 33 30 30 27 27 26 26 26 26 24 22 22 21 21 21 20 19 17 15 15 15 15 15 15 13 12 12 12 11 11 11 11 10 10 9 9 9 9 8 8 8 8 8 7 6 6 5 5 4 4 4 4 4 4 4 4 3 1 1 1 1 1 1 1 1 1 1 1 1 1 1 
110 98 86 84 79 74 71 62 60 59 53 53 53 48 48 48 46 46 46 45 41 41 40 36 36 35 34 34 34 33 32 32 31 31 30 29 28 26 26 26 25 25 25 21 21 21 20 20 20 18 17 16 15 15 15 15 15 14 13 12 12 11 10 10 10 10 10 8 8 8 8 8 8 8 7 7 7 6 6 5 5 4 4 4 4 4 4 4 4 3 3 1 1 1 1 1 1 1 1 1 1 
106 98 85 84 74 72 67 55 54 54 51 50 50 47 47 47 46 44 43 42 41 40 35 35 34 34 34 34 33 31 31 31 26 26 26 25 25 25 25 25 23 22 21 21 20 20 18 16 16 16 16 15 15 15 15 14 13 13 12 10 10 10 8 8 8 8 8 7 7 7 7 7 7 7 7 6 6 5 5 5 4 4 4 3 3 3 3 3 3 2 1 1 1 1 1 1 1 1 1 
101 96 79 77 71 69 66 54 54 54 50 50 49 47 43 43 41 39 38 38 38 38 35 35 34 33 33 33 32 31 30 30 25 25 25 25 25 24 24 24 23 22 21 21 19 19 15 15 15 14 14 14 13 13 13 13 13 12 11 10 10 10 8 7 7 7 7 7 7 6 6 6 4 4 4 4 4 4 4 4 4 4 3 3 3 3 3 3 3 1 1 1 1 1 1 1 1 1 1 
99 92 76 75 70 69 60 54 54 51 50 48 47 46 43 43 39 38 38 36 36 36 35 33 33 33 33 31 31 31 29 29 25 25 25 23 23 23 23 23 22 22 19 19 19 19 15 15 14 14 14 13 13 11 11 10 10 10 10 10 8 8 8 7 7 7 7 7 7 6 6 6 4 4 4 3 3 3 3 3 3 3 3 3 2 2 2 2 1 1 1 1 1 1 1 1 1 1 
94 91 76 71 70 69 56 54 54 51 49 47 47 46 43 43 38 37 36 36 36 36 33 33 32 32 30 30 30 29 28 27 25 25 24 23 23 23 21 21 20 20 19 17 16 13 13 13 12 12 11 11 10 10 9 9 9 9 7 7 7 7 7 6 6 6 6 6 6 6 5 4 4 4 3 3 3 3 3 3 3 2 2 2 1 1 1 1 1 1 1 1 1 1 1 1 1 1 
90 86 74 70 67 66 54 54 53 51 48 47 44 43 41 40 37 37 36 36 36 36 33 33 32 31 29 29 29 28 28 27 25 25 23 23 23 23 21 20 19 19 18 16 16 13 13 12 12 12 11 11 10 10 9 9 8 7 7 7 7 6 6 6 6 6 6 5 5 5 5 4 4 3 3 3 2 2 2 2 2 2 2 2 1 1 1 1 1 1 1 1 1 
88 82 70 68 66 63 54 54 52 48 48 43 43 43 41 38 37 37 36 36 35 32 32 31 31 29 29 28 28 28 27 24 24 24 23 22 21 21 20 19 18 16 14 14 13 13 13 12 12 12 11 10 9 9 9 8 8 7 7 5 5 5 5 5 5 5 3 3 3 3 3 3 3 3 3 2 2 2 2 2 1 1 1 1 1 1 1 
85 79 70 68 63 63 54 52 52 48 47 43 42 41 41 37 37 37 36 34 34 32 31 30 30 29 28 27 27 27 27 24 23 21 21 20 20 20 18 18 16 16 14 14 13 13 13 11 11 11 10 9 9 9 9 5 5 5 5 5 5 5 4 4 4 3 3 3 3 3 3 3 2 2 2 1 1 1 1 1 1 1 
83 76 70 66 63 63 54 51 49 48 46 41 41 38 38 37 35 35 35 33 30 30 30 30 28 24 24 23 22 22 22 22 20 20 20 20 19 19 17 17 15 15 13 13 13 12 12 10 10 7 7 6 5 5 5 4 4 4 4 4 4 4 4 4 3 3 3 3 3 3 3 3 2 2 1 1 1 1 1 1 1 1 
83 75 70 66 63 56 54 50 49 48 45 40 38 38 36 35 35 34 33 31 29 29 29 29 25 22 22 21 21 21 21 21 19 19 19 19 19 17 16 15 15 14 13 12 11 10 10 10 8 5 5 5 5 5 4 4 4 4 4 4 4 4 4 4 3 2 2 2 2 2 2 2 2 1 1 1 1 1 1 1 1 1 
82 75 69 64 59 56 53 49 48 48 39 39 38 38 35 35 33 33 32 31 28 28 28 28 24 21 21 21 21 21 21 20 19 19 19 19 17 17 15 15 15 14 12 12 10 10 10 9 7 5 5 5 4 4 4 4 4 4 4 4 4 4 4 4 3 2 2 2 2 2 2 2 1 1 1 1 1 1 1 1 
82 74 67 64 53 53 50 48 48 47 39 39 38 38 34 34 33 30 27 27 27 26 25 25 22 21 21 21 20 20 20 20 19 19 17 17 17 16 15 14 14 13 12 11 10 8 8 7 6 5 5 5 4 4 4 4 4 4 4 2 2 2 2 2 2 2 2 2 2 1 1 1 1 1 1 1 1 1 
79 74 66 64 53 53 49 48 48 43 39 38 36 36 34 34 28 27 27 26 25 25 25 25 22 21 21 21 20 20 20 19 18 18 15 15 15 14 14 13 8 8 8 8 8 7 7 6 6 5 5 5 4 4 4 4 4 4 4 2 2 2 2 2 2 2 2 2 1 1 1 1 1 1 1 1 1 
79 70 64 62 53 52 48 48 47 43 39 37 36 36 34 33 26 26 26 26 25 25 25 25 22 21 21 21 19 19 19 19 18 16 15 15 14 13 13 12 8 8 8 8 8 7 7 5 5 5 5 5 4 4 4 4 4 4 1 1 1 1 1 1 1 1 1 1 1 1 1 1 1 1 1 
77 66 64 62 52 51 48 47 45 41 36 36 36 35 33 32 26 26 26 26 25 24 24 24 22 21 21 19 19 19 18 15 15 15 14 14 13 13 12 11 8 8 8 8 8 7 7 5 5 5 5 5 4 4 3 3 3 2 1 1 1 1 1 1 1 1 1 1 1 1 1 1 1 1 
77 66 63 56 52 50 48 45 44 38 36 35 34 30 30 30 26 26 25 25 24 24 23 21 21 20 20 19 19 19 16 15 14 14 13 13 11 9 9 9 8 8 8 8 8 7 7 5 4 4 4 3 3 2 2 2 2 2 1 1 1 1 1 1 1 1 1 1 1 
76 65 62 54 51 50 48 44 40 37 36 34 32 30 30 29 25 25 25 25 23 22 21 21 21 20 19 19 18 18 16 15 14 13 12 12 9 9 9 8 8 8 7 7 5 5 5 5 4 4 4 3 3 2 2 2 2 2 1 1 1 1 1 1 1 1 1 1 1 
74 65 60 54 51 49 47 44 40 35 35 33 32 30 30 29 25 25 25 24 23 22 21 21 19 19 18 18 18 18 15 14 14 13 12 11 9 8 8 8 8 8 7 7 5 5 5 5 4 4 4 2 2 2 2 2 2 1 1 1 1 1 1 1 1 1 1 
67 64 58 50 50 48 46 42 37 35 33 32 31 30 28 28 25 25 23 23 23 21 21 19 18 18 18 18 17 16 15 14 13 13 11 10 9 8 7 7 6 6 5 5 5 5 4 4 4 3 3 2 2 2 2 2 1 1 1 1 1 1 1 1 
67 57 57 49 48 47 45 41 37 35 33 32 30 29 28 27 25 25 23 23 23 20 19 19 18 18 16 16 16 16 14 13 13 13 9 9 8 8 7 6 6 6 5 5 5 5 4 4 4 3 3 2 2 1 1 1 1 1 1 1 1 1 1 
66 57 55 49 48 45 44 38 37 34 32 30 29 29 28 27 25 25 23 23 21 19 19 18 18 18 16 16 14 14 13 13 12 11 9 9 7 7 6 6 5 5 4 4 3 3 3 3 3 2 2 2 1 1 1 1 1 1 1 1 1 1 1 
64 57 53 48 48 45 43 38 37 33 31 30 29 27 27 25 25 24 23 23 21 19 18 18 18 17 16 14 14 12 12 12 12 9 9 9 7 7 5 5 5 5 4 3 3 3 3 3 3 2 2 2 1 1 1 1 1 1 1 1 1 1 
61 57 51 45 45 44 42 38 35 33 31 29 29 27 26 25 25 24 22 21 21 19 18 17 17 16 16 14 13 12 12 11 10 9 9 8 7 5 5 4 4 4 4 3 3 3 3 3 3 2 1 1 1 1 1 1 1 1 1 
61 54 49 45 42 42 42 36 34 33 31 29 28 27 26 25 25 23 22 21 20 17 17 17 17 16 15 14 12 11 10 9 8 8 8 8 4 3 3 3 3 3 3 3 3 2 2 2 2 2 1 1 1 1 1 
57 53 48 45 42 42 40 36 33 33 31 27 27 27 26 25 24 23 22 21 19 17 17 16 16 15 14 11 11 10 9 9 8 7 6 5 3 3 3 3 3 1 1 1 1 1 1 1 1 1 1 1 1 1 1 
57 50 48 45 42 42 40 36 32 31 29 26 26 26 25 24 23 21 20 20 17 17 17 16 15 14 14 10 9 9 8 8 7 7 6 5 3 3 2 1 1 1 1 1 1 1 1 1 1 1 1 1 1 1 1 
53 49 47 45 42 41 37 33 31 29 27 26 26 25 23 22 21 20 20 19 17 16 14 14 14 13 13 10 9 9 8 8 6 6 4 3 3 2 1 1 1 1 1 1 1 1 1 1 1 1 1 1 
53 49 44 44 42 38 31 30 30 29 27 26 26 25 23 21 21 20 17 17 17 15 12 11 11 11 11 9 9 8 8 8 6 6 4 3 3 2 1 1 1 1 1 1 1 1 1 1 1 
50 48 44 43 41 38 31 30 29 28 27 24 24 24 22 21 21 20 17 13 12 12 11 11 10 10 10 9 9 5 5 5 5 5 4 3 3 2 1 1 1 1 1 1 1 1 1 1 1 
49 48 43 42 38 35 30 30 29 28 26 24 23 22 21 19 17 17 17 12 12 12 11 11 10 10 9 8 8 5 5 5 5 2 2 2 2 2 1 1 1 1 1 1 1 1 1 1 
48 47 42 41 35 34 30 29 29 27 26 22 22 21 21 18 17 17 17 12 11 11 11 11 10 10 8 8 7 5 5 5 4 2 2 2 2 1 1 1 1 1 1 1 1 1 1 
48 44 41 41 34 30 27 27 26 24 23 21 21 19 19 16 16 14 13 12 11 11 11 11 10 9 8 8 7 5 5 5 4 2 2 2 2 1 1 1 1 1 1 1 1 1 1 
48 43 41 39 34 28 27 27 26 24 22 21 19 19 19 15 14 14 12 12 11 11 11 11 8 8 7 7 6 5 5 5 4 2 2 2 2 1 1 1 1 1 1 1 1 1 
47 43 40 37 34 28 27 27 25 23 22 21 18 17 17 15 14 14 12 11 11 11 10 9 8 8 6 6 5 5 5 3 3 2 2 2 1 1 1 1 1 1 1 1 1 1 
44 42 38 36 34 27 27 27 25 21 21 19 17 16 16 14 14 14 12 11 11 9 9 8 8 8 6 6 5 5 4 3 2 2 2 2 1 1 1 1 1 1 1 1 1 1 
44 40 37 34 32 27 26 25 23 19 19 19 16 16 15 14 14 12 12 11 10 9 9 8 6 6 6 6 5 3 3 3 2 2 2 2 1 1 1 1 1 1 1 
44 39 37 34 31 27 26 23 20 19 19 19 16 15 15 12 12 12 11 11 10 8 7 7 6 6 5 5 5 3 3 2 2 2 1 1 1 1 1 1 1 1 1 
41 38 34 34 30 27 26 22 20 19 19 16 15 15 15 12 12 12 11 10 10 8 7 6 6 5 5 4 4 3 2 2 2 2 1 1 1 1 1 1 1 1 
39 38 34 32 30 27 24 20 19 19 17 16 14 14 12 12 12 12 10 9 8 8 7 5 5 5 4 4 4 3 2 2 1 1 1 1 1 1 1 1 1 1 
39 37 34 30 30 27 23 18 18 17 16 15 14 14 12 12 11 11 9 8 8 7 5 5 5 5 4 4 4 3 2 2 1 1 1 1 1 1 1 1 1 
39 37 32 30 29 25 22 18 16 16 15 15 14 14 12 11 11 11 9 8 6 6 5 5 5 5 2 2 2 2 2 2 1 1 1 1 1 1 1 1 1 
39 36 32 30 28 25 22 16 16 15 13 13 13 13 12 11 11 10 9 8 6 6 5 5 5 4 2 2 2 2 2 1 1 1 1 1 1 1 1 1 1 
39 36 31 28 28 25 21 16 16 14 13 13 13 13 11 11 11 10 9 7 6 6 5 5 4 4 2 2 2 2 2 1 1 1 1 1 1 1 1 1 1 
38 36 29 27 24 22 21 15 14 13 13 13 13 13 11 11 9 7 6 6 6 6 5 5 4 4 2 2 2 2 2 1 1 1 1 1 1 1 1 1 
38 34 28 27 23 20 17 14 14 13 13 13 13 13 11 11 9 6 6 6 6 5 5 4 3 3 2 2 2 2 2 1 1 1 1 1 
38 33 27 27 22 20 17 14 14 13 13 13 13 12 11 11 8 6 6 6 6 5 5 4 3 3 2 2 2 2 2 1 1 1 1 1 
37 33 27 27 22 20 16 14 14 13 13 13 13 12 11 9 8 6 6 6 6 5 4 3 3 2 2 2 2 2 2 1 1 1 1 1 
37 33 27 27 22 20 16 14 14 13 13 13 13 11 11 8 7 6 6 6 6 4 4 3 3 2 2 2 2 2 1 1 1 1 1 1 
36 31 27 25 21 20 16 13 13 13 13 12 12 11 10 7 7 6 6 6 3 3 3 3 3 2 2 2 2 2 1 1 1 1 1 
35 31 25 25 21 19 16 13 13 13 13 12 11 10 10 7 7 6 6 6 3 3 3 3 3 2 2 2 2 2 1 1 1 1 1 
34 27 25 24 20 18 16 13 13 13 12 12 11 10 9 7 7 6 6 6 3 3 3 3 3 2 2 2 2 1 1 1 1 1 
34 27 25 21 20 18 16 13 13 13 12 12 11 10 9 7 6 6 6 6 3 3 3 3 3 2 2 2 2 1 1 1 1 1 
33 27 25 19 18 13 13 13 13 13 11 11 11 10 8 7 6 6 6 6 3 3 3 3 3 2 2 2 2 1 1 1 
33 27 24 19 18 13 13 13 13 12 11 11 9 9 8 7 6 6 5 5 3 3 3 3 2 2 2 2 1 
33 27 22 18 18 13 13 13 13 12 11 9 9 8 7 7 6 6 5 4 3 3 3 2 2 2 2 1 
33 27 22 17 15 13 13 13 11 11 11 8 7 7 7 7 3 3 3 2 2 2 2 2 2 2 1 
33 26 22 14 14 13 13 11 10 10 10 8 7 7 7 6 3 3 3 2 2 2 2 2 2 1 1 
32 26 22 14 13 13 13 11 9 9 9 7 7 7 7 6 3 3 3 2 2 2 2 2 1 1 1 
30 26 22 13 13 13 12 10 9 9 8 7 7 7 7 6 3 3 2 2 2 2 2 1 1 1 
30 25 22 13 13 12 12 10 9 9 8 7 7 7 7 6 3 3 2 2 2 2 2 1 1 1 
29 24 18 13 12 12 12 9 9 9 7 6 6 5 5 5 3 3 2 2 2 2 2 1 1 1 
29 24 18 13 12 12 12 9 9 9 7 6 5 5 5 5 3 3 2 2 2 1 1 1 1 
29 22 18 13 12 12 12 9 8 7 6 5 5 5 5 4 3 3 2 2 2 1 1 1 1 
28 22 17 13 12 12 12 9 8 7 6 4 4 4 4 4 3 3 2 2 1 1 1 
28 22 17 12 12 12 9 9 7 7 6 4 4 4 3 3 3 3 2 2 1 1 1 
27 19 17 12 12 12 9 9 7 7 6 4 4 4 3 3 3 3 2 1 1 1 1 
25 17 17 12 12 12 9 6 6 6 5 4 4 3 3 3 3 3 2 1 1 
25 17 14 12 12 8 7 6 5 5 5 4 4 3 3 3 3 3 2 1 
25 17 13 12 10 8 6 6 5 4 4 4 3 3 3 3 3 2 1 1 
25 16 13 12 10 8 6 5 4 4 3 3 3 3 3 3 3 2 1 1 
24 15 13 10 9 7 6 5 4 3 3 3 2 2 2 2 2 2 1 1 
24 15 13 9 9 7 6 4 4 3 3 2 2 2 2 2 2 2 1 1 
23 15 12 9 8 7 5 4 4 3 3 2 2 2 2 2 2 2 1 
22 15 12 9 8 7 5 4 3 2 2 2 2 2 2 2 2 
22 13 12 9 8 6 5 3 3 2 2 2 2 2 2 2 2 
22 13 12 9 7 6 5 2 2 2 2 2 2 2 2 2 1 
20 13 12 9 7 6 5 2 2 2 2 2 2 2 1 1 1 
19 13 11 9 7 6 5 2 2 2 2 2 2 2 1 1 
19 13 10 8 7 6 5 2 2 2 2 2 2 2 1 1 
19 13 9 8 6 6 5 2 2 2 2 2 2 2 1 
19 13 9 8 6 6 5 2 2 2 2 2 2 2 1 
19 13 8 6 5 5 5 2 2 2 2 2 2 1 1 
17 13 6 5 5 5 4 2 2 2 2 2 2 1 1 
17 13 6 5 5 5 4 2 2 2 2 2 1 1 1 
16 11 5 5 5 5 4 2 2 2 2 1 1 1 1 
15 11 5 5 5 5 4 2 2 2 1 
14 11 5 5 5 5 3 2 2 2 1 
14 11 5 5 5 5 3 2 2 2 1 
12 11 5 5 5 4 3 2 2 2 1 
12 11 5 5 4 4 3 2 2 1 1 
12 9 5 5 4 4 3 2 1 1 1 
12 9 5 4 4 4 3 1 1 1 1 
12 9 5 4 4 3 2 1 1 1 
9 9 5 4 4 3 2 1 1 1 
9 8 5 4 4 3 2 1 1 1 
9 8 5 4 4 3 2 1 1 1 
9 8 5 4 3 3 2 1 1 1 
9 8 5 4 3 3 2 1 1 
9 8 5 4 3 3 2 1 
9 8 5 4 3 2 2 1 
8 8 5 4 3 2 1 
8 8 4 4 3 2 1 
8 8 4 3 3 2 1 
8 8 4 3 3 2 1 
8 7 4 3 3 2 1 
7 6 4 3 3 1 1 
7 6 4 3 3 1 1 
7 5 4 2 2 1 1 
7 5 4 2 2 1 1 
7 5 4 2 2 1 
7 5 4 2 2 1 
7 5 4 2 2 1 
7 5 3 2 2 1 
6 5 3 2 2 1 
6 5 3 2 2 
5 4 3 2 1 
5 4 2 1 
5 4 1 1 
5 4 1 1 
5 4 1 1 
5 4 1 1 
5 4 1 1 
5 3 1 1 
5 2 1 1 
4 2 1 
4 2 1 
3 2 1 
3 2 1 
3 1 1 
2 1 1 
2 1 1 
2 1 1 
2 1 1 
2 1 1 
1 1 1 
1 1 1 
1 1 1 
1 1 1 
1 1 1 
1 1 1 
1 1 1 
1 1 1 
1 1 
1 1 
1 1 
1 1 
1 
1 
1 
1 
1 
1 
1 
1 
1 
1 
1 
1 
1 
1 
1 
1 
1 
1 
1 
1 
1 
1 
1 
1 
1 
1 
1 
1 
1 
1 
1 
1 
