168 150 140 139 139 139 131 127 98 98 98 94 93 84 83 83 83 77 77 76 75 74 71 71 70 69 69 69 68 68 66 66 59 57 56 56 55 55 53 53 52 48 48 46 46 45 43 41 38 38 38 38 35 34 33 33 33 33 32 32 31 31 31 31 30 29 28 28 28 28 28 26 26 26 25 25 24 23 22 22 22 21 21 20 20 19 18 16 16 16 15 15 15 14 13 13 13 13 13 13 13 12 12 12 12 12 12 11 11 8 8 8 8 8 8 8 8 8 8 8 8 8 8 8 8 8 7 7 6 5 5 5 5 5 5 5 5 5 4 4 4 4 4 4 3 3 2 2 2 2 1 1 1 1 1 1 1 1 1 1 1 1 1 1 1 1 1 1 1 1 1 
149 141 140 128 128 118 101 100 95 93 91 86 86 83 83 83 78 77 77 75 72 67 64 62 59 59 56 56 55 54 54 54 52 51 51 51 51 51 45 45 45 44 42 41 40 40 39 36 36 35 35 35 33 31 31 28 28 28 28 26 25 25 25 25 25 24 24 24 24 24 24 24 24 24 21 21 21 19 19 18 18 17 16 16 16 16 15 15 13 13 13 13 13 12 12 12 12 12 12 12 9 9 7 7 7 7 7 7 7 7 7 7 6 6 6 6 6 6 6 6 6 6 5 5 5 5 4 4 4 4 4 4 4 4 3 3 3 3 2 2 2 1 1 1 1 1 1 1 1 1 1 1 1 1 1 1 
146 140 134 123 115 109 101 99 94 93 88 85 84 81 78 78 77 77 77 74 67 63 61 61 57 57 56 56 54 54 51 51 50 50 50 50 49 43 43 41 40 40 40 38 36 36 36 35 35 33 33 32 30 27 27 26 26 26 26 26 24 24 24 24 24 24 24 24 24 24 23 21 20 20 20 19 19 19 18 18 16 16 15 14 13 13 13 12 12 12 12 12 11 11 11 9 9 9 9 9 8 8 7 7 7 7 7 7 7 7 6 6 6 6 6 6 6 6 6 5 4 4 3 3 3 3 3 3 3 3 3 3 3 3 3 2 2 2 2 1 1 1 1 1 
125 123 118 111 110 103 100 93 92 91 87 83 81 78 75 74 74 74 71 66 66 58 58 57 55 51 50 50 50 49 49 49 49 48 45 43 39 39 36 36 35 34 33 33 33 32 31 31 31 30 30 28 27 27 27 26 26 26 26 26 24 24 24 24 24 24 23 22 22 21 21 19 19 17 17 16 16 15 15 14 14 13 13 13 13 13 12 11 11 11 11 10 8 8 7 7 7 7 6 6 6 6 6 6 6 6 6 6 6 5 5 5 5 5 5 4 3 3 3 3 2 2 2 2 2 2 2 2 2 2 2 2 2 2 2 2 1 1 1 1 1 1 
121 120 108 106 106 101 92 82 82 82 81 81 79 74 70 70 69 66 66 65 63 58 58 55 54 50 50 50 49 45 45 43 43 42 42 42 38 37 36 35 34 34 33 32 31 31 30 30 28 28 28 28 27 25 25 25 25 25 24 24 24 23 22 22 21 21 19 19 19 19 19 15 15 15 15 15 15 13 13 13 13 11 11 11 11 11 11 11 11 10 9 9 7 6 6 6 5 5 5 5 5 4 4 4 3 3 3 3 3 3 2 2 2 2 2 2 2 1 1 1 1 1 1 1 1 1 1 1 1 1 1 1 1 1 1 1 1 1 1 1 1 1 
117 102 102 102 102 98 86 82 81 78 77 77 77 70 70 70 65 63 63 63 61 58 57 53 51 50 48 48 48 45 44 42 39 39 39 39 37 36 36 34 34 34 33 31 30 24 24 23 23 23 23 23 23 23 23 23 23 23 23 23 22 22 21 21 20 20 19 17 16 16 16 15 15 13 13 13 13 13 13 13 12 11 11 11 11 11 10 10 10 9 7 7 7 5 5 5 4 4 2 2 2 2 2 2 2 2 2 2 2 2 2 2 2 2 2 1 1 1 1 1 1 1 1 1 1 1 1 1 1 1 
112 102 102 101 100 94 83 79 78 77 76 73 73 70 70 68 65 63 62 61 60 56 52 51 50 50 46 45 45 45 39 39 39 38 36 36 35 32 32 32 30 30 30 30 26 24 23 23 23 23 23 23 21 21 21 21 21 21 20 18 18 18 18 18 18 17 17 17 16 15 15 14 14 13 12 12 12 12 12 11 11 11 9 8 6 6 6 6 6 6 6 6 5 4 4 4 3 3 2 2 2 2 2 2 2 2 2 1 1 1 1 1 1 1 1 1 1 1 1 1 1 
112 102 102 100 97 83 79 76 76 75 73 65 65 64 64 63 61 60 60 59 57 53 50 49 47 46 43 42 42 41 39 39 39 37 36 36 32 31 31 31 30 30 30 29 26 24 23 23 22 22 22 20 20 20 20 20 19 19 18 18 18 18 17 17 15 15 15 14 13 13 13 13 12 12 12 11 11 10 9 8 8 7 6 6 5 5 5 4 4 4 4 4 4 4 2 2 2 2 2 2 2 2 2 1 1 1 1 1 1 1 1 1 1 1 1 
107 101 101 99 96 83 79 76 76 73 70 65 63 63 61 61 60 59 55 53 50 50 50 45 44 43 43 42 42 41 39 39 36 35 32 32 31 31 31 30 29 29 29 28 24 24 23 23 22 20 19 19 19 19 19 19 19 18 18 18 17 17 16 16 15 15 15 13 13 13 13 12 11 8 8 8 8 7 6 6 6 6 6 6 5 4 4 4 4 4 4 4 4 3 2 2 1 1 1 1 1 1 1 1 1 1 1 1 1 1 
96 92 92 92 91 81 79 76 68 60 59 57 57 57 57 56 56 51 51 51 50 49 49 45 43 42 42 42 39 38 36 36 34 34 32 32 31 31 30 29 29 29 28 25 24 23 21 21 21 19 19 19 19 19 18 18 18 18 18 17 14 14 14 13 13 13 13 13 12 12 11 11 7 7 7 6 6 6 6 6 6 6 5 5 5 4 4 4 4 4 4 4 4 3 2 2 1 1 1 
95 92 91 90 87 78 75 75 67 60 59 57 57 55 55 54 51 50 50 50 49 48 48 43 43 41 41 39 36 36 35 33 33 32 31 29 29 29 29 29 27 24 24 24 23 22 20 20 18 17 16 15 15 15 15 15 14 14 14 14 14 14 12 12 12 12 12 10 10 10 9 9 7 7 7 6 6 6 6 6 6 5 4 4 4 4 3 3 3 3 3 3 2 2 2 1 1 1 
95 91 91 90 85 78 73 73 67 59 57 57 57 52 52 51 51 49 49 48 46 45 45 42 42 41 40 39 36 36 33 33 33 32 30 29 28 28 27 27 27 24 24 23 23 19 17 16 16 16 15 14 14 14 14 14 14 14 13 12 12 12 12 12 12 12 10 10 10 10 9 8 7 7 6 6 6 6 5 3 3 3 3 3 3 3 3 3 3 2 2 2 2 2 
95 91 90 87 82 76 73 71 67 59 57 57 53 51 50 48 48 45 43 43 43 43 43 42 40 40 39 37 35 33 32 32 31 31 29 29 28 28 27 27 23 23 23 20 18 17 17 15 15 15 15 14 14 14 14 14 13 13 11 11 11 11 11 11 10 10 10 9 9 8 6 6 6 6 6 5 5 4 3 3 3 3 3 3 3 3 3 2 2 2 2 1 1 1 
93 91 88 82 81 75 70 70 65 59 54 53 53 51 48 48 46 45 43 43 43 41 40 40 40 39 37 36 34 32 31 31 30 29 29 28 28 28 25 25 21 21 20 20 17 16 15 15 15 15 14 14 14 14 13 12 12 12 11 11 11 9 9 9 9 9 9 9 8 7 6 5 5 5 5 4 4 4 3 3 3 3 3 3 3 3 3 2 2 2 2 1 1 1 
92 87 87 79 78 73 67 67 65 58 53 53 53 50 48 47 46 45 43 42 41 41 40 39 39 37 36 32 32 32 30 29 28 27 26 24 24 24 24 24 21 21 20 19 17 16 15 15 14 14 12 12 12 12 12 12 12 12 11 11 11 9 9 9 9 9 8 7 7 6 6 4 4 4 4 4 4 4 3 3 3 3 3 2 2 2 2 2 2 2 2 1 1 
90 86 85 79 73 66 64 62 62 57 53 52 52 50 48 46 46 45 42 39 39 39 36 36 34 33 33 32 30 29 28 26 26 24 24 22 21 21 20 20 20 19 18 18 17 16 15 14 14 14 12 12 12 12 12 12 12 11 11 10 10 9 9 9 9 9 7 7 6 5 4 4 3 3 3 3 2 2 2 2 2 2 2 2 2 1 1 1 1 1 1 1 1 
88 80 74 71 65 64 63 61 61 57 52 51 50 50 45 45 43 42 40 38 38 38 36 35 33 32 32 29 28 27 27 26 26 24 24 21 20 20 20 18 17 16 16 16 14 14 14 14 14 13 12 12 12 12 12 12 11 9 9 9 9 9 9 9 8 8 6 5 5 4 4 4 3 3 3 2 2 2 2 2 2 2 2 2 2 1 1 1 
86 73 69 66 64 55 55 55 55 54 51 51 49 45 45 42 42 40 38 38 38 36 35 34 32 29 29 27 27 26 25 25 24 23 23 21 20 20 18 16 16 15 14 14 14 14 14 13 13 12 12 12 12 11 11 11 11 9 9 9 9 8 8 7 7 7 6 4 4 4 4 3 3 3 3 2 2 2 2 2 2 1 1 1 1 1 1 1 
75 70 61 59 57 55 55 54 54 51 51 49 48 44 42 40 40 39 38 38 37 35 35 33 30 29 29 27 27 25 25 24 24 22 21 21 20 18 16 16 16 15 13 13 13 13 13 13 13 12 11 11 10 9 8 8 8 8 8 8 8 7 6 6 6 6 4 4 4 4 4 3 2 2 2 2 2 2 1 1 1 1 1 1 1 1 1 1 
75 66 60 59 56 55 54 54 51 50 50 48 47 44 42 40 40 39 38 37 36 35 34 32 30 29 28 26 25 25 25 23 22 22 18 17 17 17 16 16 15 13 13 13 13 12 11 11 11 11 11 9 8 8 8 8 8 8 8 7 7 6 6 6 6 5 4 4 4 4 4 2 2 2 2 1 1 1 1 1 
74 66 59 59 56 55 54 51 49 49 47 45 45 44 41 40 40 38 37 30 30 26 26 26 26 26 25 25 25 24 24 21 21 16 16 16 16 16 14 14 13 13 13 13 12 11 11 11 10 10 10 8 8 8 8 8 7 7 7 7 5 5 5 5 5 4 4 4 3 2 2 2 2 2 2 1 1 1 1 1 
74 66 59 57 52 52 50 50 49 49 45 44 42 41 41 39 38 35 35 30 29 26 24 24 24 24 24 24 24 24 21 20 20 16 16 16 16 13 13 13 13 12 12 11 11 11 10 10 9 8 8 8 8 8 7 7 6 6 6 5 5 5 5 4 4 4 4 3 2 2 2 2 2 1 1 1 
71 65 59 55 50 50 50 49 48 45 45 44 42 39 38 37 37 34 32 30 28 26 24 24 24 24 24 23 18 18 17 17 17 15 13 13 12 11 11 11 11 11 11 11 11 10 10 8 8 8 8 8 7 7 6 6 6 6 4 4 4 4 3 3 3 3 3 3 2 2 2 1 1 1 1 1 
70 62 58 55 50 48 48 48 46 45 42 42 42 38 38 33 33 32 32 30 28 25 24 24 24 22 22 22 18 17 15 15 14 14 13 11 11 11 11 11 11 11 11 10 10 8 8 7 5 5 5 5 5 5 5 5 5 5 4 4 4 4 3 3 3 3 3 3 2 2 2 1 1 1 1 
70 60 56 55 49 48 48 48 45 43 42 42 37 37 32 32 32 30 30 30 28 25 24 24 24 22 21 21 17 15 14 14 13 13 12 11 11 11 11 11 11 11 10 9 9 8 6 5 5 5 5 5 5 5 5 5 5 5 3 3 3 3 3 3 3 1 1 1 1 1 1 1 1 1 
67 60 55 54 49 48 46 45 44 43 42 41 35 34 32 31 30 30 30 28 28 25 24 24 24 22 21 21 16 14 13 13 13 13 11 11 11 11 10 10 10 9 9 9 9 8 6 5 5 5 5 3 3 3 3 3 3 3 3 3 3 3 3 2 1 1 1 1 1 1 1 1 
65 60 54 54 49 47 46 42 42 42 40 36 35 30 30 30 30 30 29 26 26 25 23 23 23 22 21 21 16 14 13 13 13 12 11 11 11 11 10 10 10 9 8 7 7 7 6 5 5 5 5 3 3 3 3 3 3 3 3 3 3 2 2 2 1 1 1 1 1 1 1 1 
64 60 54 53 48 47 43 41 39 39 36 36 31 30 29 29 28 28 25 25 24 24 23 23 22 20 18 18 15 14 13 13 13 12 11 11 11 10 10 10 9 8 8 7 7 7 5 5 5 5 5 3 3 3 3 3 3 3 3 3 2 2 2 1 1 1 1 1 1 
62 59 53 51 46 44 43 41 37 36 35 32 29 28 28 28 28 28 25 25 24 23 22 19 18 18 17 17 14 14 12 11 11 11 11 10 10 9 9 9 9 8 8 7 7 6 5 5 5 5 4 3 3 3 3 3 3 2 2 2 2 2 2 1 1 1 
62 59 53 51 45 39 39 38 37 36 33 31 28 28 28 28 26 26 24 24 23 23 20 19 18 17 17 16 14 14 12 11 11 11 11 10 9 9 9 9 8 8 7 6 6 6 5 5 5 4 4 3 3 3 3 2 2 2 2 1 1 1 
62 57 49 47 41 39 36 36 35 35 32 30 28 28 28 27 25 25 22 22 22 21 20 19 17 15 15 15 14 12 12 10 10 10 10 9 9 9 8 8 8 7 7 6 6 6 5 4 3 3 3 3 3 3 3 2 2 2 1 1 1 1 
62 54 49 46 40 38 36 35 35 34 32 30 28 28 28 27 25 25 21 21 21 21 20 17 16 15 15 15 13 12 10 10 10 10 10 9 8 8 7 7 6 6 6 5 5 5 4 4 3 3 3 3 3 3 3 2 2 2 
62 53 46 45 39 37 36 35 30 30 30 30 28 27 26 25 22 22 21 21 20 20 20 17 15 14 14 13 12 12 10 10 10 9 9 8 8 8 7 7 6 6 5 5 5 5 4 4 3 3 3 3 3 2 2 2 2 2 
57 51 46 45 39 37 34 31 29 29 27 26 26 22 22 22 22 22 21 20 19 16 16 16 13 13 13 13 12 12 10 10 10 9 8 8 8 7 7 6 5 4 4 4 4 4 4 4 3 3 3 3 2 2 2 2 2 1 
56 50 46 43 38 35 32 31 27 26 26 26 23 22 22 22 20 19 19 19 19 16 16 15 13 12 12 12 12 11 10 9 9 8 7 7 7 7 7 6 5 4 4 4 4 3 3 3 2 2 2 2 2 2 2 1 1 1 
54 47 46 38 36 35 32 30 27 26 26 25 23 22 22 22 20 19 19 18 17 16 16 13 13 12 12 12 11 11 10 8 8 8 7 7 7 7 6 5 5 4 4 4 2 2 2 2 2 2 2 2 2 2 1 1 
54 47 46 38 34 34 30 28 26 26 26 23 23 22 21 21 19 19 18 18 17 16 15 13 13 12 12 10 10 10 9 8 8 8 7 7 7 7 5 5 5 4 4 3 2 2 2 2 2 2 2 2 2 2 
52 47 42 38 34 34 30 28 25 25 23 22 21 21 21 20 19 19 18 18 17 16 15 13 13 12 12 10 10 10 9 8 8 8 7 7 7 5 5 5 4 4 3 2 2 2 2 2 2 2 2 2 2 1 
52 47 40 37 34 33 30 28 25 24 23 21 21 21 20 19 18 18 17 17 17 16 14 13 13 11 11 10 10 10 9 7 7 6 6 6 5 5 5 5 4 3 3 2 2 2 2 2 2 2 2 2 1 
52 46 40 37 33 32 29 27 24 24 23 21 20 20 19 18 18 17 17 17 16 14 13 13 12 11 10 10 10 9 9 7 6 6 6 5 5 5 5 4 4 3 3 2 2 2 2 2 1 1 1 1 
51 43 37 33 33 31 28 26 24 24 23 21 20 20 17 17 17 17 16 16 15 13 13 13 12 11 10 10 8 8 7 7 6 6 5 5 5 4 4 4 3 3 2 2 2 2 1 1 1 1 1 1 
51 43 34 33 33 31 28 26 23 23 23 21 20 20 17 17 17 15 15 14 14 13 13 12 11 10 10 10 8 8 7 7 6 6 5 5 4 4 4 3 3 3 2 2 2 2 1 1 1 1 1 
50 40 34 33 32 31 28 24 23 23 21 21 20 20 17 15 15 15 13 13 13 11 11 11 10 10 10 10 8 8 7 7 6 5 5 5 4 4 4 3 2 2 2 1 1 1 1 1 1 1 1 
50 40 34 33 31 30 28 24 23 23 21 20 20 19 17 15 15 15 13 13 12 11 11 10 10 10 9 8 8 7 7 5 5 5 5 5 4 4 3 3 2 2 1 1 1 1 1 1 1 
46 39 34 31 30 30 27 23 23 23 21 20 19 17 17 15 15 14 12 12 11 11 11 10 10 10 9 8 8 7 6 5 4 4 4 4 4 4 3 2 2 2 1 1 1 1 1 1 1 
45 37 33 30 30 27 27 23 23 23 21 19 19 16 15 15 15 13 12 11 11 11 11 9 9 7 7 7 7 7 4 4 4 4 4 4 4 3 2 2 2 1 1 1 1 1 1 1 
45 37 33 30 30 27 25 23 23 21 21 18 18 15 15 15 15 13 12 11 11 11 11 9 8 7 7 7 7 7 4 4 4 4 4 3 3 3 2 2 2 1 1 1 1 1 
45 37 32 30 30 27 25 23 23 21 20 18 17 15 14 14 13 11 11 9 9 9 9 9 8 7 7 6 6 6 4 4 4 4 4 3 3 2 2 2 1 1 1 1 1 1 
45 34 32 30 30 27 25 23 21 19 19 18 16 15 13 12 11 11 9 9 9 9 9 8 8 7 6 6 5 5 4 4 4 4 4 3 3 2 2 
42 34 32 29 29 27 23 20 19 19 19 17 16 13 13 12 11 9 9 9 9 9 8 8 7 7 6 6 5 4 4 4 4 4 3 3 2 
42 34 32 29 29 26 22 19 19 19 17 17 16 13 13 12 11 9 9 9 9 9 7 7 7 7 6 5 5 4 4 4 4 4 3 3 2 
42 33 27 27 26 24 20 18 18 18 17 17 16 13 13 12 11 9 9 9 9 9 7 7 7 6 5 5 5 4 4 4 4 3 2 2 2 
41 33 27 25 24 22 19 18 18 17 17 15 15 13 12 12 11 9 9 9 9 9 7 7 7 5 5 4 4 4 4 3 3 3 2 2 2 
41 33 27 25 23 22 19 18 18 17 15 14 13 13 12 11 10 9 9 9 8 8 7 6 6 5 5 4 4 4 4 3 3 3 2 2 2 
40 33 26 25 22 22 17 17 17 16 14 13 13 13 12 11 10 9 9 8 7 7 6 5 5 5 4 4 4 4 4 3 3 3 2 1 
38 32 26 25 22 21 17 17 17 16 13 13 13 12 11 9 8 8 7 7 5 5 4 4 4 4 4 4 4 4 3 3 3 2 2 1 
37 30 25 24 22 21 17 17 16 15 13 13 11 11 11 9 8 7 6 6 5 5 4 4 4 4 4 4 4 3 3 3 2 2 2 1 
37 30 25 24 20 20 17 17 15 15 13 13 11 11 9 8 6 6 6 6 5 5 4 4 4 4 4 4 4 3 3 2 2 2 2 
35 30 24 24 20 19 17 17 15 15 13 12 11 9 7 7 6 6 6 5 5 4 4 3 3 1 1 1 1 1 1 1 1 1 1 
33 26 23 23 18 17 17 17 15 13 12 12 11 8 7 7 6 6 6 5 5 4 4 3 3 1 1 1 1 1 1 1 1 1 1 
31 25 23 23 18 17 16 16 14 13 12 11 9 8 7 6 6 6 6 5 4 4 4 3 2 1 1 1 1 1 1 1 1 1 1 
30 24 23 21 18 16 14 13 13 13 12 9 9 7 6 6 6 6 6 5 4 4 4 3 1 1 1 1 1 1 1 1 1 1 1 
30 24 22 20 18 15 13 13 13 13 12 9 8 6 6 6 6 5 5 3 3 3 3 1 1 1 1 1 1 1 1 1 
30 23 20 20 18 15 13 13 13 13 11 9 8 6 6 5 5 4 4 3 3 3 3 1 1 1 1 1 1 1 1 1 
29 23 20 20 17 15 13 13 13 12 10 9 8 6 5 3 3 3 3 3 3 3 3 1 1 1 1 1 1 1 1 
29 22 19 19 17 15 13 13 13 12 10 8 6 6 5 3 3 3 3 3 3 3 3 1 1 1 1 1 1 1 1 
29 22 19 19 15 14 13 13 11 11 9 8 6 5 4 3 3 3 3 3 3 3 3 1 1 1 1 1 1 1 
26 19 19 19 15 12 12 12 11 10 9 7 6 3 3 3 3 3 3 3 3 2 2 1 1 1 1 1 1 1 
26 19 19 19 13 12 11 10 10 9 9 7 5 3 3 3 3 3 3 3 3 2 2 1 1 1 1 1 1 1 
24 19 18 18 13 12 11 9 9 9 8 7 5 3 3 3 3 3 2 2 2 2 1 1 1 1 1 1 1 1 
23 19 18 18 11 11 10 9 8 8 8 7 5 3 3 3 3 3 2 2 1 1 1 1 1 1 1 
21 18 18 18 11 11 10 9 8 8 6 6 5 3 3 3 3 3 2 2 1 1 1 1 1 
21 18 18 17 11 10 10 9 8 8 6 6 5 3 3 3 3 3 2 2 1 1 1 1 1 
21 18 17 17 11 10 10 9 8 8 6 6 4 3 3 3 3 3 2 1 1 1 1 1 1 
21 18 17 15 11 10 9 9 8 5 5 5 4 3 3 3 3 3 2 1 1 1 1 1 1 
21 18 17 15 10 10 8 8 7 5 5 4 4 3 3 2 2 2 2 1 1 1 1 1 1 
18 18 16 14 10 9 8 8 7 5 5 4 3 3 3 2 2 2 2 1 1 1 1 1 
18 17 15 12 10 9 8 7 5 5 5 4 3 3 3 2 2 2 2 1 1 1 
17 16 15 12 10 8 8 7 5 5 5 3 3 3 3 2 2 2 1 1 1 1 
16 14 14 12 10 8 6 6 5 5 5 3 3 3 3 2 2 2 1 1 1 1 
16 14 14 12 10 8 6 6 5 5 5 3 3 3 3 2 2 1 1 1 1 1 
15 14 14 11 10 8 6 6 5 5 4 3 3 3 3 2 2 1 1 1 1 1 
15 14 14 11 10 7 6 5 5 5 4 3 3 3 2 2 1 1 1 
15 14 14 11 6 6 6 5 5 4 4 3 2 2 1 1 1 1 1 
14 14 14 11 6 6 5 5 5 4 3 3 2 2 1 1 1 1 1 
14 14 13 11 6 6 5 5 5 4 3 3 2 2 1 1 1 1 1 
14 13 12 11 6 6 5 5 5 4 3 3 2 2 1 1 1 1 1 
14 13 10 10 6 5 5 5 5 4 3 3 2 2 1 1 1 1 
13 13 10 9 6 5 5 5 5 4 3 3 2 2 1 1 1 
13 13 9 8 5 5 5 5 4 3 3 3 2 1 1 1 1 
13 11 9 7 5 5 5 4 4 3 3 2 2 1 1 1 1 
13 11 9 7 5 5 5 4 4 3 2 2 2 1 1 1 
13 11 9 7 5 4 4 3 3 3 2 2 2 1 1 1 
13 11 9 7 5 4 3 3 3 3 2 2 2 1 1 1 
13 11 9 7 5 4 3 3 3 2 2 2 2 1 1 1 
13 11 9 6 5 4 3 3 3 2 2 2 1 1 1 1 
13 11 8 6 4 4 3 3 2 2 2 1 
12 11 8 6 4 4 3 3 2 2 2 1 
12 10 7 6 4 4 3 3 2 2 2 1 
12 9 6 6 4 4 3 3 2 2 1 1 
12 9 6 6 4 4 3 3 2 2 1 1 
10 8 6 4 4 4 3 2 2 2 1 
10 8 5 4 4 3 2 2 2 2 1 
10 7 5 4 3 3 2 2 2 2 1 
10 7 5 3 3 3 2 2 2 1 1 
10 7 5 3 3 3 2 2 2 1 1 
10 7 5 3 3 3 2 2 2 1 
9 7 4 3 3 2 2 2 2 1 
9 7 4 3 3 2 2 2 2 1 
7 7 4 3 3 2 2 2 2 1 
7 6 4 3 2 2 2 2 2 1 
7 6 3 3 2 2 2 1 1 
7 6 3 3 2 2 2 1 1 
7 6 3 3 2 2 2 1 
7 6 3 3 2 2 2 1 
7 5 3 2 2 2 2 1 
6 5 3 2 2 2 1 1 
6 5 3 2 2 2 1 1 
6 4 3 2 2 2 1 1 
5 4 3 2 2 1 1 1 
5 4 3 2 2 1 1 1 
5 4 3 2 2 1 1 
5 4 3 2 2 1 
5 4 3 2 2 1 
5 4 3 2 2 1 
5 3 3 2 2 1 
5 3 3 2 2 1 
5 3 3 2 1 
5 3 3 1 1 
5 3 3 1 1 
5 3 3 1 1 
4 3 3 1 1 
4 3 2 1 1 
4 3 2 1 1 
3 3 2 1 1 
3 3 2 1 1 
3 3 2 1 1 
3 3 2 1 1 
3 3 2 1 
3 3 1 1 
3 3 1 1 
3 3 1 1 
3 3 1 1 
2 2 1 1 
2 2 1 1 
2 2 1 1 
2 2 1 1 
2 2 1 1 
2 2 1 1 
2 2 1 
2 2 1 
2 2 1 
2 1 
2 
2 
2 
2 
2 
2 
2 
2 
2 
2 
2 
2 
2 
2 
2 
2 
1 
1 
1 
1 
1 
1 
1 
1 
1 
1 
1 
1 
1 
1 
1 
1 
1 
1 
1 
1 
