169 149 137 137 137 137 132 123 115 113 113 105 104 96 95 95 91 88 86 78 78 77 75 75 73 73 73 72 71 71 62 62 62 61 61 60 59 57 57 55 54 52 52 51 49 48 47 44 43 42 42 42 42 41 41 40 40 35 35 34 34 34 33 33 32 30 29 29 28 28 28 28 28 27 26 26 26 26 26 26 25 24 24 19 19 18 17 17 17 17 16 16 16 16 16 16 16 16 15 14 14 13 12 11 11 10 10 9 9 9 9 9 9 9 9 8 8 6 6 6 6 6 6 6 6 6 5 5 5 5 5 3 3 3 3 3 3 3 3 3 3 3 3 3 3 3 3 3 1 1 1 1 1 1 1 1 1 1 1 1 1 1 1 1 1 1 1 1 1 1 1 1 1 1 1 
161 135 134 128 120 117 107 105 101 101 101 101 98 93 93 90 86 83 80 78 77 76 74 73 71 70 67 61 60 59 55 55 55 54 52 51 51 51 49 49 48 44 44 43 42 41 39 39 37 37 36 36 36 36 36 35 35 34 34 32 32 31 31 29 28 27 26 25 25 25 25 22 22 22 22 22 22 19 19 19 18 16 16 16 15 15 15 15 15 15 15 15 15 15 13 13 13 12 12 12 10 10 9 9 6 6 6 6 6 6 6 6 6 6 6 6 6 6 5 5 5 5 3 3 3 3 2 2 2 2 2 2 2 2 2 2 1 1 1 1 1 1 1 1 1 1 1 1 1 1 
152 128 126 124 116 108 105 103 101 94 94 92 92 89 77 76 75 75 75 71 71 71 70 68 67 65 65 59 59 56 54 54 53 53 52 50 49 48 48 45 42 42 42 42 41 39 38 37 37 37 36 36 36 31 30 30 28 27 26 26 26 24 22 22 20 19 19 19 19 19 19 19 19 19 19 16 16 16 15 15 15 15 15 14 14 14 14 13 13 13 13 13 12 10 10 8 8 7 7 7 7 7 7 6 6 6 6 5 5 5 5 5 4 4 4 4 4 3 1 
144 126 118 113 107 104 99 99 91 89 87 82 81 75 74 74 74 73 70 69 67 62 62 62 62 61 60 59 58 56 54 54 52 52 49 48 48 45 45 43 40 39 37 37 37 37 36 31 31 30 27 26 25 25 25 24 24 24 21 21 21 21 21 19 19 19 19 19 19 19 19 19 18 17 16 14 14 14 14 14 14 14 14 13 13 13 13 11 11 10 10 10 10 8 6 6 5 5 5 5 5 5 5 5 5 5 4 4 4 4 2 2 2 2 2 2 1 1 
135 123 114 92 92 91 91 91 88 86 81 79 79 74 74 73 72 69 66 65 63 62 62 61 60 58 58 54 54 53 51 51 50 49 47 46 44 44 36 35 35 33 33 32 31 28 28 28 28 27 26 25 25 25 25 24 24 23 21 20 20 20 20 19 19 19 19 19 18 17 17 17 17 16 14 14 14 14 13 13 13 13 13 13 11 10 10 10 9 9 9 9 9 8 6 5 5 5 5 5 5 5 5 5 5 4 3 3 2 2 2 2 2 2 2 1 1 1 
129 118 97 91 90 90 86 86 81 78 78 76 69 66 55 54 52 52 52 51 51 50 48 47 47 46 44 43 42 41 41 41 41 41 40 40 39 39 35 34 32 32 32 30 29 28 28 26 26 26 26 25 25 25 20 20 20 20 19 19 19 19 19 19 15 15 15 15 15 15 15 15 15 15 14 14 14 13 13 13 12 11 11 9 9 9 9 9 9 9 8 8 6 6 5 5 5 4 3 3 3 2 2 2 2 2 2 2 2 2 2 2 2 2 1 1 
111 111 94 89 89 86 83 81 80 73 66 66 65 59 55 53 51 51 50 50 49 46 46 45 45 44 42 42 41 41 40 40 40 40 40 40 37 37 35 33 32 32 29 28 28 28 26 26 25 25 24 24 24 23 20 19 19 18 18 18 18 18 18 18 15 15 15 14 14 14 14 14 14 14 14 14 12 12 12 11 11 11 11 8 8 8 8 8 8 8 7 7 6 5 5 4 3 3 3 3 2 2 2 2 2 2 2 2 2 2 2 2 1 1 1 1 
111 106 90 89 83 82 81 74 73 66 65 62 62 58 51 50 50 50 48 48 48 46 46 45 44 44 42 42 41 40 40 39 36 36 36 36 34 30 30 29 29 28 25 25 25 24 24 23 23 21 20 19 19 19 19 19 17 16 16 16 16 16 16 16 15 15 15 14 14 14 14 13 13 13 13 12 12 11 11 11 11 10 9 8 8 6 5 5 5 5 5 5 5 3 3 3 3 3 3 2 2 2 2 2 2 2 2 2 2 2 2 1 1 1 1 1 
107 98 90 89 80 79 77 72 68 65 62 61 60 54 49 49 49 49 48 48 46 45 44 43 42 42 41 40 40 40 39 39 36 36 34 34 32 27 27 27 26 25 23 23 23 23 23 22 21 19 19 19 19 19 18 18 17 16 16 16 16 16 16 16 15 14 14 12 12 12 12 12 12 12 12 11 11 10 10 10 8 8 8 8 8 6 5 4 4 4 4 4 4 3 2 2 2 2 2 2 2 2 2 2 2 2 2 2 2 2 2 1 1 1 
106 94 88 85 80 77 76 65 65 63 62 55 53 52 49 49 49 49 45 45 45 44 43 43 41 41 41 40 40 38 38 36 36 36 34 32 29 27 27 27 25 24 23 23 22 21 21 20 20 19 19 19 19 19 18 17 16 16 16 16 16 16 14 12 12 12 12 12 12 12 12 11 11 11 10 10 9 9 8 8 8 7 6 5 5 4 4 4 4 4 3 3 2 2 2 2 2 2 2 2 2 2 2 2 2 2 2 2 1 1 1 
105 94 84 84 80 72 72 65 65 62 57 53 52 50 49 49 48 48 45 45 45 43 42 42 41 36 35 33 33 33 33 32 32 32 31 27 27 25 25 23 23 21 21 21 21 21 20 20 20 19 19 18 17 17 17 14 13 13 13 13 13 12 12 12 12 12 12 11 11 11 11 10 10 10 9 9 9 8 8 7 6 5 4 4 4 4 4 4 4 3 3 3 2 2 2 2 2 2 2 2 2 2 2 1 
92 92 84 82 71 70 68 64 63 60 57 53 52 49 47 47 47 46 44 44 44 42 41 41 40 35 33 33 33 33 33 30 30 29 29 26 25 25 23 22 21 21 21 21 21 20 20 19 17 17 16 16 16 16 15 13 13 13 13 13 12 12 12 12 12 12 11 11 10 10 10 9 8 8 8 8 7 7 7 6 6 4 4 4 4 4 4 4 3 3 2 2 2 2 2 2 2 2 2 2 2 2 1 1 
91 87 80 78 70 70 68 63 62 60 57 52 50 49 47 44 44 44 43 43 42 40 40 37 37 34 33 33 33 33 33 30 30 28 28 24 24 24 23 22 21 21 21 19 19 18 17 17 17 16 16 16 13 12 11 11 11 11 11 11 10 10 10 10 10 10 10 9 9 9 8 8 8 8 7 7 7 7 6 6 5 4 4 4 4 4 4 4 3 3 2 2 2 1 1 1 1 
90 77 77 77 70 70 66 63 59 59 57 52 50 49 47 44 44 44 43 42 42 40 40 37 36 34 33 32 32 29 29 26 26 26 25 24 24 23 21 21 21 19 19 17 17 17 17 16 16 15 13 12 12 12 11 11 10 10 10 10 10 10 10 9 9 9 8 8 8 8 8 7 7 7 7 7 7 5 4 4 4 4 4 4 4 3 3 3 3 2 2 2 1 1 1 
87 70 69 69 66 66 66 60 59 57 56 52 50 49 45 44 44 44 40 40 40 40 40 36 35 33 32 31 30 29 28 26 25 25 24 23 23 22 21 21 20 19 17 16 16 16 16 14 14 13 13 11 11 11 11 11 10 10 10 10 9 8 8 8 8 8 8 7 7 7 7 7 7 7 6 6 5 5 4 4 4 4 4 3 3 3 3 3 2 2 2 1 1 
86 70 69 66 66 66 58 58 57 57 52 47 45 45 45 43 41 41 40 40 40 40 39 35 35 33 31 31 29 28 23 23 23 22 20 19 19 19 18 18 18 18 17 16 16 16 16 13 13 13 13 11 11 11 10 10 9 9 9 8 8 8 8 8 8 7 7 7 7 7 7 6 6 6 6 5 5 4 4 4 4 3 3 3 3 3 3 3 2 1 1 1 
83 70 69 65 65 63 58 57 56 51 50 45 45 45 45 43 41 41 40 40 37 37 36 35 33 33 30 29 25 23 23 23 23 21 19 18 18 18 17 17 16 16 16 16 16 16 15 13 12 10 10 10 10 10 9 9 9 9 9 8 8 8 8 7 7 7 7 7 7 6 6 6 5 5 5 5 5 4 4 4 3 3 3 2 2 2 1 1 1 1 1 1 
82 70 67 65 65 63 58 56 55 50 47 45 44 44 44 43 41 41 40 37 34 33 31 31 31 30 28 28 24 23 23 23 20 18 17 17 17 16 16 16 16 16 16 16 16 13 13 13 12 10 10 10 10 10 9 9 9 9 7 7 7 7 7 7 7 7 6 6 5 5 5 5 5 4 4 4 4 4 3 3 3 3 3 2 2 
79 69 66 65 65 60 56 55 53 49 45 45 44 44 40 39 35 35 33 32 32 32 30 29 26 26 26 26 24 22 22 21 17 17 17 17 17 16 16 16 16 15 14 14 14 13 13 13 12 10 10 10 10 10 9 9 9 8 7 7 7 7 7 7 6 6 6 5 5 5 5 4 3 3 2 1 1 1 1 1 1 1 
78 69 65 63 61 58 56 55 53 46 45 44 44 43 40 39 35 33 32 32 32 30 28 27 26 23 23 23 23 22 22 21 17 17 17 17 16 16 16 16 16 14 14 14 14 13 11 11 10 10 10 10 10 9 9 9 8 8 7 7 7 7 6 6 6 6 5 5 4 4 4 3 3 2 1 1 1 1 
74 69 64 62 56 56 55 55 51 46 44 44 43 42 39 38 34 32 32 31 28 28 26 25 24 23 23 23 19 19 19 19 17 17 17 17 16 16 16 15 15 14 14 13 13 12 11 11 10 10 10 10 10 9 7 7 7 7 7 6 6 6 5 5 5 5 5 5 4 2 1 1 1 1 1 1 
74 67 63 55 55 53 53 52 50 45 44 44 43 42 38 37 34 32 32 31 28 26 24 22 22 22 22 22 19 19 19 19 17 17 17 17 16 16 15 13 13 13 12 12 12 12 11 10 10 10 9 8 8 8 7 7 7 7 6 6 6 5 5 5 4 4 4 4 4 1 1 1 1 1 1 1 
73 67 63 55 54 53 50 50 48 44 44 44 42 41 36 36 34 32 32 29 28 26 22 22 22 21 21 21 19 19 19 19 17 17 17 17 15 13 13 11 11 11 10 10 10 10 10 10 10 10 9 8 8 8 6 6 6 6 6 5 5 3 3 3 2 2 2 2 2 1 1 1 1 
72 65 63 55 54 52 50 50 48 44 42 42 41 39 36 36 32 31 30 29 25 24 22 22 22 21 21 20 19 19 18 18 17 17 16 13 13 13 10 10 10 10 10 10 10 10 9 9 8 8 8 8 8 6 6 6 6 6 5 4 4 3 3 3 2 2 1 1 1 1 1 
72 65 58 55 52 52 49 47 46 42 42 40 39 38 35 33 30 29 29 27 25 23 22 22 22 21 21 18 18 18 15 15 15 14 14 13 12 11 10 10 10 10 9 9 9 9 9 9 8 8 8 7 6 6 6 5 4 3 3 3 3 3 3 2 2 1 1 1 1 1 1 
67 65 56 53 52 49 47 46 46 40 40 39 37 36 34 29 29 29 28 27 23 22 22 22 22 20 20 18 18 15 15 14 14 11 11 11 11 11 10 10 10 10 9 9 9 8 8 8 8 7 7 7 6 6 5 5 3 3 3 3 2 2 2 1 1 1 1 1 1 1 
67 65 56 52 52 48 47 46 44 40 39 38 36 34 31 29 29 29 27 25 23 22 22 22 22 20 19 18 15 14 13 13 12 11 11 11 11 11 10 10 10 9 8 8 8 8 8 8 7 7 6 6 6 6 5 5 3 3 2 2 2 2 2 1 1 1 
65 58 54 52 48 48 44 44 42 37 37 37 34 33 31 29 29 28 25 25 23 22 22 22 17 16 16 16 13 12 12 12 12 11 11 11 11 10 10 10 9 9 8 8 8 8 6 6 6 6 6 6 6 3 3 3 2 2 1 1 1 1 1 1 
63 58 54 48 47 44 42 41 41 37 37 36 31 31 31 29 28 28 25 25 23 22 22 21 16 16 16 15 13 12 12 12 11 11 11 10 10 10 10 9 9 8 8 8 8 8 6 6 6 5 5 4 4 3 1 1 1 1 1 1 1 1 1 1 
62 54 52 48 47 44 41 41 38 37 37 34 31 29 29 28 26 26 25 23 23 21 21 21 16 16 16 13 13 12 12 11 11 11 9 9 9 9 9 9 8 8 7 7 7 6 6 6 6 5 4 4 4 3 1 1 1 1 1 1 1 1 
61 54 52 48 46 39 39 38 37 36 36 33 31 29 29 27 26 25 25 21 21 20 19 18 16 16 14 13 11 11 10 9 9 9 9 9 9 9 9 9 7 7 7 7 7 5 5 5 5 4 3 3 2 1 1 1 1 1 1 1 1 
61 54 50 48 46 39 38 38 36 36 35 33 31 27 27 26 25 23 23 21 21 20 19 17 16 13 13 12 9 9 9 9 9 9 9 9 9 7 7 7 7 7 7 7 6 5 5 5 3 2 2 2 1 1 
61 53 50 47 42 38 37 37 36 36 35 32 28 27 26 25 24 23 23 21 19 16 15 15 15 13 12 12 9 9 9 9 9 9 9 8 8 7 7 7 7 7 7 6 5 4 3 3 3 2 2 1 1 1 
55 53 49 45 42 38 37 37 36 35 33 30 26 26 25 25 24 22 21 18 18 16 15 15 15 12 12 12 9 9 9 9 9 9 8 8 8 7 7 7 6 6 6 5 5 3 3 3 2 2 1 1 1 1 
53 52 47 44 41 38 36 36 35 35 33 28 26 25 25 23 22 22 21 18 18 15 15 15 15 12 12 12 9 9 9 9 9 9 8 8 8 7 7 7 6 5 4 3 3 3 3 3 2 2 1 1 1 
53 50 43 43 40 38 36 36 35 35 27 27 26 25 23 20 20 18 18 17 17 15 14 13 13 12 11 10 9 9 9 9 9 9 8 8 8 7 7 7 5 5 3 3 3 3 3 2 2 2 1 1 1 
51 46 42 41 38 38 36 34 33 32 26 25 25 23 22 20 19 18 18 17 16 15 13 13 12 11 9 9 9 9 9 9 9 9 8 8 7 7 5 5 5 4 3 3 3 3 3 2 2 1 1 1 
51 45 42 41 38 37 36 33 29 29 25 25 25 20 19 19 18 18 18 16 16 13 13 13 11 11 9 9 9 9 9 9 9 8 8 8 7 7 5 5 4 3 3 3 3 3 3 2 2 1 1 1 
48 45 39 39 38 37 35 32 28 28 25 24 23 19 19 19 17 17 17 15 15 13 13 13 11 11 9 9 9 9 9 9 9 8 7 7 7 7 5 5 4 3 3 3 3 3 3 2 2 1 
48 41 39 36 36 35 34 27 23 23 23 23 20 19 18 17 16 16 16 15 14 13 12 12 11 11 9 9 9 9 9 9 8 7 7 7 7 5 5 4 4 3 3 3 3 3 3 2 1 
48 41 36 36 36 33 33 23 23 23 23 23 20 19 16 15 15 15 15 15 14 12 12 11 11 9 9 9 9 5 5 5 5 5 5 5 5 5 5 4 4 3 3 3 3 2 2 2 1 
46 41 36 36 36 31 31 23 23 23 23 22 20 19 15 15 15 14 14 14 14 12 11 11 11 9 9 9 7 5 5 5 5 5 5 5 5 5 5 4 4 3 2 2 2 2 2 2 1 
46 41 36 36 36 31 31 23 23 20 20 19 19 19 15 15 15 14 14 14 14 11 11 10 9 9 8 7 7 5 5 5 5 5 4 4 4 4 4 2 2 2 2 
46 38 36 36 35 30 27 23 23 20 19 19 18 17 15 15 14 14 14 12 12 11 10 9 9 9 8 6 6 5 5 5 5 5 4 4 4 3 2 2 2 2 2 
46 36 36 35 35 30 27 23 22 20 19 19 17 16 15 15 14 14 13 12 12 11 10 9 8 7 7 5 5 5 5 5 5 4 4 4 4 2 2 2 2 2 2 
46 36 36 35 34 29 25 23 22 20 19 19 17 16 15 15 14 13 13 12 11 9 9 8 7 7 7 5 5 5 5 5 4 4 4 4 3 2 2 2 2 2 2 
46 36 35 33 31 26 24 22 22 20 19 18 17 16 14 14 13 13 12 12 10 9 9 7 7 7 7 5 5 5 5 4 4 4 4 3 3 2 2 2 2 2 2 
45 36 32 32 31 25 23 22 22 19 19 18 17 14 13 13 13 11 11 11 9 9 9 6 6 6 6 5 5 5 4 4 4 4 4 3 3 2 2 2 2 2 2 
45 35 31 31 30 24 23 22 21 19 18 17 15 14 13 13 12 11 11 11 9 9 8 6 6 6 6 5 5 4 4 4 4 3 3 3 3 2 2 2 2 2 
44 35 31 31 29 24 23 20 19 17 16 14 14 14 13 13 12 11 11 11 9 8 7 6 6 6 5 5 5 4 4 4 4 3 3 3 2 2 2 2 1 1 
42 35 31 31 26 24 23 20 19 17 16 14 14 14 13 13 11 11 11 9 9 8 7 6 6 6 5 5 5 4 4 4 3 3 2 2 2 2 2 2 1 
42 35 31 30 26 24 23 17 16 16 15 14 13 13 13 12 11 11 10 9 8 6 6 6 6 6 5 5 4 4 4 3 3 3 2 2 2 2 2 1 
42 35 31 28 26 23 21 16 15 14 14 14 13 12 12 11 10 10 9 8 7 6 6 6 5 5 4 4 4 3 3 3 3 3 1 1 1 1 1 1 
42 35 30 28 24 23 21 16 15 14 12 12 12 12 10 10 10 10 7 6 6 6 6 6 5 5 4 4 4 3 3 3 3 2 1 1 1 1 1 1 
40 34 30 27 24 22 20 16 14 14 12 12 12 12 10 10 10 10 7 6 6 6 6 5 4 4 4 4 4 3 2 2 2 2 1 1 1 
40 33 29 27 24 21 20 14 14 14 12 12 12 12 10 10 10 8 7 6 6 6 6 5 4 4 4 3 3 3 2 2 2 2 1 1 1 
39 32 29 26 21 20 19 14 14 13 11 11 11 11 9 9 9 8 7 6 6 6 5 4 4 4 3 3 3 2 2 2 2 2 1 1 
38 29 29 26 21 20 19 14 13 12 11 11 11 9 9 8 8 7 6 6 6 5 5 4 4 4 3 2 2 2 2 2 2 2 1 1 
37 29 27 24 21 19 19 14 13 12 11 11 11 9 9 8 6 6 6 6 6 5 5 4 4 3 2 2 2 2 2 2 1 1 1 1 
35 29 27 19 18 16 16 14 13 11 10 9 9 9 9 8 6 6 6 6 6 5 5 4 3 2 2 2 2 2 2 1 1 1 1 1 
35 29 26 19 16 16 16 14 13 11 10 9 9 9 7 7 6 6 6 6 6 5 5 4 3 2 2 2 2 2 1 1 1 1 1 
35 29 26 18 15 15 15 14 11 10 10 9 9 9 7 7 6 6 6 6 5 5 4 4 3 2 2 2 1 1 1 1 1 1 
34 28 26 18 15 15 14 11 10 9 9 9 9 9 7 7 6 6 6 6 5 5 4 4 2 2 2 2 1 1 1 1 1 1 
32 28 26 18 15 15 14 11 10 9 9 9 9 9 7 6 6 6 6 5 4 4 4 3 2 2 2 1 1 1 1 1 1 1 
30 28 26 18 15 15 13 11 10 9 9 9 9 9 7 6 6 6 6 5 4 4 4 3 2 2 1 1 1 1 1 1 1 1 
29 28 25 17 14 14 12 9 9 9 9 9 9 7 7 6 6 6 5 4 4 4 4 3 2 2 1 1 1 1 1 
29 28 24 16 14 13 12 9 9 9 9 9 8 7 7 6 6 6 5 4 3 3 3 2 2 1 1 1 1 1 
29 26 24 16 14 13 12 9 9 9 9 8 8 7 7 6 6 5 3 3 3 3 3 2 2 1 1 1 1 1 
28 26 24 16 14 13 11 9 9 9 9 8 7 7 7 6 5 4 3 3 3 3 2 2 1 1 1 1 
28 26 23 15 14 13 11 9 9 9 9 8 7 7 7 5 4 4 3 3 3 2 2 2 1 1 1 1 
28 26 22 15 14 12 10 9 9 9 8 7 7 6 6 5 4 3 3 3 2 2 2 2 1 1 
28 26 22 13 13 12 10 9 9 9 8 7 5 5 5 4 4 3 3 3 2 2 2 1 1 1 
28 26 22 13 13 12 10 9 9 9 8 6 5 5 5 4 3 3 3 3 2 2 2 1 1 1 
28 25 22 13 13 12 10 9 9 8 6 6 5 5 4 4 3 3 3 3 2 2 
27 24 21 13 11 11 10 9 9 7 6 6 5 5 4 3 3 3 3 3 2 1 
27 24 21 12 11 11 10 9 8 7 6 6 5 4 4 3 3 3 3 3 2 
27 23 21 12 9 9 9 9 8 6 6 6 5 4 4 3 3 3 3 2 2 
26 22 20 12 9 9 8 8 8 6 6 5 5 4 3 3 3 3 3 2 1 
25 22 19 12 9 8 8 8 8 6 6 5 5 4 3 3 3 3 3 2 1 
24 22 18 12 9 8 8 7 7 6 6 5 4 4 3 3 3 3 2 2 
22 21 17 12 9 8 8 7 7 6 6 5 4 4 3 3 2 2 2 2 
22 19 17 12 9 8 8 7 7 6 6 5 4 4 3 2 2 1 1 1 
19 19 16 12 9 8 8 7 7 6 6 5 4 3 3 2 2 1 1 1 
19 16 16 12 9 8 7 7 7 6 6 5 4 3 2 2 2 1 
19 16 16 12 9 8 7 7 6 6 5 5 4 3 2 2 2 1 
18 16 15 12 9 8 7 7 6 6 5 4 4 3 2 2 1 1 
18 16 15 12 9 8 7 6 6 5 5 4 3 2 2 2 1 1 
18 16 15 12 9 8 7 6 6 5 5 3 3 2 2 2 1 1 
18 16 14 12 9 7 7 6 5 5 5 3 2 2 2 2 1 1 
18 16 13 11 9 7 7 6 5 5 5 3 2 2 2 2 1 
18 15 13 11 9 7 7 6 5 5 4 2 2 2 2 2 1 
18 13 12 11 9 7 6 6 5 5 4 2 2 2 2 2 1 
17 12 12 10 9 7 6 6 5 4 4 2 2 2 2 2 1 
17 12 11 9 9 7 6 5 5 4 4 2 2 2 1 1 1 
16 12 10 9 9 7 6 5 5 4 4 2 2 2 1 1 
16 11 10 8 8 7 6 5 5 4 4 2 2 2 1 
12 11 9 8 8 7 5 5 5 4 3 2 2 2 1 
12 11 9 8 7 7 5 4 4 4 3 2 2 1 1 
12 10 9 8 7 7 5 4 4 3 3 2 2 1 1 
11 10 9 8 7 6 4 4 3 3 2 2 2 1 1 
11 10 9 8 7 6 4 4 3 2 2 2 1 1 
11 9 9 8 6 6 4 4 3 2 2 2 1 1 
11 9 9 8 6 6 3 3 3 2 2 2 1 1 
11 9 9 8 6 5 3 3 3 2 2 2 1 
11 9 9 7 6 4 3 3 3 2 1 1 1 
11 9 8 6 6 4 3 2 2 2 1 1 1 
8 8 8 6 5 4 2 2 2 2 1 1 1 
8 8 7 6 4 3 2 2 2 2 1 1 1 
8 7 6 6 4 2 2 2 2 1 1 1 
7 7 6 5 4 2 2 2 2 1 1 1 
7 7 6 5 4 2 2 2 1 1 1 
7 6 6 5 4 2 2 1 1 
7 6 6 5 3 2 2 1 1 
6 6 6 5 3 2 2 1 1 
6 6 5 3 3 2 2 1 1 
6 5 5 3 3 2 2 1 1 
6 5 4 3 2 2 2 1 1 
6 5 4 3 2 2 1 1 1 
6 5 3 2 2 2 1 
6 4 3 2 2 2 1 
5 4 3 2 1 1 1 
4 4 3 2 1 1 1 
4 3 3 2 1 1 1 
4 3 3 1 1 1 1 
3 3 3 1 1 1 1 
3 3 3 1 1 1 
3 3 2 1 
2 2 2 1 
2 2 2 1 
2 2 2 1 
2 2 2 1 
2 2 2 1 
2 2 1 1 
2 2 1 1 
2 2 1 1 
2 2 1 1 
2 2 1 1 
2 2 1 1 
2 2 1 1 
2 2 1 1 
2 2 1 1 
2 2 1 1 
2 2 1 
2 2 1 
2 2 1 
2 2 1 
2 1 1 
2 1 1 
2 1 1 
2 1 1 
2 1 1 
1 1 1 
1 1 1 
1 1 1 
1 1 1 
1 1 1 
1 1 1 
1 1 1 
1 1 
1 1 
1 1 
1 1 
1 1 
1 1 
1 1 
1 1 
1 
1 
1 
