153 152 145 130 129 118 110 110 108 106 102 98 98 98 98 98 98 87 84 83 81 79 74 70 70 69 63 62 61 60 60 60 60 60 60 56 55 55 54 54 50 47 45 45 45 45 45 45 45 45 43 43 40 40 40 38 37 37 36 34 34 34 34 34 32 32 31 29 29 29 28 25 25 25 25 25 25 23 23 22 22 21 21 21 20 20 20 17 15 15 15 15 15 14 14 14 14 14 13 12 12 12 12 12 12 10 10 10 10 10 10 10 10 10 10 10 10 10 10 10 10 7 7 7 7 7 7 7 7 7 7 7 6 6 5 4 4 4 3 3 3 3 3 3 3 3 3 3 3 3 3 2 2 1 1 1 1 1 1 1 1 1 1 1 1 1 1 1 1 1 1 1 1 1 
151 144 142 123 117 107 107 106 103 97 90 89 85 85 85 83 78 75 74 70 66 66 65 63 62 60 60 59 59 59 59 57 55 55 55 54 54 48 47 47 47 46 44 44 44 44 44 43 38 38 38 38 37 33 32 32 30 30 30 29 28 26 26 24 24 24 24 24 24 24 24 24 21 21 21 21 21 21 21 21 21 21 21 19 18 18 16 15 13 13 13 13 13 12 11 11 11 11 11 11 11 10 10 10 10 10 9 9 8 6 6 6 6 6 6 5 5 5 5 5 5 5 5 5 5 5 5 5 5 4 4 4 3 3 3 3 3 3 3 3 2 2 2 2 2 2 2 2 2 2 2 2 2 1 1 1 1 1 1 1 1 1 
138 125 125 120 110 107 104 104 103 96 88 84 79 77 77 74 74 68 67 67 66 63 62 60 60 60 59 57 57 57 56 55 54 53 53 52 50 46 45 45 45 45 44 41 41 39 39 39 36 36 35 34 33 32 32 30 27 27 26 26 25 25 25 24 24 24 24 23 23 23 22 22 21 21 21 21 20 19 18 17 17 17 16 16 15 14 14 14 11 11 11 11 11 11 11 11 11 11 11 10 10 10 10 8 8 7 7 7 6 6 6 6 6 5 5 5 5 5 5 5 5 5 5 5 4 4 4 4 4 3 3 2 2 2 2 2 2 2 2 2 2 2 2 2 1 1 1 1 1 1 1 1 1 1 1 1 
135 125 123 117 108 106 102 100 97 89 83 75 75 74 73 72 72 67 64 64 62 58 58 57 57 57 56 55 50 50 49 48 47 44 42 42 42 42 42 41 41 40 38 38 37 37 32 32 32 32 32 31 31 31 29 27 27 26 25 25 25 25 25 24 23 23 23 23 23 20 20 20 19 19 18 18 18 18 15 15 15 15 15 14 14 14 13 11 11 11 11 11 11 10 9 9 9 9 9 9 9 9 7 7 7 7 7 6 6 5 5 4 4 4 4 4 4 4 4 4 4 3 3 3 3 3 3 3 2 2 2 1 1 1 1 1 1 1 1 1 1 1 1 1 1 
125 122 117 109 107 105 96 94 94 81 81 72 72 68 67 66 66 65 62 62 61 58 57 57 57 56 55 55 48 48 47 44 43 43 42 42 42 39 39 38 35 35 35 35 35 34 32 32 32 31 30 29 28 27 26 26 26 25 25 24 23 23 23 23 21 21 21 20 19 18 18 18 18 18 18 17 17 16 15 15 14 14 14 14 13 12 10 10 10 10 10 10 10 9 8 8 8 8 8 7 6 6 6 6 4 4 4 4 4 4 4 4 4 3 3 3 3 3 2 2 2 2 1 1 1 1 1 1 1 1 1 1 1 1 1 
116 107 107 98 97 95 93 91 89 81 70 67 67 66 66 62 62 62 61 61 61 56 56 56 54 52 52 50 48 47 47 43 43 40 40 39 39 38 38 37 35 35 35 35 34 34 32 32 31 30 28 26 26 26 26 26 25 24 24 23 22 22 22 21 20 20 18 17 16 16 16 16 16 16 15 15 14 14 14 13 13 13 13 12 11 11 10 9 9 9 8 8 8 8 8 8 7 7 7 6 5 5 5 5 4 3 3 3 3 3 3 3 3 3 2 2 2 2 2 2 2 2 1 1 1 1 1 1 1 1 1 1 1 1 
107 104 103 97 94 92 90 89 89 80 70 67 66 65 64 62 59 59 58 58 58 56 56 52 50 50 48 47 46 45 44 43 42 40 39 39 39 37 36 33 32 32 32 29 29 28 27 27 27 27 27 26 24 24 23 22 22 21 21 21 20 20 20 20 18 17 17 16 15 13 13 12 12 12 12 11 11 10 10 10 10 10 10 10 10 9 9 9 7 7 7 7 6 6 5 5 3 3 3 3 3 3 3 3 3 3 3 3 3 3 3 3 2 2 2 2 2 2 1 1 1 1 1 1 1 1 1 1 1 
105 102 98 96 94 91 87 87 85 80 67 66 65 61 60 59 57 57 57 57 57 55 55 50 50 49 46 44 42 42 42 37 37 35 34 34 33 33 32 32 32 29 29 27 27 27 26 25 25 24 23 23 23 22 21 21 20 19 19 18 18 16 16 15 15 15 15 14 13 12 11 11 10 10 10 10 10 9 9 9 9 9 7 6 6 6 6 5 5 5 5 5 5 4 4 3 3 3 3 3 3 3 2 2 2 2 2 2 2 2 2 2 2 2 2 1 1 1 1 1 1 1 1 
103 99 94 92 91 88 79 76 75 75 67 64 62 61 57 57 57 57 57 56 56 52 52 50 48 45 43 43 42 41 40 37 35 34 32 30 30 30 28 27 27 27 26 26 26 25 25 21 21 20 19 18 18 18 18 17 17 16 16 16 13 13 13 13 13 13 13 12 12 11 11 10 10 10 10 10 9 9 8 8 8 6 6 6 5 5 5 5 5 4 3 3 3 3 3 3 3 3 3 3 3 3 2 2 2 2 2 1 1 1 1 1 1 1 1 1 1 1 
98 94 90 88 86 85 78 75 73 72 64 64 60 60 57 57 57 55 54 53 50 47 47 46 46 43 42 41 41 39 37 35 33 33 32 30 30 28 28 27 27 26 24 23 23 22 20 19 19 18 18 18 18 17 17 17 16 16 16 15 13 13 13 13 12 12 12 12 10 10 10 10 10 10 9 9 8 8 8 7 7 6 5 5 4 4 4 4 4 3 3 3 2 2 2 2 2 2 2 2 2 2 2 2 2 1 1 1 1 1 1 1 
97 91 85 80 79 78 76 75 72 72 64 64 60 60 57 55 54 53 53 50 50 46 45 45 43 41 41 41 41 37 37 35 33 32 30 29 26 26 24 23 23 23 22 21 21 21 20 19 19 18 18 18 17 16 16 16 16 16 15 14 13 13 13 13 12 12 12 10 10 10 10 9 8 7 5 5 4 4 4 4 4 4 4 4 4 3 3 3 3 3 3 2 2 2 2 2 2 2 2 2 1 1 1 1 1 1 1 1 1 1 
97 90 85 78 78 78 75 74 72 69 64 63 60 58 57 52 52 52 50 50 46 46 45 41 41 41 40 38 36 36 35 35 33 31 24 23 23 23 22 21 21 21 21 21 20 20 19 19 19 18 18 18 16 15 15 15 14 13 13 13 13 11 11 11 9 9 9 8 7 7 7 7 7 5 4 4 4 4 4 4 4 4 3 3 3 3 3 3 3 3 3 2 2 2 2 2 2 2 1 1 1 1 1 1 1 1 1 1 
97 87 85 78 76 75 75 74 72 69 64 59 58 57 56 52 52 51 47 45 45 45 40 40 40 39 37 34 34 32 32 30 30 26 23 23 22 22 21 21 21 21 18 18 18 17 16 16 16 16 16 16 14 14 13 13 13 11 11 10 9 9 9 8 8 7 7 7 7 7 6 6 6 5 4 4 4 4 4 4 4 4 3 3 3 2 2 2 2 2 2 2 2 2 2 2 2 1 1 1 1 1 1 
92 87 80 77 75 75 72 71 69 66 62 58 57 57 55 52 51 49 46 45 44 42 40 40 35 33 30 28 26 25 25 25 24 24 23 22 22 21 20 18 18 17 17 17 16 16 16 15 15 15 15 15 14 13 13 13 13 10 10 10 8 8 8 8 7 7 7 7 7 7 6 6 6 5 4 4 4 4 4 4 4 4 3 3 3 2 2 2 2 2 2 2 2 2 1 1 1 1 1 1 1 1 1 
88 85 80 75 74 70 68 68 66 64 61 58 57 52 51 51 51 48 45 43 43 41 40 38 31 29 28 28 26 25 24 24 23 23 22 22 21 20 19 18 17 17 17 17 16 16 16 15 15 15 15 15 14 12 11 11 11 10 9 8 8 8 8 8 7 7 7 6 6 6 6 4 4 4 4 4 4 4 4 4 4 4 3 3 3 2 2 2 1 1 1 1 1 1 1 1 1 1 1 1 1 1 1 
88 83 79 74 73 69 65 63 62 61 58 58 55 51 51 47 47 43 43 41 41 36 36 35 31 27 27 26 25 25 24 23 23 22 22 21 20 19 18 17 17 17 17 15 15 15 15 14 14 14 13 13 11 11 11 11 11 10 9 8 8 8 8 7 7 7 6 5 5 4 4 4 3 3 3 3 3 3 3 3 2 2 2 2 2 2 2 2 1 1 1 1 1 1 1 
86 81 78 74 73 69 64 59 59 56 56 54 50 47 47 45 45 43 40 40 40 36 35 35 31 27 27 26 24 24 23 23 22 19 19 17 17 17 17 16 14 14 14 14 14 14 14 13 12 12 12 12 11 11 9 9 9 9 8 8 8 8 7 6 6 6 6 5 5 3 3 3 3 3 2 2 2 2 2 2 2 2 2 2 1 1 1 1 1 1 1 1 
84 81 72 72 72 67 64 58 57 56 54 47 47 47 47 44 39 37 36 36 34 28 28 27 24 24 24 24 23 23 22 21 21 19 18 17 17 17 13 13 13 13 13 12 12 12 12 12 12 12 12 11 11 10 9 9 9 9 8 8 7 6 6 6 5 5 5 4 4 3 3 3 3 2 2 2 2 2 2 2 2 2 1 1 1 1 1 1 1 1 1 1 
84 79 72 72 68 66 62 58 57 56 52 47 46 45 45 44 37 33 33 33 31 25 25 23 23 23 23 23 21 21 21 21 21 18 18 17 16 16 13 13 13 13 12 12 12 12 12 11 10 10 10 9 9 8 8 8 8 7 6 6 6 6 6 5 5 3 3 3 3 3 3 3 3 2 2 2 2 2 2 2 2 1 1 1 1 1 1 1 1 1 1 1 
79 79 71 70 65 65 62 56 55 51 51 45 45 45 42 40 36 33 33 32 30 23 23 22 22 22 22 22 21 21 19 19 19 18 17 16 16 15 13 12 12 11 11 11 11 11 11 11 10 10 8 8 8 8 8 8 6 5 4 4 4 4 4 4 4 3 3 3 3 2 2 2 2 2 2 2 2 1 1 1 1 1 1 1 1 1 1 1 
77 74 70 69 64 56 55 55 51 51 45 45 45 42 40 40 34 33 31 31 25 23 23 22 22 22 21 21 20 20 19 17 17 17 17 16 15 14 12 12 11 11 11 11 11 11 11 11 9 9 8 8 8 8 8 8 5 4 4 4 3 3 3 3 3 3 3 3 2 2 2 2 2 2 1 1 1 1 1 1 1 1 1 1 1 1 1 1 
76 70 69 67 64 56 55 53 49 48 45 45 44 41 40 37 34 33 31 26 25 23 22 22 22 22 21 21 19 19 19 17 17 16 16 15 12 12 11 11 11 11 11 11 10 10 10 10 9 9 8 8 7 7 7 7 4 4 4 4 3 3 3 3 3 3 3 3 2 2 2 2 
74 69 68 67 64 53 52 51 48 47 44 42 41 39 37 36 32 28 28 26 25 23 22 22 21 21 21 19 19 19 19 17 17 16 16 14 12 12 11 11 11 11 11 10 10 9 8 8 8 8 8 7 7 7 6 4 4 4 3 3 3 3 3 2 2 2 2 2 2 2 1 
71 67 66 61 61 51 51 51 47 46 43 42 39 39 36 33 29 28 28 26 22 22 22 22 21 19 19 19 19 19 18 17 16 16 16 14 12 11 11 11 11 11 11 9 9 8 8 8 8 7 7 6 6 6 6 4 4 4 3 3 3 3 2 2 2 2 2 1 1 1 1 
70 67 64 61 61 51 49 47 47 43 43 41 36 35 32 31 29 28 27 24 22 20 20 20 20 19 19 17 17 16 16 16 15 15 14 14 11 11 11 11 11 10 10 9 9 8 7 7 7 7 6 6 6 4 4 3 2 2 2 2 2 2 2 2 2 2 2 
70 66 62 61 59 51 49 47 46 43 42 39 36 30 29 28 28 26 22 22 22 20 20 20 20 19 18 17 16 16 16 14 13 13 12 12 11 11 11 11 10 10 9 9 8 8 7 6 6 6 5 5 4 4 4 3 2 2 2 2 2 2 2 2 1 1 1 
68 66 61 60 58 51 47 45 42 42 39 39 35 30 29 28 27 23 22 22 22 20 20 20 19 19 17 17 14 14 13 13 12 12 11 11 11 11 11 11 10 9 9 8 8 8 7 6 6 6 5 4 4 4 4 2 2 2 2 2 2 2 2 1 1 1 
68 64 61 59 56 50 47 45 41 41 39 35 33 30 28 28 27 22 22 21 21 20 20 20 19 19 17 17 13 13 13 12 12 12 11 11 11 11 11 11 10 9 9 8 8 5 5 5 5 5 5 4 4 4 4 2 2 2 2 2 2 2 1 1 1 1 
66 62 58 55 54 46 45 39 39 39 37 34 32 28 28 26 25 22 22 21 21 20 20 20 18 18 17 15 13 12 12 12 12 11 11 11 11 10 10 10 9 8 8 7 7 5 5 5 5 4 3 3 3 3 2 2 2 2 2 2 2 2 1 1 1 1 
66 61 58 55 52 46 42 38 38 38 35 34 31 28 25 25 25 22 19 19 18 18 18 16 16 15 15 15 12 12 12 12 12 11 11 11 11 10 10 8 8 7 7 6 5 4 4 4 2 2 2 2 2 2 2 2 2 2 2 1 1 1 1 1 
64 61 55 54 49 46 41 38 38 37 34 31 30 26 25 25 25 22 19 18 18 18 16 16 14 14 14 12 11 11 10 10 10 10 10 10 10 9 9 8 7 6 6 5 5 2 2 2 2 2 2 2 2 2 2 2 2 1 1 1 1 1 1 1 
64 58 54 53 49 44 41 38 33 32 32 31 30 26 23 22 22 18 18 16 16 16 15 15 14 13 13 12 11 10 10 10 10 10 10 10 9 9 7 7 6 6 6 5 4 2 2 2 2 2 2 2 2 2 2 1 1 1 1 1 1 1 
62 58 54 52 47 42 40 34 32 32 31 30 24 24 22 22 21 16 16 16 16 16 14 14 14 13 10 10 10 10 10 9 9 9 7 7 7 7 7 7 6 6 5 5 4 2 2 2 2 2 2 2 2 1 1 1 1 
62 58 53 49 46 42 35 34 32 30 30 30 23 22 21 17 17 16 16 16 15 15 14 14 11 11 10 10 9 9 9 9 9 9 7 7 7 6 6 6 5 5 5 4 3 2 2 2 2 2 1 1 1 
62 56 52 48 43 38 34 33 30 29 29 29 23 22 19 17 17 16 16 16 15 15 14 14 11 10 10 9 9 9 9 9 8 8 6 6 6 6 6 5 5 5 5 4 2 2 2 1 1 1 
61 56 51 47 43 38 33 33 29 27 26 26 23 21 19 17 16 16 14 13 12 12 12 11 11 10 10 9 9 9 9 9 8 7 6 6 6 6 5 5 5 5 4 4 2 2 1 1 1 1 
61 52 50 47 42 38 33 33 29 26 25 24 23 21 18 17 16 16 13 13 12 12 12 11 11 10 9 9 9 9 9 9 8 6 6 6 6 6 5 3 3 3 3 3 2 1 1 1 1 1 
58 50 48 46 41 37 33 32 29 25 24 21 20 20 18 17 16 15 12 12 12 12 12 11 11 9 9 9 9 8 8 7 7 6 6 6 5 5 5 3 3 3 3 3 2 1 1 1 
57 50 47 45 40 34 31 31 29 25 24 21 19 18 17 17 15 13 12 12 12 11 10 10 9 9 9 9 9 8 8 6 6 6 6 4 3 3 3 3 3 3 3 2 2 1 1 1 
57 48 46 42 39 34 30 30 29 24 22 20 19 18 16 16 14 13 12 12 11 9 9 9 9 9 8 8 7 6 6 6 6 5 5 3 3 3 3 3 2 2 2 2 2 1 1 1 
56 48 43 42 38 30 30 29 29 22 21 20 19 17 16 16 14 13 12 12 11 9 9 9 9 9 8 8 6 6 6 6 6 5 4 3 3 3 3 2 2 2 2 2 2 1 1 1 
56 48 42 40 38 30 29 28 26 19 19 18 17 16 16 15 14 13 12 12 10 9 9 9 9 9 7 6 6 6 6 6 5 3 2 2 2 2 2 2 2 2 1 1 1 1 
53 46 40 40 38 29 28 27 24 19 17 17 16 16 16 15 12 12 12 12 10 9 9 9 9 9 6 6 6 6 6 6 4 3 2 2 2 2 2 2 2 2 1 1 1 1 
51 45 40 39 35 28 27 27 24 19 17 17 16 16 16 14 12 12 12 11 10 9 9 9 9 9 6 6 6 6 6 4 3 2 2 2 2 2 2 2 2 2 1 1 1 1 
49 44 39 37 34 27 27 26 23 18 17 17 16 16 15 14 12 12 12 11 9 9 9 9 9 8 6 6 5 5 5 4 3 2 2 2 2 2 2 2 2 1 1 1 1 
49 44 39 37 30 27 27 25 22 18 17 16 16 15 14 14 12 12 12 11 9 9 9 9 9 6 5 5 4 4 4 3 3 2 2 2 2 2 2 2 1 1 1 1 
49 44 38 33 30 27 27 25 22 17 16 15 15 15 13 13 12 11 10 10 9 9 9 9 8 5 5 5 4 3 3 3 3 2 2 2 2 2 2 1 1 1 1 
45 44 37 33 30 27 27 25 22 17 15 15 15 14 13 11 10 10 10 10 9 9 9 9 8 5 5 4 3 3 3 3 3 2 2 2 2 1 1 1 1 1 1 
45 42 35 32 30 27 27 25 22 17 15 15 14 12 12 11 10 10 10 9 9 9 9 9 8 5 4 4 3 3 3 3 3 2 2 2 1 1 1 1 1 1 
45 41 33 31 28 27 24 24 21 17 15 15 14 11 11 11 10 10 10 9 9 9 9 9 6 5 4 3 3 3 3 3 3 2 2 2 1 1 1 1 1 
45 40 32 30 24 23 21 20 20 17 15 14 14 11 11 10 10 10 10 9 9 9 9 8 6 5 4 3 3 3 2 2 2 1 1 1 1 1 1 1 1 
44 39 32 25 23 22 21 20 20 15 15 13 12 11 11 10 10 9 9 9 8 8 8 8 5 5 4 3 3 3 2 2 2 1 1 1 1 
44 38 30 23 23 20 20 20 19 15 15 13 12 11 11 10 10 9 9 9 8 8 8 7 5 4 4 3 3 3 2 2 2 
44 35 26 23 22 20 19 19 18 15 14 13 12 10 10 10 10 9 9 9 8 8 8 6 5 4 3 3 2 1 1 1 1 
44 35 24 23 22 20 19 18 18 14 14 12 11 10 10 10 10 9 9 7 7 7 7 5 5 4 3 2 1 1 1 1 1 
42 35 23 21 19 19 19 18 18 14 13 12 11 10 10 10 9 8 8 7 7 7 6 5 5 3 2 2 1 1 1 1 1 
39 35 23 19 18 18 18 18 18 14 13 11 11 10 10 9 9 8 8 7 7 7 6 5 5 3 2 2 1 1 1 1 1 
37 34 20 19 18 18 18 18 16 14 11 11 10 10 10 9 9 8 7 7 6 5 5 4 4 3 2 2 1 1 1 1 
36 32 20 18 18 18 16 16 16 14 11 10 10 10 9 7 7 7 6 6 6 5 4 3 3 3 2 2 1 1 1 1 
35 32 19 18 17 17 16 16 16 12 10 10 10 6 6 6 6 6 6 6 6 5 4 3 3 3 2 2 1 1 1 1 
35 31 18 18 17 17 16 16 16 11 10 10 9 6 6 6 6 6 6 4 4 4 4 3 3 3 2 1 1 1 1 1 
35 30 18 18 16 16 16 15 15 11 10 9 9 6 6 6 6 6 6 4 4 3 3 3 3 3 2 1 1 1 1 1 
35 28 18 16 16 15 15 15 15 11 10 9 7 6 6 6 6 6 6 3 3 3 3 2 2 2 2 1 1 1 1 
35 28 17 16 15 15 15 14 14 10 9 9 6 6 6 6 6 6 6 3 3 2 2 2 2 2 1 1 
35 27 17 16 15 15 14 14 13 9 9 8 6 6 6 6 6 4 4 3 3 2 2 2 2 1 1 
35 27 17 16 15 14 14 12 12 9 8 8 6 6 6 6 6 4 4 3 3 2 1 1 1 1 1 
35 27 16 16 14 14 14 12 12 9 8 8 6 6 6 6 5 4 4 3 2 2 1 1 1 1 
34 25 16 16 14 14 14 12 12 9 8 6 6 6 6 6 5 4 4 3 2 2 1 1 1 
33 25 16 15 14 14 14 12 11 9 8 6 6 6 5 5 4 3 3 2 2 2 1 1 1 
30 25 15 15 14 14 14 12 11 9 8 6 6 6 5 5 3 3 3 2 2 2 1 1 1 
30 24 15 15 14 14 14 11 11 9 8 6 6 6 5 5 3 3 3 2 2 2 1 1 1 
30 23 15 14 14 14 14 11 10 8 8 6 6 6 5 5 3 3 3 2 2 2 1 1 
29 23 15 14 14 14 14 11 10 8 7 6 6 6 4 4 3 3 3 2 2 2 1 1 
29 23 15 14 14 14 12 11 9 8 7 6 6 6 4 4 3 3 3 2 1 1 1 1 
28 21 15 14 14 14 12 11 9 7 7 6 6 6 4 4 3 3 3 1 1 1 1 1 
28 17 15 14 14 13 12 11 8 7 7 6 6 6 4 3 3 3 2 1 1 1 1 
28 15 15 14 14 11 11 10 8 7 7 6 6 4 4 3 3 3 2 1 1 1 1 
27 14 14 13 13 11 10 10 8 7 7 6 5 4 3 3 3 3 2 1 1 1 1 
25 13 13 13 13 11 10 9 8 6 6 6 5 3 3 3 3 2 1 1 1 1 
23 13 13 13 11 10 9 9 8 6 6 6 4 3 3 3 3 2 1 1 1 
21 13 13 13 10 10 9 8 7 6 6 6 4 3 3 3 3 2 1 1 
21 13 13 13 10 10 9 8 7 6 6 5 3 3 3 3 2 2 1 1 
21 13 13 12 10 10 8 7 7 6 5 5 3 3 3 3 2 2 1 1 
21 13 12 12 10 9 8 6 6 6 5 5 3 3 3 3 2 2 1 1 
17 13 12 12 10 9 8 6 6 6 5 5 3 3 3 3 2 2 1 1 
17 13 12 11 10 9 8 6 6 4 4 4 3 3 3 3 2 2 1 1 
17 13 12 11 10 8 7 5 5 4 4 4 3 3 3 2 2 2 1 
17 13 11 10 10 7 7 5 5 4 3 3 3 3 3 2 1 1 1 
17 12 11 10 9 7 7 5 5 4 3 3 3 3 3 1 1 1 1 
17 12 11 9 9 7 7 5 5 4 3 3 3 3 2 1 1 1 
17 12 11 9 9 7 7 5 5 4 3 3 3 3 2 1 1 1 
17 12 10 9 9 7 5 5 4 4 3 3 3 3 2 1 1 1 
16 11 10 9 9 6 5 5 4 4 3 2 2 2 1 1 1 
16 11 10 9 8 6 5 4 4 4 3 2 2 2 1 1 1 
15 10 8 5 5 5 5 4 4 3 3 2 2 2 1 1 
13 10 8 5 5 5 4 4 4 3 3 2 2 1 1 1 
13 8 8 5 5 5 4 3 3 2 2 2 2 1 1 1 
13 8 8 5 5 4 4 3 2 2 2 2 1 1 1 1 
13 8 6 5 5 4 4 3 2 2 2 2 1 1 1 1 
13 8 6 5 4 4 4 3 2 2 2 1 1 1 1 1 
13 8 6 5 4 4 3 3 2 2 2 1 1 1 1 
13 7 6 5 4 3 3 3 2 2 1 1 1 1 1 
13 7 5 5 4 3 3 3 2 1 1 1 1 1 
13 6 5 5 4 3 3 3 2 1 1 1 1 1 
12 6 5 5 4 3 3 3 2 1 1 1 1 
12 6 5 5 4 3 3 3 2 1 1 1 1 
11 5 5 5 4 3 3 3 1 1 1 1 
11 5 5 4 4 3 3 3 1 1 1 1 
11 5 5 4 4 3 2 2 1 1 1 
11 5 5 4 3 2 2 1 1 
11 5 5 4 3 2 1 1 1 
11 5 5 4 3 1 1 1 
10 5 5 4 2 1 1 1 
10 5 5 2 2 1 1 1 
10 5 5 2 2 1 1 1 
9 5 5 2 2 1 1 1 
9 5 5 2 2 1 1 
8 5 5 2 2 1 1 
7 5 3 2 2 1 1 
7 5 3 2 1 1 
7 5 3 2 1 1 
6 5 3 2 
6 5 3 2 
6 5 3 2 
6 5 2 2 
6 5 2 1 
6 5 2 1 
6 4 2 
5 3 2 
5 3 2 
5 2 2 
4 2 2 
2 2 2 
2 2 2 
2 2 2 
2 2 2 
2 2 2 
2 2 1 
2 2 1 
2 2 1 
2 2 1 
2 2 1 
2 1 1 
2 1 1 
2 1 1 
2 1 1 
2 1 1 
2 
2 
2 
2 
2 
2 
2 
1 
1 
1 
1 
1 
1 
1 
1 
1 
