174 166 146 145 131 124 122 115 114 110 103 102 101 101 101 101 97 96 94 91 83 80 79 79 68 63 59 58 58 57 57 55 54 53 51 51 51 50 49 49 47 44 44 44 43 42 40 40 40 39 37 35 35 34 34 32 30 29 29 29 29 29 28 28 28 27 26 26 25 25 25 25 24 23 23 23 23 23 23 23 22 20 20 20 18 17 17 16 15 15 14 14 14 14 13 13 13 13 12 12 12 12 12 12 12 12 12 12 11 9 9 8 8 8 6 6 6 6 6 6 6 6 6 6 6 5 5 3 3 3 3 3 3 3 3 3 3 3 2 2 2 2 2 2 2 2 2 2 2 2 2 2 2 2 1 1 1 1 1 1 1 1 1 1 1 1 1 1 1 1 1 1 1 1 1 1 1 1 1 1 1 
158 151 134 131 130 118 117 105 101 99 95 92 92 90 89 82 82 81 76 73 73 71 71 68 65 63 59 53 52 50 49 49 48 46 46 44 43 43 43 43 42 42 41 39 38 38 36 34 34 34 33 33 32 32 32 31 29 29 28 25 23 23 22 21 19 19 19 19 19 19 19 19 19 19 19 18 18 18 18 18 17 16 15 14 14 14 14 14 14 13 13 13 13 12 12 11 10 10 10 10 10 10 10 9 9 9 8 8 8 8 8 8 8 7 6 6 6 5 5 5 5 5 4 4 4 3 3 3 3 3 3 2 2 2 2 2 2 2 2 2 1 1 1 1 1 1 1 1 1 1 1 1 1 1 1 1 1 1 1 1 1 1 
146 140 123 120 115 111 108 104 95 94 94 92 89 84 84 80 78 78 71 69 62 62 61 57 57 54 54 50 47 47 47 47 45 43 43 43 43 43 43 39 38 38 35 35 35 35 32 31 30 30 30 30 29 29 28 27 26 26 26 22 22 22 21 21 19 19 19 19 19 19 18 18 18 18 18 16 16 13 13 13 13 13 13 13 13 13 13 11 10 10 10 10 10 10 10 9 8 8 8 7 7 7 7 7 7 6 6 3 3 3 3 3 3 3 3 3 3 3 3 3 3 3 2 2 2 2 2 2 2 2 2 2 2 2 2 2 2 1 1 1 1 1 1 1 1 1 1 1 1 1 1 1 
143 134 123 117 109 108 100 99 91 89 89 88 79 79 79 72 72 71 64 64 62 61 59 57 57 54 52 49 46 45 45 45 42 42 41 41 40 39 38 36 35 34 34 34 34 34 31 30 30 29 29 29 27 27 26 24 24 23 22 22 22 21 20 19 19 19 18 18 18 17 16 16 16 13 13 13 13 12 12 12 12 12 12 12 12 12 11 10 10 9 9 9 8 8 8 7 7 7 7 7 6 6 6 6 6 6 5 3 3 3 3 3 3 3 3 3 3 3 3 3 3 3 2 2 2 2 2 2 2 2 2 2 2 2 2 2 2 1 1 1 1 1 1 1 1 1 1 1 
140 132 120 106 104 102 100 94 85 85 81 79 77 76 73 71 63 62 60 60 60 56 56 52 50 48 48 47 44 42 42 41 41 41 39 38 38 35 33 33 33 32 31 31 31 30 30 30 30 29 28 24 24 23 23 22 22 22 21 21 21 21 19 19 19 18 17 15 15 15 15 15 15 13 13 13 13 12 12 11 11 11 11 11 11 11 11 10 9 9 9 9 8 8 7 7 7 7 7 7 6 6 6 5 5 4 4 3 3 3 3 3 3 3 2 2 2 2 2 2 2 2 2 2 2 2 2 2 2 2 2 2 2 1 1 1 
131 123 116 105 101 99 95 91 85 84 80 77 74 74 72 67 61 59 59 57 55 54 54 51 48 46 46 43 43 42 40 40 38 38 38 34 34 33 33 32 32 31 31 30 27 27 27 23 23 22 22 21 21 21 21 21 19 19 19 19 19 19 18 15 15 15 13 13 13 13 13 13 12 12 11 11 11 11 11 11 11 11 10 10 9 9 9 9 9 9 6 6 6 6 6 6 6 6 6 5 5 5 5 5 4 3 3 3 2 2 2 2 2 2 2 2 2 2 2 2 2 2 2 2 2 2 2 2 2 2 2 1 1 1 1 
123 120 109 103 101 99 88 86 81 81 79 77 71 69 66 62 58 57 55 55 54 54 47 46 45 44 43 39 39 39 39 39 37 35 35 32 32 32 32 32 32 31 30 28 27 27 27 23 23 22 21 20 20 20 19 17 17 17 16 16 15 15 15 15 15 13 13 13 13 12 12 11 11 11 11 11 11 11 11 11 10 10 9 8 8 8 8 8 7 7 6 6 6 6 6 6 6 6 4 4 4 4 4 4 4 3 3 3 2 2 2 2 2 2 2 2 2 2 2 2 2 2 2 2 2 1 1 1 1 1 1 
122 115 109 96 94 93 86 84 81 77 70 70 68 59 56 56 56 55 54 54 53 49 46 45 43 39 39 39 39 39 38 37 35 35 33 32 32 32 32 29 29 28 27 25 24 24 23 22 20 20 20 20 19 18 17 17 17 17 15 15 15 15 14 13 13 13 13 13 12 11 11 11 11 11 11 10 10 10 10 9 9 8 8 8 8 8 8 7 7 6 6 6 6 5 5 5 5 5 4 4 4 4 4 4 4 3 3 3 2 2 2 2 2 2 2 2 2 1 1 1 1 1 
120 109 101 94 85 82 82 80 79 76 67 60 58 56 56 56 55 55 54 50 46 45 44 40 38 37 37 36 35 35 35 35 35 33 33 30 27 27 26 21 21 21 21 21 21 21 21 21 20 19 19 18 17 17 16 15 15 15 15 15 15 13 12 12 12 12 12 12 11 11 11 10 10 10 7 7 7 7 7 7 7 7 7 7 7 7 7 7 6 6 6 5 5 4 4 4 4 4 4 4 4 4 3 3 3 2 2 2 2 2 2 2 2 2 2 2 2 1 1 1 1 1 
120 109 94 94 83 81 77 76 67 67 67 60 58 56 56 55 54 49 49 49 45 45 43 38 36 36 36 36 35 34 34 34 32 32 31 27 26 26 24 21 21 21 21 21 21 21 20 20 19 19 19 18 17 17 16 15 15 14 13 12 12 12 12 12 12 12 12 11 10 9 8 8 8 8 7 7 7 7 7 7 7 7 7 7 6 6 6 5 5 5 5 5 4 4 4 4 3 3 3 3 3 3 3 3 3 2 2 2 2 2 2 2 2 1 1 1 1 1 1 1 1 
110 101 83 81 80 78 76 69 67 66 66 59 58 56 56 55 53 47 44 43 43 43 41 37 35 35 35 35 34 33 32 32 32 32 30 26 25 24 24 21 21 21 21 20 19 19 19 19 19 19 17 17 17 13 13 13 13 13 12 12 12 12 12 12 12 11 11 10 9 9 7 7 7 7 7 7 7 7 7 7 7 6 6 6 6 4 4 4 4 4 4 4 4 4 4 3 3 3 2 2 2 2 2 2 1 1 1 1 1 1 1 1 1 1 
105 95 81 79 79 75 73 68 65 63 62 57 57 54 54 53 52 46 43 43 43 43 40 37 35 35 35 33 33 31 31 30 30 30 30 26 25 24 24 21 21 21 19 19 19 19 19 18 18 18 16 14 14 13 13 13 13 13 12 12 12 12 12 12 12 11 11 9 9 8 7 7 7 7 7 7 7 7 7 7 6 5 5 5 5 4 4 4 4 4 3 3 3 3 2 2 2 2 2 2 2 2 2 1 1 1 1 1 1 1 1 1 1 
101 88 78 77 75 68 67 66 65 62 62 57 57 54 49 49 49 46 43 42 40 40 38 37 35 35 32 32 32 30 30 30 30 29 27 26 24 23 23 21 20 20 19 19 19 19 18 17 17 15 15 14 14 13 13 13 12 12 12 12 11 11 10 10 10 9 9 9 8 7 7 7 6 6 6 6 6 6 6 6 5 4 4 4 4 4 3 3 3 3 3 3 2 2 2 2 2 2 2 2 2 2 1 1 1 1 1 1 
96 88 78 74 74 67 66 63 62 62 60 57 57 52 47 46 46 43 41 39 39 39 38 36 35 34 31 31 31 30 30 29 29 28 27 24 23 23 23 21 20 20 19 19 19 19 18 16 16 15 15 14 14 13 12 12 12 12 12 11 10 10 8 8 8 8 8 8 8 6 6 5 5 5 5 5 5 5 5 5 5 4 4 4 4 3 3 3 3 3 3 2 2 2 2 1 1 1 1 1 1 1 1 1 1 1 1 
91 84 77 73 73 64 64 62 60 60 58 57 55 50 46 46 46 42 41 39 39 39 38 35 35 33 31 31 31 29 29 29 27 27 23 22 20 18 18 17 17 17 17 17 17 17 17 16 15 15 15 14 13 12 12 12 12 12 11 10 10 9 8 8 8 8 8 6 6 6 6 5 5 5 5 5 5 5 5 4 4 4 4 3 3 3 3 3 2 2 2 2 2 1 1 1 1 1 1 1 1 1 1 1 1 
91 81 77 73 71 63 63 61 59 59 55 55 55 50 46 46 44 42 39 39 39 36 36 35 35 32 31 30 30 29 29 28 27 25 22 22 18 17 17 17 17 17 17 17 16 16 16 15 14 14 13 13 12 12 12 12 11 11 11 10 9 9 8 8 7 7 7 6 6 5 5 5 5 5 5 5 5 5 4 4 3 3 3 3 3 3 3 2 2 2 2 2 2 1 1 1 1 1 1 1 1 
90 77 77 71 69 60 60 59 59 57 53 53 51 48 46 46 43 41 39 39 38 34 34 34 34 31 29 29 27 26 26 26 25 24 22 20 18 17 17 17 17 17 17 16 15 14 13 12 12 12 12 12 11 11 11 11 11 10 9 9 9 8 8 8 7 7 6 6 5 5 5 5 5 5 5 5 4 4 4 4 3 3 3 3 3 2 2 2 2 2 2 1 1 1 1 1 1 1 1 1 
90 77 72 71 69 59 59 58 58 55 51 50 48 46 46 44 43 40 39 39 38 34 33 32 31 29 28 28 27 26 26 25 25 22 20 19 17 17 17 17 16 16 16 16 14 13 12 12 12 12 11 11 11 11 10 10 10 10 9 9 8 8 8 7 5 4 4 3 3 3 3 3 3 3 3 3 3 3 3 3 3 3 3 2 2 2 2 2 2 1 1 1 1 1 1 1 1 
83 74 72 70 67 59 58 58 52 52 50 48 48 46 44 44 42 40 37 36 36 34 33 32 31 29 28 27 26 25 25 24 22 22 20 19 17 17 17 16 15 14 14 14 12 12 12 12 10 10 9 9 9 9 9 9 9 8 8 8 8 8 6 6 4 4 4 3 3 3 3 3 3 3 3 3 3 3 3 3 3 3 2 2 2 2 1 1 1 1 1 
81 73 72 63 62 56 55 54 51 51 49 48 46 45 43 43 37 37 35 35 35 34 33 32 31 28 26 25 25 25 25 22 22 21 17 17 17 17 17 16 14 14 13 13 10 10 10 10 10 9 9 9 9 9 9 9 8 8 7 7 6 3 3 3 3 3 3 3 3 3 3 3 3 3 3 3 2 2 2 2 2 2 2 2 1 1 1 1 1 
77 73 66 62 60 54 54 54 51 51 49 47 46 44 41 41 37 34 34 34 34 33 31 31 28 27 26 25 25 24 23 22 20 20 17 17 17 17 17 16 14 13 12 11 10 10 10 10 9 9 9 9 8 8 8 8 8 7 7 6 6 3 3 3 3 3 3 3 3 3 3 3 3 3 3 2 1 1 1 1 1 1 1 1 1 1 1 
76 71 66 62 58 53 53 51 48 48 48 47 44 44 40 40 37 34 34 34 32 32 30 27 27 26 25 25 25 23 23 22 19 19 17 17 17 16 15 15 13 13 12 10 10 10 10 9 9 9 9 9 8 8 8 8 8 7 6 5 5 3 3 3 3 3 3 3 3 3 1 1 1 1 1 1 1 1 1 1 1 1 
72 69 61 59 58 53 53 48 48 48 46 46 44 42 40 39 37 34 33 32 32 29 29 27 27 25 25 25 24 23 22 21 19 19 17 17 16 16 15 15 13 13 12 10 10 9 9 9 9 9 9 9 8 8 8 8 6 6 5 4 4 3 3 3 3 3 3 3 3 2 1 1 1 1 1 1 1 
72 68 61 59 57 53 53 48 47 46 43 42 42 40 38 38 36 34 33 32 31 29 29 27 25 25 25 24 22 22 21 20 19 18 17 17 15 14 14 14 13 12 11 10 10 9 8 8 8 8 8 7 7 7 5 5 5 5 4 4 3 3 3 3 3 3 3 2 2 1 1 1 1 1 1 1 
63 63 60 59 57 53 52 48 47 45 42 41 40 40 38 36 35 34 32 31 28 25 24 24 24 23 22 22 22 21 20 19 19 18 17 16 14 14 13 11 10 9 9 9 9 8 8 8 8 8 8 7 5 4 4 3 3 3 3 3 3 3 2 2 2 2 2 2 2 1 1 1 1 1 1 
62 58 56 56 54 53 49 48 45 45 41 41 40 38 35 33 33 30 30 30 24 23 22 22 22 22 22 21 21 20 20 19 18 17 16 15 14 12 12 11 10 9 9 9 9 8 8 8 6 6 5 5 4 3 3 3 3 3 3 3 3 3 2 2 2 1 1 1 1 
60 56 55 54 54 50 49 48 45 43 40 40 39 36 32 32 32 30 28 27 23 22 22 22 22 22 22 21 20 19 19 17 17 16 16 15 14 12 11 10 9 9 9 9 9 8 7 7 6 5 4 4 4 3 3 3 3 3 2 2 2 2 2 2 1 1 1 1 1 
60 56 54 54 53 49 47 46 43 41 37 35 35 34 32 32 30 27 27 27 22 22 22 22 22 22 21 20 19 17 16 16 16 14 12 9 9 9 9 9 9 9 8 8 8 8 6 6 5 4 4 4 4 2 2 2 2 2 2 2 2 1 1 1 1 1 1 
60 55 54 54 53 48 46 46 41 40 35 35 34 33 32 32 28 26 26 25 22 22 22 22 22 21 20 19 18 17 15 13 13 13 11 9 9 9 9 9 9 9 8 8 8 6 5 5 5 4 4 4 4 2 2 2 2 1 1 1 1 1 1 1 1 1 
59 55 54 54 50 45 45 44 41 40 35 35 33 32 30 29 28 26 24 23 22 22 22 22 21 20 19 17 17 13 13 12 12 12 11 9 9 9 7 7 7 7 7 7 7 5 5 5 5 4 4 4 4 2 2 2 2 1 1 1 1 1 1 
59 55 53 52 50 45 45 41 40 36 34 33 33 31 30 29 26 25 23 23 22 22 22 21 21 17 17 16 13 12 12 12 11 11 10 9 7 7 7 7 7 7 7 7 7 5 5 5 5 4 4 3 3 2 2 2 1 1 1 1 1 1 1 
59 55 52 52 49 45 44 40 40 35 34 33 31 30 28 25 25 24 23 23 22 22 22 20 20 17 17 12 12 12 12 11 9 9 8 8 7 7 7 7 7 6 6 6 4 4 4 4 4 4 4 3 2 2 2 1 1 1 1 1 
59 55 52 47 47 43 40 40 35 34 34 32 31 28 26 25 23 23 22 22 21 21 21 20 18 17 14 12 12 11 11 11 9 9 8 7 7 7 7 6 6 5 5 5 4 4 4 4 4 4 3 3 2 2 2 1 1 1 1 1 
57 55 52 47 45 41 37 36 29 29 27 27 27 27 26 25 23 22 22 22 21 21 20 18 17 17 13 12 11 11 11 9 9 9 8 7 7 7 6 6 6 5 5 5 4 4 3 3 3 3 3 3 2 2 2 1 1 1 1 1 
52 52 46 46 42 40 37 34 28 28 27 27 27 24 23 23 23 22 22 22 21 20 19 18 17 17 13 11 11 11 9 9 8 8 7 6 6 6 6 5 5 5 5 4 3 3 3 2 2 2 2 2 1 1 1 1 1 1 
52 51 46 45 41 39 36 32 28 27 27 27 27 24 23 22 22 21 20 20 20 18 18 17 17 15 12 11 11 9 9 8 7 7 7 6 6 5 5 5 5 5 4 4 3 3 3 2 2 2 2 2 1 
52 51 46 44 41 38 33 30 27 27 27 25 25 24 22 22 22 19 19 19 19 18 17 16 13 13 12 9 9 9 9 8 7 7 7 6 5 5 5 4 4 4 4 3 3 3 3 2 2 2 1 1 1 
52 49 46 42 38 38 33 27 27 27 26 24 23 23 22 22 20 19 19 18 18 16 16 15 13 12 11 9 9 8 8 8 7 7 7 6 4 4 4 4 4 4 3 3 3 2 2 2 1 1 1 1 
49 48 46 42 38 38 32 27 26 26 25 24 23 23 21 19 19 19 18 18 18 15 12 12 12 11 11 9 9 8 8 7 7 7 6 5 4 4 4 3 3 3 3 1 1 1 1 1 1 
49 48 44 42 38 38 32 27 26 26 22 21 19 19 18 18 17 17 17 16 15 12 12 12 12 11 11 9 9 8 7 7 7 7 5 5 4 3 3 2 2 2 1 1 1 1 1 1 1 
49 48 43 39 37 37 32 26 26 23 22 21 19 18 16 16 16 14 14 12 12 12 12 12 12 11 10 9 8 8 7 5 5 5 5 3 3 3 3 2 2 1 1 1 1 
48 46 43 38 37 35 31 26 26 22 21 18 18 16 14 14 14 13 12 12 12 12 12 12 12 10 10 9 7 7 7 5 5 5 5 3 3 3 2 2 1 1 1 1 
45 42 42 38 36 35 31 26 26 21 21 18 18 15 14 14 13 12 12 12 12 12 11 11 10 10 9 7 7 7 7 5 4 4 3 3 3 2 2 1 1 1 1 1 
45 40 39 37 36 33 29 26 26 21 19 17 16 15 14 13 12 12 12 12 12 10 9 9 9 9 9 7 6 5 5 5 4 4 3 3 3 2 2 1 1 1 1 1 
41 39 39 37 35 33 29 25 23 19 17 16 16 14 13 13 12 12 12 12 11 10 9 9 8 8 8 7 5 5 5 5 4 3 3 3 3 2 2 1 1 1 1 1 
40 39 38 37 35 33 27 21 20 19 16 15 14 14 12 12 12 12 12 9 9 9 9 9 8 7 7 6 5 5 4 4 4 3 2 2 2 2 2 1 1 1 1 
40 39 38 36 32 32 22 20 19 18 16 15 14 12 12 12 12 12 10 9 9 9 8 8 8 7 7 6 5 5 4 4 3 3 2 2 2 2 2 1 
40 39 38 35 32 32 19 19 18 17 14 14 14 12 12 12 12 10 10 9 9 9 8 8 8 7 5 5 5 4 4 3 3 3 2 2 2 2 1 1 
40 39 34 33 32 31 18 18 18 13 12 12 12 12 12 12 11 9 9 9 9 9 8 8 7 7 5 4 4 4 4 3 3 2 2 2 2 1 1 1 
40 38 33 33 32 29 18 17 15 12 12 12 12 11 11 11 10 9 9 9 9 9 8 7 7 7 4 4 4 4 4 3 2 2 2 2 2 1 1 1 
39 34 33 33 30 26 18 17 14 12 12 12 11 11 11 11 10 9 9 9 9 9 7 7 6 5 4 4 4 3 3 2 2 2 2 1 1 1 1 1 
39 34 33 32 29 26 18 15 13 12 12 12 11 11 11 10 10 9 9 9 8 8 7 7 6 5 4 4 3 2 2 2 2 2 1 1 1 1 1 1 
38 31 31 31 28 26 17 14 13 12 12 11 11 11 8 8 8 8 8 8 8 7 6 5 4 4 4 4 2 2 2 2 2 1 1 1 1 1 
35 31 31 31 28 25 16 14 13 12 11 11 11 10 8 8 8 8 7 7 7 6 6 5 4 4 4 3 2 2 2 1 1 1 1 1 1 1 
35 31 31 31 27 24 16 14 13 12 11 11 10 8 8 8 8 8 7 7 6 6 5 5 4 4 3 2 2 2 1 1 1 1 1 1 1 1 
34 31 31 29 27 24 16 14 13 12 10 10 10 8 8 8 8 7 7 7 6 5 4 4 4 3 3 2 2 2 1 1 1 1 1 1 1 
34 31 31 29 25 24 16 14 12 12 10 10 10 8 8 7 7 7 6 6 6 5 4 4 4 2 2 2 2 1 1 1 1 1 1 
34 31 27 27 24 24 16 14 12 12 10 10 10 7 7 7 7 5 5 5 5 4 4 4 4 2 2 2 1 1 1 1 1 1 
34 31 26 26 24 23 15 14 12 10 10 10 10 7 7 7 7 5 5 5 5 4 4 4 4 2 2 2 1 1 1 1 1 1 
32 27 26 24 23 21 15 13 12 10 10 10 7 7 7 6 6 5 5 5 4 4 4 3 3 2 2 2 1 1 1 1 1 
28 26 26 24 23 21 15 12 12 10 10 10 7 7 7 6 5 5 5 5 4 4 4 2 2 2 2 2 1 1 1 1 1 
28 26 26 23 22 21 14 12 12 10 10 9 7 7 6 6 5 5 5 4 4 4 4 2 2 2 2 2 1 1 1 
26 25 25 23 20 20 12 12 12 10 10 9 7 7 5 5 5 5 5 4 4 4 4 2 2 2 1 1 1 1 1 
26 25 25 23 19 19 12 12 11 9 9 8 7 7 5 5 5 5 5 4 4 3 3 2 1 1 1 1 1 1 
25 25 23 22 19 18 12 12 11 9 7 7 7 7 5 5 5 4 4 4 4 2 2 1 1 1 1 1 1 1 
25 24 23 21 18 18 12 12 11 9 7 7 7 7 5 5 5 4 4 4 3 1 1 1 1 1 1 1 1 
24 24 21 21 18 18 12 12 11 9 7 7 7 6 5 5 4 4 4 4 3 1 1 1 1 1 1 1 1 
24 24 20 18 17 15 12 11 10 9 7 7 7 6 5 5 4 4 4 4 3 1 1 1 1 1 1 1 
24 23 19 17 16 15 12 11 8 8 7 7 6 6 5 5 4 4 4 4 1 1 1 1 1 1 1 
24 22 19 17 16 15 12 11 8 8 7 7 6 6 5 3 3 3 3 3 1 1 1 1 1 1 1 
24 20 19 17 16 15 11 11 8 8 7 7 6 6 5 3 3 3 3 2 1 1 1 1 1 1 
24 20 19 17 16 15 11 11 8 8 7 7 6 6 5 3 3 3 3 2 1 1 1 1 1 1 
23 20 19 17 16 15 11 10 8 8 7 7 6 6 5 3 3 3 3 2 1 1 1 1 1 
23 20 19 17 16 14 11 10 8 7 7 6 6 5 4 3 3 3 2 2 1 1 1 1 1 
21 20 19 17 16 14 10 9 8 7 7 6 6 5 4 3 3 3 2 2 1 1 1 1 1 
21 19 19 17 16 14 10 9 8 7 7 6 5 5 4 3 3 3 2 2 1 1 1 1 1 
21 19 19 17 14 13 10 9 8 7 5 5 5 5 4 3 3 2 2 2 1 1 
21 19 19 17 14 12 10 9 7 7 5 5 5 4 4 3 3 2 1 1 1 1 
21 19 18 16 14 12 9 8 7 7 5 5 5 4 3 3 3 2 1 1 1 
19 18 18 16 13 12 9 8 7 5 5 5 4 4 3 3 2 2 1 1 1 
18 18 16 16 12 12 8 8 7 5 5 5 4 4 3 3 2 
18 18 16 15 12 12 8 7 7 5 5 5 4 4 3 2 2 
18 17 16 15 12 11 8 7 7 5 5 4 4 3 2 2 2 
17 17 16 14 12 11 7 7 7 5 5 4 4 3 2 1 1 
17 17 15 13 12 10 7 6 5 5 5 4 4 3 2 1 
17 17 15 13 12 10 7 6 5 5 5 4 4 
17 17 14 13 12 10 7 5 5 5 5 4 3 
17 16 14 13 11 10 7 5 5 5 5 2 2 
17 16 14 11 10 10 5 5 3 2 2 2 2 
17 16 14 10 10 9 5 5 3 2 2 2 2 
17 16 14 10 10 8 5 5 2 2 2 2 2 
15 15 14 10 10 8 5 5 2 2 2 2 2 
15 15 13 10 10 8 5 4 2 2 2 2 1 
15 15 13 10 7 6 5 4 2 2 2 2 
15 14 12 9 7 6 5 4 2 2 2 1 
15 14 12 9 6 6 5 4 2 2 2 
14 14 11 9 6 6 5 4 2 2 1 
14 12 10 9 6 6 5 4 2 2 1 
14 11 10 7 6 6 5 4 2 2 1 
13 11 10 6 6 6 4 4 2 1 1 
12 11 9 6 6 5 4 3 2 1 
11 9 9 6 6 5 3 3 1 1 
9 9 9 6 6 4 3 3 1 1 
9 9 8 6 5 3 3 3 1 1 
9 9 8 4 3 3 3 3 1 1 
9 8 7 4 3 3 3 3 1 1 
9 8 7 4 3 3 3 2 1 
9 8 6 4 3 3 3 2 1 
9 8 6 4 3 3 3 2 1 
9 8 5 4 3 3 3 2 1 
9 6 5 3 3 3 2 2 1 
9 5 5 3 2 2 2 2 1 
9 5 5 3 2 2 2 1 1 
8 5 5 3 2 2 2 1 
8 5 5 3 2 2 1 1 
8 5 4 3 2 2 
6 5 4 3 2 2 
6 5 4 3 2 2 
6 5 3 3 2 2 
6 5 3 3 2 2 
6 5 3 3 2 2 
6 5 3 3 2 1 
5 5 2 2 2 1 
5 3 2 2 2 
5 3 2 2 1 
4 2 2 2 1 
4 2 2 2 1 
4 2 2 2 1 
4 2 2 2 1 
4 2 2 2 1 
4 2 2 1 
4 2 1 1 
4 2 1 1 
4 2 1 1 
3 2 1 1 
3 2 1 1 
3 2 1 1 
3 2 1 1 
3 2 1 1 
3 2 1 1 
2 1 1 1 
2 1 
2 1 
2 1 
2 1 
2 
2 
2 
2 
1 
1 
1 
1 
1 
1 
1 
1 
