134 131 131 118 114 108 108 101 100 100 99 99 94 93 88 85 83 80 78 78 74 72 70 70 70 65 64 61 60 59 57 57 55 53 53 52 50 49 49 49 49 49 49 49 49 47 44 44 44 44 44 44 44 42 40 38 38 38 36 35 35 34 33 32 31 31 30 27 27 27 27 27 26 26 25 25 24 24 24 24 24 24 24 23 23 23 23 22 20 19 19 19 19 18 16 16 15 15 15 15 14 14 14 12 12 12 12 12 11 10 10 9 8 8 8 8 7 7 7 7 6 6 6 6 6 6 6 6 5 5 5 5 4 4 4 4 4 4 3 3 3 3 2 2 2 2 2 2 2 2 2 2 2 2 2 2 2 2 2 2 2 1 1 1 1 1 1 1 1 1 1 
131 130 118 117 114 105 104 100 99 97 92 92 87 87 87 84 79 79 75 74 71 71 68 65 61 60 60 60 57 57 57 55 54 53 52 50 50 49 49 49 47 43 42 41 41 40 39 38 38 38 38 38 38 37 36 35 35 34 33 33 33 32 31 30 29 29 28 27 27 27 23 23 23 23 21 20 20 19 19 19 18 17 17 17 17 16 16 13 13 13 13 10 10 10 10 10 10 10 10 10 9 9 9 9 9 9 9 7 6 6 6 5 5 5 5 5 5 5 5 5 5 5 5 5 4 4 4 4 4 3 3 3 3 3 3 3 3 2 2 2 2 2 2 2 2 2 2 2 1 1 1 1 1 1 1 
130 126 116 114 107 103 101 88 88 85 85 82 82 81 79 72 72 71 71 71 69 69 63 62 61 60 58 58 57 55 53 53 53 52 50 47 44 44 43 43 42 39 38 38 38 38 38 37 34 32 31 31 31 31 30 30 29 29 28 28 28 28 28 27 24 24 24 24 24 22 21 21 21 19 19 19 18 18 17 17 17 17 16 15 15 15 15 13 13 13 13 10 10 10 10 10 9 9 8 8 8 7 6 6 6 6 6 6 6 6 5 5 5 5 4 4 4 4 4 4 4 3 2 2 2 2 2 2 2 2 2 2 2 2 2 2 2 1 1 1 1 1 1 1 1 1 1 1 
121 121 108 107 103 96 93 87 85 83 83 80 76 71 71 71 71 67 67 64 64 60 60 60 58 57 56 55 54 51 51 47 47 44 44 40 39 39 38 37 37 37 37 37 37 36 35 32 31 31 31 31 29 29 29 29 25 25 23 22 22 22 22 22 22 21 21 20 19 19 19 19 19 19 18 18 17 17 17 16 16 15 15 14 14 14 14 12 12 12 11 10 10 9 9 9 8 8 8 8 6 6 6 6 5 5 5 5 5 5 5 5 5 4 4 4 4 4 4 4 3 2 2 2 2 2 2 2 2 2 2 2 2 2 1 1 1 1 1 1 1 1 1 1 1 
114 112 105 93 93 90 84 84 82 80 80 74 74 71 71 71 70 64 59 58 58 58 58 57 56 54 53 53 52 47 46 45 42 41 37 37 37 36 36 34 34 34 34 34 34 32 31 29 27 27 26 26 26 25 24 24 24 22 22 21 21 20 20 19 18 18 18 18 17 17 17 17 17 15 15 14 14 14 13 13 13 12 11 10 10 9 9 9 9 9 9 9 9 8 8 7 7 6 6 6 6 5 5 5 5 5 5 5 5 5 5 4 4 4 4 4 3 3 3 2 2 2 2 2 2 2 1 1 1 1 
105 98 98 92 86 85 84 84 79 78 77 74 73 71 71 67 64 61 59 58 57 56 56 55 54 52 51 51 49 46 44 42 40 40 37 36 35 35 34 32 32 32 32 30 30 27 26 26 26 26 25 25 25 25 24 24 22 20 20 19 19 19 19 18 18 18 17 17 17 17 15 15 15 15 12 12 12 12 12 12 12 11 10 9 9 9 9 9 8 8 8 8 7 7 7 5 4 4 3 3 3 3 3 3 3 3 3 3 2 2 2 2 2 2 2 2 1 1 1 1 1 1 1 1 1 1 1 1 1 1 
99 88 86 85 85 84 81 81 79 75 75 72 72 68 64 64 62 57 57 57 56 56 54 51 51 50 49 45 45 45 41 41 40 36 36 35 33 32 32 32 32 31 30 29 29 26 26 26 26 26 25 24 24 24 23 23 21 20 19 19 18 18 16 16 15 15 14 14 14 14 13 13 12 12 12 12 11 11 10 9 9 9 9 9 9 8 7 6 6 6 6 6 6 6 6 5 4 4 3 3 2 2 1 1 1 1 1 1 1 1 1 1 1 1 1 1 1 1 1 1 1 1 1 1 1 1 1 1 1 1 
97 86 85 85 83 82 81 81 77 75 74 72 68 66 63 63 59 57 57 57 55 55 52 51 51 50 47 45 41 40 40 38 36 33 33 33 32 32 31 30 30 29 29 29 26 26 25 25 25 24 23 20 20 19 18 18 18 18 18 18 18 18 16 16 14 14 13 13 13 12 12 12 12 12 11 9 9 9 9 9 9 9 8 7 6 6 6 6 5 5 5 5 5 5 3 3 3 2 2 2 2 2 1 1 1 1 1 1 1 1 1 1 1 1 1 1 1 1 1 1 1 1 1 1 1 
96 86 85 81 81 77 74 74 74 72 71 70 67 62 62 61 59 56 55 53 52 44 44 43 43 43 40 38 38 37 36 36 33 31 31 31 30 30 30 30 30 29 26 25 24 24 24 24 20 20 19 18 18 18 18 18 17 17 17 17 16 14 13 13 11 11 11 10 9 8 8 8 8 8 8 8 8 8 8 7 7 7 6 6 6 6 5 5 5 5 5 5 5 4 3 3 3 2 2 2 2 1 1 1 1 1 1 
93 85 83 81 80 77 74 74 73 71 69 68 65 62 57 57 57 55 55 53 50 43 43 43 42 38 38 38 37 36 34 34 33 31 31 31 30 29 29 29 29 27 25 24 24 23 20 19 19 19 18 18 18 18 17 13 13 13 13 13 13 12 10 10 9 9 8 8 8 8 8 8 8 8 8 8 8 7 7 7 7 6 6 6 6 5 5 5 5 5 4 4 4 4 2 2 2 2 2 2 2 1 1 1 1 1 1 
90 84 79 77 77 75 74 72 72 71 68 68 63 61 54 54 53 49 48 48 48 43 43 42 38 37 37 37 36 32 32 32 31 29 29 29 29 29 28 28 26 26 23 23 23 21 19 19 19 18 18 17 14 14 13 13 13 13 12 10 10 10 10 10 8 8 7 7 7 7 7 7 7 7 7 7 7 7 7 7 6 6 4 4 4 4 4 4 4 4 4 4 4 2 2 2 2 2 1 1 1 1 1 
83 80 78 77 76 75 73 70 69 69 61 58 58 57 54 49 49 48 48 47 45 41 40 40 38 37 36 36 36 32 32 32 31 28 27 27 27 27 26 25 25 25 23 22 20 19 19 19 18 18 17 16 14 14 13 13 13 13 12 10 10 10 7 7 7 7 7 7 7 7 7 7 7 7 5 5 5 5 5 5 4 4 4 4 4 4 4 4 3 2 2 2 2 2 1 1 1 
81 79 77 77 76 63 63 59 59 59 58 57 57 56 54 48 48 48 44 44 44 41 37 37 37 37 36 32 32 31 30 26 26 25 25 25 25 23 23 23 22 22 22 21 20 19 19 19 17 15 15 15 14 13 13 13 13 13 10 10 9 9 7 7 7 7 7 7 7 7 7 7 7 7 5 5 5 5 5 4 3 3 3 3 3 2 2 2 1 1 1 1 1 1 1 
80 78 77 77 70 63 62 59 59 58 57 57 56 55 50 48 47 46 44 44 41 38 37 36 36 36 32 32 30 30 29 26 25 25 25 23 23 23 23 23 21 21 21 19 19 19 17 17 16 15 14 13 13 12 10 8 8 8 8 7 7 7 7 7 7 7 7 7 7 7 7 6 6 5 5 5 4 3 3 3 3 3 2 2 2 2 2 2 1 1 1 1 1 1 1 
79 78 76 75 66 63 60 59 58 57 57 57 56 49 49 48 47 44 44 42 41 37 37 36 35 33 32 29 28 27 27 25 25 25 25 23 22 22 22 22 21 21 20 19 19 17 16 16 16 15 13 12 9 7 7 7 7 7 7 7 7 7 7 7 7 7 7 7 7 7 6 4 4 4 4 4 3 3 3 3 3 3 2 1 1 1 1 1 1 1 1 1 1 1 
78 77 76 74 66 63 59 59 57 56 56 53 50 46 46 45 45 42 41 39 39 36 36 36 33 33 30 28 28 27 27 25 25 22 22 21 21 21 21 19 19 19 18 15 15 15 12 12 12 11 11 11 8 7 7 7 7 7 7 7 7 7 7 7 7 7 3 3 3 2 2 2 2 2 2 2 2 2 1 1 1 1 1 1 1 1 1 1 1 1 1 1 1 
77 75 74 64 63 60 58 57 56 56 53 53 49 46 46 45 45 42 41 39 36 34 34 34 32 31 28 27 27 27 27 25 24 22 21 20 20 20 19 18 18 17 16 13 13 13 12 12 11 11 11 10 8 7 7 7 7 7 7 7 7 7 7 7 6 6 3 3 3 2 2 2 2 2 2 2 2 2 1 1 1 1 1 1 1 1 1 1 
77 73 71 64 60 59 57 57 56 55 53 51 49 46 43 43 42 40 35 35 34 34 33 32 31 30 28 24 24 24 24 23 23 22 21 19 19 19 18 18 16 16 15 13 11 11 10 10 10 10 10 8 7 7 7 7 7 7 7 6 6 6 6 6 6 6 3 3 3 2 2 2 2 2 1 1 1 1 1 1 1 1 1 1 1 1 1 1 
75 70 70 64 59 58 57 56 56 54 51 49 47 46 43 43 40 38 35 35 34 34 33 31 30 29 28 24 23 23 23 21 19 19 19 19 18 17 17 17 15 15 13 11 11 10 10 10 10 10 9 8 7 7 7 7 7 7 7 6 3 3 3 3 3 3 3 2 2 2 2 2 2 1 1 1 1 1 
74 70 70 64 59 56 56 56 55 53 49 48 46 44 40 40 40 37 35 35 34 33 31 30 27 27 27 23 23 21 21 20 19 19 19 19 18 17 17 17 15 15 13 10 10 10 10 10 10 10 9 8 7 7 7 7 7 7 7 6 3 3 3 3 3 3 3 2 2 2 2 2 2 1 1 
74 70 67 64 58 54 54 53 52 51 49 43 43 43 40 37 36 35 35 35 31 31 31 28 27 27 25 23 23 20 20 19 16 16 16 16 16 16 16 16 15 11 10 10 9 9 9 9 8 8 8 8 7 5 5 5 5 5 4 3 3 2 2 2 2 2 2 2 2 2 2 2 1 
71 69 64 61 58 54 53 52 51 50 47 41 41 40 39 36 34 34 34 33 31 31 31 28 26 24 23 23 22 20 19 18 16 16 16 16 15 15 13 13 13 11 10 10 8 8 8 8 8 8 8 7 7 5 5 5 4 4 3 3 2 2 2 2 2 2 2 2 1 1 1 1 
71 68 61 60 57 54 52 52 51 50 44 41 41 39 38 36 34 33 28 28 28 28 28 28 26 22 22 22 21 19 18 18 16 16 16 15 13 13 12 10 10 10 9 9 8 8 8 8 8 7 6 6 6 5 5 5 4 4 2 2 2 2 2 2 2 2 1 1 
70 68 60 56 56 53 52 51 51 48 44 41 39 36 36 35 33 32 28 28 28 27 27 26 23 22 20 20 19 17 17 17 16 15 15 13 13 11 10 10 10 9 8 8 8 8 7 7 6 6 6 6 6 5 5 4 4 3 2 2 2 2 2 2 2 1 1 1 
69 68 59 56 56 53 52 51 49 44 44 41 39 36 35 35 33 31 28 28 28 27 26 26 23 21 20 20 18 17 17 17 15 13 13 13 11 11 10 9 9 8 8 7 7 7 7 7 6 6 6 6 6 5 5 4 3 3 2 2 2 2 2 2 1 1 1 1 
67 61 58 56 55 51 51 51 49 44 43 41 39 35 35 34 31 31 28 27 27 24 24 24 22 20 19 19 15 15 15 14 14 13 13 13 11 11 9 9 8 7 7 6 6 6 6 6 6 6 6 6 6 5 4 3 3 3 2 2 2 2 2 1 1 1 
63 59 57 56 54 51 51 49 46 43 41 41 38 35 34 33 30 29 27 27 26 24 23 23 21 19 17 16 15 15 14 14 14 12 12 10 9 9 9 9 8 7 6 6 6 6 6 6 6 6 5 4 4 3 3 3 3 2 2 1 1 1 1 1 1 1 
63 59 55 52 52 49 49 48 45 39 39 39 37 35 33 30 28 28 26 26 23 23 23 22 20 19 17 16 15 15 14 14 14 11 11 10 9 9 9 7 7 7 6 6 6 6 6 6 6 4 4 4 4 3 3 3 3 2 2 1 1 1 1 1 1 
63 58 55 52 52 49 46 46 41 39 34 33 33 32 31 28 27 27 26 21 21 21 21 21 19 18 14 14 14 14 14 12 11 11 10 9 9 7 7 7 7 7 6 6 6 6 6 6 4 4 4 4 4 3 3 2 2 1 1 1 1 
60 58 54 52 50 47 45 44 41 39 33 32 32 31 30 27 27 26 26 21 20 20 20 19 19 16 14 14 14 13 13 12 10 10 9 9 8 7 7 7 7 7 6 6 6 6 5 5 4 4 4 4 3 3 3 1 
59 58 54 52 50 46 45 43 41 36 33 29 28 28 28 27 23 22 21 20 20 20 20 19 17 16 14 14 14 13 12 12 10 10 9 8 8 7 7 6 6 6 6 6 5 5 5 5 4 4 4 4 3 2 2 1 
59 57 53 51 50 46 43 40 39 36 33 28 28 28 27 27 23 21 20 20 20 17 17 17 16 16 14 14 13 13 12 10 10 8 8 8 8 7 7 6 6 6 6 6 5 5 5 4 4 4 4 3 3 2 2 1 
58 52 52 49 49 45 41 36 34 34 32 28 28 26 26 21 21 21 20 20 19 17 16 16 15 13 13 13 13 12 12 10 9 8 8 8 6 6 6 6 6 6 6 5 5 5 5 4 4 4 4 3 3 2 2 1 
57 51 50 47 45 43 41 36 34 33 32 28 26 26 26 21 21 21 19 19 19 16 16 15 13 13 13 13 13 12 11 9 8 8 8 8 6 6 6 6 6 5 5 5 5 4 4 4 4 3 3 3 1 1 1 
53 51 49 44 42 42 39 35 34 32 31 27 25 23 23 21 20 19 19 18 16 15 15 15 13 13 13 13 12 11 10 9 8 8 7 7 6 6 6 6 5 5 5 5 5 4 4 4 3 3 3 2 1 
49 49 46 42 42 42 38 35 34 32 31 24 24 22 21 21 20 19 19 18 16 15 14 14 13 13 13 12 11 11 10 9 8 8 7 6 6 6 6 6 5 5 5 5 4 4 4 4 3 3 3 1 1 
49 45 42 42 42 40 36 34 34 31 30 24 23 22 21 21 20 19 16 15 15 15 14 13 13 12 12 11 11 11 8 8 8 7 7 6 6 6 6 6 5 4 4 4 4 3 3 3 2 2 1 1 
49 44 42 41 41 40 36 33 33 29 29 24 23 21 21 19 19 19 15 15 15 14 14 13 13 12 12 11 10 9 8 8 7 7 6 6 6 6 6 6 5 4 4 4 4 3 2 2 1 1 1 1 
47 44 42 41 41 39 34 33 32 29 29 23 23 21 21 19 19 18 15 15 15 14 14 13 13 12 11 11 9 8 8 8 7 6 6 6 6 6 5 5 4 4 4 3 3 2 2 2 1 1 1 
47 43 42 41 40 38 33 31 30 28 27 23 22 21 21 19 19 16 15 14 14 14 13 13 12 12 11 10 8 8 7 7 7 6 6 6 6 6 5 5 4 4 3 2 2 2 2 2 1 1 
47 43 41 41 38 33 33 30 29 28 27 23 22 20 20 19 19 16 15 14 14 14 13 12 11 11 10 10 8 8 7 7 6 6 6 5 5 5 5 5 3 3 3 2 2 2 2 1 
46 42 41 39 38 33 33 30 29 28 26 22 22 20 20 19 19 16 14 13 13 11 11 10 10 10 10 10 8 7 7 7 6 6 6 5 5 5 4 3 3 3 2 2 2 1 1 
44 41 41 36 36 33 32 28 26 26 26 22 21 20 19 19 18 16 14 13 12 11 11 10 10 10 10 9 8 7 7 6 6 5 5 5 5 4 3 3 3 3 2 1 1 
44 41 34 34 34 30 30 28 26 25 25 22 21 19 19 19 18 16 13 13 12 11 11 10 10 10 10 8 7 7 6 6 6 5 5 5 5 4 3 2 2 2 2 1 
42 41 34 32 32 29 29 28 26 25 25 22 20 19 19 19 15 13 13 13 12 11 10 10 10 8 6 6 6 6 6 6 6 5 5 5 5 4 2 2 2 2 1 
41 40 34 32 32 29 29 28 26 25 24 21 19 19 18 15 14 13 13 13 12 10 10 10 9 6 6 6 6 6 6 5 5 5 5 5 4 3 2 2 2 2 1 
41 36 33 31 31 29 29 27 24 21 20 20 19 19 18 15 13 13 13 11 11 10 10 9 7 6 6 6 6 6 5 5 5 5 4 4 3 2 2 2 2 2 1 
41 36 32 30 30 29 28 26 21 20 20 20 17 16 15 15 13 12 12 11 11 10 9 9 6 6 6 6 6 6 5 5 4 4 4 4 3 2 2 2 1 1 1 
41 35 32 30 30 28 27 25 21 20 19 19 17 15 15 15 12 12 11 11 9 8 8 8 6 6 6 6 6 6 5 4 4 4 4 3 3 2 2 1 1 1 1 
40 35 32 30 30 25 25 24 19 19 19 19 16 15 15 14 12 11 11 11 9 8 8 8 6 6 6 6 6 5 5 4 4 4 3 3 3 2 2 1 1 1 1 
38 34 31 30 30 25 25 23 19 19 19 18 16 14 14 14 11 11 11 9 9 8 8 7 6 6 6 5 5 5 4 4 4 4 3 3 3 2 1 1 1 1 1 
38 34 31 29 25 25 25 23 19 19 19 16 14 13 13 12 10 10 9 8 8 8 8 7 6 6 6 5 5 5 4 4 3 3 3 3 2 2 1 1 1 1 
37 34 30 29 24 24 24 23 19 19 18 15 13 12 12 10 10 9 9 8 8 7 7 7 5 5 5 5 5 5 4 3 3 3 3 2 2 1 1 1 
37 33 29 27 24 23 23 23 19 19 18 13 13 12 12 10 9 9 9 8 7 7 7 7 5 5 5 5 5 4 4 3 3 3 3 2 2 1 1 
37 33 28 27 24 22 21 19 19 19 18 13 13 12 11 10 8 8 7 7 7 7 7 6 5 5 5 5 5 4 4 3 3 3 2 2 1 1 1 
37 32 28 27 24 21 21 19 19 18 16 12 12 12 11 9 8 7 7 7 7 6 6 6 5 5 5 5 5 3 3 3 3 3 2 2 
37 32 27 27 24 21 20 16 16 16 16 12 12 11 10 8 7 7 7 6 6 6 6 5 5 4 4 4 4 3 3 3 2 2 2 2 
37 31 27 27 22 21 20 16 16 16 16 12 12 10 9 8 7 7 7 6 6 6 6 5 5 4 4 4 4 3 3 2 2 1 1 1 
35 31 26 25 21 21 20 16 16 14 14 12 12 9 9 8 7 7 6 6 6 6 6 5 4 4 4 3 3 2 2 2 1 1 1 1 
35 31 26 25 21 21 18 16 16 14 13 12 11 9 9 7 7 7 6 6 6 5 4 4 4 4 3 3 3 2 2 2 1 1 1 1 
34 31 25 25 21 21 18 16 16 13 12 12 9 9 9 7 7 7 6 6 6 4 4 4 4 4 3 3 3 2 1 1 1 1 1 1 
33 31 25 25 21 19 18 16 16 12 12 12 8 8 7 7 7 6 6 6 5 4 4 4 4 4 3 3 2 2 1 1 1 1 1 1 
33 31 25 25 21 19 16 15 15 12 11 11 7 7 7 7 7 6 6 6 4 4 4 4 4 4 3 3 2 2 1 1 1 1 1 1 
32 30 25 25 21 17 15 15 15 12 11 10 7 7 6 6 6 6 6 6 4 4 4 4 4 3 3 3 2 1 1 1 1 1 
32 29 25 24 20 17 15 15 15 12 11 10 7 7 6 6 6 6 6 6 4 4 4 3 3 3 3 2 2 1 1 1 1 1 
29 27 25 23 20 17 15 13 13 12 11 10 6 6 6 6 6 6 6 6 4 4 4 3 3 3 3 2 2 1 1 1 1 
28 27 25 22 20 16 14 13 13 12 11 9 6 6 6 6 6 6 6 5 4 4 4 3 3 3 2 2 1 1 1 1 1 
27 27 23 21 17 16 14 13 13 12 10 8 6 6 6 6 6 6 6 5 4 4 4 3 3 3 2 2 1 1 1 1 1 
27 27 23 20 17 16 14 13 13 11 10 8 6 6 6 6 6 6 5 5 3 3 3 3 2 2 2 2 1 1 1 
25 22 21 19 16 16 13 13 12 10 10 8 6 6 6 6 6 6 5 4 3 3 2 2 2 1 1 1 
25 21 21 18 16 16 13 12 12 9 9 8 6 6 6 6 6 5 5 4 3 3 2 2 1 1 1 1 
23 21 19 16 16 16 12 12 12 9 9 7 6 6 6 6 6 3 3 3 3 3 2 2 1 1 1 1 
23 20 18 16 16 15 12 12 12 9 9 7 6 6 6 4 3 3 3 2 2 2 2 1 1 
22 20 18 16 14 13 12 12 12 9 8 7 6 6 5 4 3 3 2 2 2 2 2 1 1 
22 18 16 16 14 12 12 11 11 9 8 7 6 6 5 3 3 2 2 2 2 2 2 1 1 
22 17 16 15 13 12 12 10 10 9 8 7 5 5 5 3 3 2 2 2 2 2 2 1 1 
20 17 16 15 13 12 12 10 9 9 8 7 5 5 4 3 2 2 2 2 2 2 
20 17 16 13 12 12 12 10 9 6 6 6 5 5 4 3 2 2 2 2 2 2 
19 16 15 13 12 11 11 9 9 6 6 6 5 5 4 2 2 2 2 2 1 1 
19 14 14 13 10 10 10 9 8 6 6 6 5 4 3 2 2 2 2 2 1 1 
19 14 14 13 10 10 10 9 8 6 6 4 4 4 3 2 2 2 2 2 1 1 
19 14 13 13 10 10 10 6 5 5 4 4 4 4 3 2 2 2 2 2 1 1 
19 14 13 13 10 10 9 6 5 5 4 4 4 4 3 2 2 2 2 1 1 1 
19 14 13 13 10 10 8 6 5 4 4 4 4 3 3 2 2 2 2 1 1 1 
19 14 12 12 10 10 8 6 4 4 4 4 4 2 2 2 2 2 1 1 
19 14 12 11 10 10 8 6 4 4 4 4 3 2 2 2 2 2 1 1 
19 13 12 11 10 9 8 5 4 4 4 4 3 2 2 2 2 2 
19 12 12 10 10 9 8 5 4 4 4 3 3 2 2 2 2 1 
19 12 10 10 8 8 8 5 4 4 4 3 3 2 2 2 2 1 
19 12 10 10 8 8 7 5 4 4 4 3 3 2 2 1 1 1 
19 10 10 10 8 8 6 5 4 4 3 3 2 2 1 1 1 1 
19 10 10 9 8 7 6 5 4 4 2 2 2 1 1 1 1 
19 10 10 9 7 7 6 4 3 3 2 2 2 1 1 1 1 
18 10 10 8 7 7 6 4 3 2 2 2 1 1 1 1 1 
17 10 10 8 7 7 6 4 2 2 2 2 1 1 1 1 1 
17 10 7 7 7 7 4 4 2 2 1 1 1 1 1 1 1 
17 10 7 7 7 5 4 4 2 1 1 1 1 1 1 1 
14 10 7 7 6 4 4 4 1 1 1 1 1 1 1 
12 10 7 7 5 4 4 4 1 1 1 1 1 
11 10 7 7 5 4 3 3 1 1 1 1 1 
11 10 7 7 5 4 3 3 1 1 1 1 1 
11 10 7 6 5 3 3 2 1 1 1 1 
11 10 7 6 5 3 3 2 1 1 1 1 
11 7 7 6 4 3 2 2 1 1 1 1 
10 7 6 6 4 3 2 2 1 1 1 1 
9 7 6 6 4 3 2 2 1 1 1 1 
9 7 6 6 4 3 1 1 1 1 1 1 
9 7 6 6 4 3 1 1 1 1 1 1 
9 7 6 6 4 3 1 1 1 1 
9 7 6 6 3 3 1 1 1 1 
8 6 6 6 3 3 1 1 1 1 
8 6 6 6 3 3 1 1 1 1 
8 6 6 4 3 2 1 1 1 1 
8 6 5 4 3 2 1 1 1 1 
7 6 5 4 3 2 1 1 1 
7 6 5 4 3 2 1 1 1 
7 6 5 4 3 2 1 1 1 
7 6 4 4 3 2 1 1 1 
7 4 4 4 3 1 1 1 
6 4 4 4 3 1 1 
6 4 4 4 3 1 1 
6 4 4 3 2 1 1 
5 4 4 2 2 1 1 
5 4 4 2 2 1 1 
5 4 3 2 2 1 
5 4 3 2 1 1 
4 4 3 2 1 
4 4 3 2 1 
4 2 2 2 1 
4 2 2 2 1 
3 2 2 2 
3 2 2 2 
3 2 2 2 
3 2 2 2 
3 2 2 2 
3 2 2 2 
2 2 2 2 
2 2 2 2 
2 2 2 1 
2 2 2 1 
2 2 1 1 
2 2 1 1 
2 2 1 1 
2 2 1 1 
2 2 1 1 
2 2 1 1 
2 2 1 1 
2 2 1 
2 2 1 
2 1 1 
2 1 1 
1 1 1 
1 1 1 
1 1 1 
1 1 1 
1 1 1 
1 1 1 
1 1 
1 
