176 160 158 144 139 128 121 119 116 107 105 98 95 91 89 86 84 79 79 79 79 79 77 74 73 70 70 70 69 69 68 65 64 63 63 61 53 52 52 52 49 49 48 48 48 48 48 48 46 45 44 44 44 43 41 41 40 39 38 38 37 37 35 35 32 32 31 30 28 27 27 26 26 23 22 22 22 22 22 22 22 21 21 18 17 17 17 17 17 17 17 17 16 15 15 15 15 15 15 14 11 11 11 10 10 10 10 10 10 10 10 10 10 10 10 10 10 10 10 10 9 9 9 9 9 8 7 6 6 6 6 6 6 6 6 6 5 5 5 3 3 3 3 3 2 1 1 1 1 
160 149 135 122 121 118 116 108 107 103 102 94 92 91 89 83 79 78 75 75 71 70 70 70 67 67 66 65 63 63 60 60 58 58 54 54 51 46 46 46 46 46 45 44 44 43 42 40 40 40 39 39 37 35 35 35 35 33 33 32 30 29 29 29 28 28 28 26 26 24 22 22 19 19 18 18 18 18 17 17 17 17 16 16 16 16 16 16 16 16 16 15 15 15 15 15 12 12 12 12 11 11 10 10 9 9 9 9 9 9 9 8 8 8 8 8 8 7 7 7 7 6 6 6 6 6 6 5 5 5 5 4 4 4 4 4 4 3 3 3 3 2 2 1 1 
143 139 123 115 113 110 107 105 95 92 90 82 81 81 80 80 77 73 71 69 65 64 62 62 62 56 52 50 50 47 46 44 44 43 43 42 42 42 42 42 42 42 41 41 37 35 35 35 35 34 32 32 31 31 28 28 28 28 28 28 28 27 27 27 27 24 19 19 19 19 19 18 18 18 18 17 17 16 16 16 16 16 16 16 16 15 15 13 13 13 13 13 13 13 11 10 10 10 9 9 7 7 7 7 7 6 6 6 6 5 5 5 5 5 5 5 5 5 5 4 4 4 4 3 3 1 1 1 1 
125 113 109 109 107 100 99 95 90 88 80 77 76 75 74 73 72 71 69 68 64 62 60 57 55 53 50 49 48 46 46 44 44 43 42 40 40 39 39 38 38 38 37 36 36 35 35 32 32 31 31 29 29 29 28 28 28 28 28 27 25 25 25 22 22 21 19 19 18 18 18 18 18 18 17 17 17 16 16 15 14 14 14 14 13 13 13 11 10 10 10 10 9 8 8 8 8 8 7 7 7 7 7 7 6 6 6 5 5 4 4 4 4 4 4 4 4 4 4 4 
121 113 105 102 101 99 98 95 89 84 80 76 76 72 72 72 69 66 65 65 63 58 58 57 54 48 48 47 44 43 43 43 43 43 42 39 38 38 37 37 37 36 34 34 34 33 33 32 31 31 29 28 28 28 28 27 27 26 25 24 23 22 19 19 19 18 17 17 17 16 15 15 14 14 14 14 14 14 14 13 13 13 13 13 12 11 11 10 10 9 9 8 7 7 6 5 5 5 5 5 5 4 4 4 4 4 4 4 4 4 4 4 4 4 4 4 3 3 3 3 
114 105 104 100 98 93 93 92 85 80 74 72 72 71 71 66 66 64 63 63 61 58 58 56 48 48 47 43 43 43 39 38 38 38 37 37 36 36 36 35 32 32 30 30 30 30 29 29 29 29 29 28 27 26 25 25 25 23 22 21 20 19 19 19 17 16 16 15 15 15 15 15 14 14 14 13 13 13 13 12 12 12 12 12 12 10 10 9 8 8 8 6 6 6 5 5 5 5 4 4 4 4 4 4 4 4 4 4 4 4 4 4 3 3 3 3 3 3 3 2 
107 103 97 95 95 92 85 81 81 80 72 72 70 65 61 61 60 59 59 59 55 55 53 49 48 47 45 43 43 42 38 37 37 36 34 33 32 32 30 30 30 28 28 28 28 28 28 28 28 28 23 23 23 23 22 22 22 22 20 19 19 19 18 18 15 15 15 15 15 14 13 12 12 12 12 12 12 12 11 11 11 10 10 10 9 8 8 7 7 7 6 5 5 5 5 5 4 4 4 4 4 4 3 3 3 3 3 3 3 3 3 2 2 2 2 2 2 1 1 1 
101 98 89 88 88 88 83 81 81 73 72 70 69 63 59 56 56 56 56 55 52 50 49 49 46 45 45 43 42 41 38 37 36 36 34 33 32 32 30 30 29 28 28 28 28 28 28 28 27 22 21 21 21 21 21 21 20 20 19 18 18 17 17 17 15 15 15 15 14 13 13 12 12 12 12 11 11 10 10 10 10 9 9 9 7 7 7 7 6 6 6 5 5 5 5 4 4 4 4 4 3 3 3 3 3 3 3 1 1 1 
101 98 88 88 88 87 83 78 75 72 71 68 64 58 55 55 55 53 53 53 52 50 49 45 44 44 44 41 40 39 37 35 34 34 32 32 32 31 29 28 28 28 27 27 27 27 27 24 21 21 21 21 21 21 20 20 19 19 19 18 17 17 16 16 15 15 13 13 13 12 12 10 10 9 9 9 9 9 9 8 8 8 8 7 7 7 6 6 6 6 5 4 4 4 4 4 4 4 3 1 1 1 1 
101 93 86 85 82 81 80 74 74 69 69 66 64 57 55 55 55 53 52 51 49 48 48 45 44 42 36 36 36 36 34 34 34 33 30 29 29 29 28 28 28 28 27 25 25 24 24 24 21 21 21 19 19 19 19 17 16 16 16 16 15 14 14 14 14 13 12 12 12 12 9 9 9 9 9 9 9 9 8 8 7 7 6 6 6 4 4 2 2 2 1 1 1 1 1 1 1 1 1 1 1 1 
99 88 84 83 80 78 78 74 74 69 68 63 61 55 55 55 54 50 49 47 47 47 46 42 42 42 36 36 35 34 34 34 33 33 30 29 29 28 28 27 26 26 26 24 23 23 23 22 21 21 20 19 18 17 17 16 15 15 15 15 15 13 13 12 12 12 12 11 11 10 9 9 8 8 7 7 7 7 7 7 7 7 6 4 3 3 3 2 2 1 1 1 1 1 1 1 1 1 1 1 
92 85 83 82 79 78 76 74 73 66 61 61 56 55 54 54 51 49 48 46 45 45 45 42 42 41 36 35 34 34 34 32 32 30 29 29 28 28 28 27 26 26 25 23 23 23 22 21 19 19 19 18 17 17 16 15 15 15 13 12 12 12 12 12 12 12 11 10 10 9 8 8 8 7 7 7 7 7 5 5 5 5 5 3 3 3 2 1 1 1 1 1 1 1 1 1 1 1 
91 82 81 80 78 73 70 69 67 64 60 59 56 54 54 52 47 47 46 45 45 44 44 39 38 36 35 35 34 34 31 30 30 30 29 29 28 27 27 26 25 23 23 22 21 20 20 20 19 18 16 16 14 14 14 14 11 11 11 11 11 10 10 10 10 10 9 8 8 8 8 8 8 7 7 7 7 5 5 5 5 5 4 3 3 3 2 1 1 1 1 1 1 1 1 1 1 
88 82 78 77 75 71 68 68 65 63 60 57 54 54 51 51 46 45 45 43 41 38 37 36 36 31 30 30 30 30 30 29 29 28 26 26 26 26 26 25 25 23 21 18 17 17 17 16 16 15 15 14 14 14 12 11 11 10 10 10 10 10 9 9 9 8 8 8 8 8 8 8 7 7 7 7 6 5 5 5 4 3 2 2 2 2 1 1 1 1 
85 75 74 69 69 68 68 66 61 61 57 54 51 51 49 49 46 43 42 38 38 36 35 35 32 30 30 30 30 29 29 28 28 27 26 26 26 26 25 22 21 20 20 17 17 17 16 15 14 14 14 13 13 13 12 11 10 10 10 10 10 9 9 9 9 7 5 5 5 5 5 5 5 5 4 4 4 4 3 3 3 2 2 2 2 1 1 1 1 1 
85 74 73 69 69 67 65 63 61 57 56 53 51 49 49 47 46 40 38 38 38 36 35 35 31 30 30 30 29 28 27 26 26 25 25 25 24 20 20 20 20 20 20 17 17 16 15 15 14 13 13 13 13 13 12 11 10 10 10 10 9 8 8 6 6 6 5 5 5 5 5 5 4 4 4 4 4 3 3 3 3 2 2 2 1 1 1 1 1 
85 70 70 69 68 66 63 63 60 57 53 52 51 49 48 46 42 40 38 38 36 35 35 32 31 30 30 28 28 28 26 26 26 25 25 23 22 20 20 20 19 19 19 17 16 16 15 15 14 13 13 12 9 9 9 9 8 8 8 8 8 7 6 6 5 5 5 5 4 4 4 4 4 4 4 4 3 3 1 1 1 1 1 1 1 1 1 1 1 
84 70 70 69 68 63 63 62 59 57 53 51 50 49 45 43 42 39 38 37 36 35 33 32 30 29 29 27 27 27 26 26 25 25 25 23 20 20 19 16 16 16 16 16 15 15 13 12 12 12 12 11 9 9 9 8 7 7 7 7 7 7 6 5 5 5 5 4 4 4 4 4 4 3 3 3 3 3 1 1 1 1 1 1 1 1 1 1 1 
82 70 68 67 64 63 58 58 56 56 50 50 49 46 45 42 39 38 38 35 35 32 32 32 29 29 28 27 27 27 26 25 25 23 23 19 19 17 16 15 15 15 15 14 13 13 12 10 10 9 9 7 7 7 7 7 7 7 7 7 7 7 5 5 5 5 5 4 4 4 4 3 3 3 3 2 2 2 1 1 1 1 1 1 
82 70 64 61 58 57 54 51 47 47 47 46 45 45 43 40 39 37 36 35 35 32 31 29 29 29 27 26 26 25 19 19 18 18 18 18 18 16 15 14 13 13 11 11 11 11 11 9 9 9 8 7 7 7 7 7 7 7 6 6 6 6 5 5 5 5 4 3 3 3 3 3 3 3 3 1 1 1 1 1 1 1 1 
81 67 61 59 56 54 54 48 47 47 46 45 43 41 41 39 37 36 35 34 33 31 29 29 28 28 27 26 25 25 19 18 16 16 15 15 14 14 14 12 12 12 11 11 10 10 10 9 9 7 7 7 7 7 7 6 6 6 6 6 6 6 5 5 5 5 4 3 3 3 3 2 2 1 1 1 1 1 
80 65 61 56 56 54 53 47 47 47 45 44 43 41 40 37 37 35 35 33 31 31 29 29 25 24 23 22 21 20 17 17 16 15 15 15 14 13 13 12 12 12 11 11 10 10 8 8 8 7 7 7 6 6 6 6 5 5 5 5 5 5 5 4 4 4 4 3 3 3 3 2 1 1 1 1 1 1 
80 64 58 56 56 53 50 44 43 43 43 43 41 40 40 37 37 35 35 33 31 30 28 28 23 23 23 22 18 17 17 17 16 15 15 13 12 12 12 12 11 11 10 10 10 9 8 8 7 7 7 7 6 6 5 4 4 4 4 4 4 4 4 4 4 2 2 2 2 2 2 1 1 1 1 1 
75 59 58 56 56 53 48 44 43 42 42 42 40 40 38 36 35 32 32 32 31 30 27 27 23 22 22 22 16 16 16 16 16 14 14 13 12 11 11 11 11 11 10 10 9 9 8 8 7 7 7 6 6 5 5 4 4 4 4 4 4 4 4 4 2 2 2 1 1 1 1 1 1 1 1 1 
72 58 55 55 53 51 47 43 42 42 42 39 36 36 36 33 33 32 30 30 30 28 27 26 22 22 22 19 16 16 16 11 11 11 11 11 11 11 11 11 10 10 9 8 8 6 6 6 6 6 6 6 5 5 5 4 4 4 4 4 4 4 4 4 2 2 2 1 1 1 1 1 1 1 1 1 
72 58 55 55 53 50 45 42 42 41 38 38 36 36 35 33 31 31 30 28 26 26 26 25 22 22 22 18 16 16 12 11 11 11 11 11 11 11 11 10 10 10 9 7 7 6 6 6 6 6 6 6 5 4 4 4 3 3 3 3 3 3 1 1 1 1 1 1 1 1 1 1 1 1 1 1 
69 57 55 55 50 49 44 42 42 39 38 37 34 34 34 33 30 30 29 27 26 25 25 24 22 20 20 18 14 14 11 11 11 10 10 10 10 10 10 10 9 9 8 7 6 6 5 5 4 4 4 4 4 4 4 3 3 3 3 2 2 1 1 1 1 1 1 1 1 1 1 1 1 1 
69 56 55 54 49 44 44 42 39 39 38 36 34 34 34 33 28 28 27 27 26 24 20 20 20 18 18 17 14 13 11 11 10 10 10 10 9 9 8 8 8 8 8 7 6 5 4 4 4 4 4 3 3 3 3 3 3 3 3 2 2 1 1 1 1 1 1 1 1 1 1 1 1 1 
69 55 55 52 49 44 43 40 39 38 37 36 34 34 34 33 28 28 27 25 24 23 20 20 20 16 16 16 14 12 11 10 10 10 9 9 8 8 8 8 8 7 7 7 4 4 4 4 4 3 3 3 3 3 3 3 3 2 2 2 1 1 1 1 1 1 1 1 1 1 1 1 1 1 
68 55 54 49 47 41 40 37 37 37 37 35 34 34 33 28 27 27 27 24 21 21 20 19 19 16 16 16 14 12 11 10 10 10 8 8 8 8 8 7 7 6 6 5 4 4 4 4 4 3 3 2 1 1 1 1 1 1 1 1 1 1 1 1 1 1 1 1 1 
65 55 52 46 45 40 39 37 36 36 36 34 34 33 32 27 27 26 23 23 21 20 19 19 19 16 16 16 14 11 11 10 9 8 8 7 7 7 7 7 6 6 5 4 4 4 4 4 3 3 1 1 1 1 1 1 1 1 1 1 1 1 1 1 1 
64 54 52 44 42 39 37 37 36 36 36 34 34 30 30 27 26 26 23 23 21 20 19 19 19 16 16 16 14 10 10 9 9 8 8 7 7 7 5 5 5 5 4 3 3 3 3 3 3 3 1 1 1 1 1 1 1 1 1 1 1 1 1 
61 52 51 41 40 38 37 37 36 34 34 33 33 30 29 27 26 26 23 22 21 20 19 19 19 16 16 15 13 10 10 9 9 8 7 7 7 7 5 5 4 4 4 3 3 3 3 3 3 3 1 1 1 1 1 1 1 1 1 
61 52 49 40 38 38 37 36 35 34 33 31 30 30 29 27 26 25 21 21 20 20 18 17 17 16 15 13 9 9 9 7 7 7 7 7 6 6 5 5 4 3 3 3 3 3 3 2 2 2 1 1 1 1 1 1 1 
58 51 48 40 37 37 36 35 34 34 31 30 30 28 27 27 25 24 21 21 20 18 17 17 17 16 13 9 9 9 7 7 7 7 7 6 6 5 5 4 4 3 3 3 3 3 2 2 2 2 1 1 1 1 1 1 1 
57 51 46 38 37 36 35 35 33 32 31 30 28 27 27 24 23 23 21 20 19 18 16 16 15 14 11 9 9 8 7 7 7 7 7 6 5 5 5 4 3 3 3 3 3 2 2 2 1 1 1 1 1 1 1 
57 51 43 37 35 34 34 34 32 32 31 29 27 27 26 24 23 20 19 18 18 17 14 14 14 14 10 9 8 8 7 7 7 7 6 5 5 4 4 4 3 3 3 3 3 2 2 1 1 1 1 1 1 1 1 
54 50 40 36 35 34 34 34 32 31 29 28 27 25 25 22 21 19 18 18 14 13 13 13 13 13 9 7 7 7 7 6 5 5 5 5 4 4 4 4 3 3 2 2 2 2 1 1 1 1 1 1 1 1 1 
50 50 40 36 34 34 34 32 30 27 27 27 27 25 24 21 20 18 18 17 13 13 13 13 13 11 9 7 7 7 6 5 5 5 5 5 4 4 3 3 3 2 2 2 1 1 1 1 1 1 1 1 1 1 1 
49 48 40 36 34 34 34 32 30 27 26 26 26 25 24 20 19 18 18 16 13 13 13 12 12 11 8 7 7 7 5 5 5 5 5 4 4 4 3 3 3 2 2 2 1 1 1 1 1 1 
49 48 37 35 34 34 33 31 30 26 26 26 25 21 21 20 18 18 18 14 13 13 13 12 12 11 8 7 7 6 5 5 5 5 5 4 4 3 3 3 2 2 1 1 1 1 1 1 1 1 
49 47 37 35 34 33 32 30 29 26 26 25 25 21 21 20 18 17 16 14 13 12 12 11 8 8 8 7 7 6 5 5 5 5 5 4 4 3 3 2 2 2 1 1 1 1 1 1 
48 46 37 35 33 31 31 30 29 26 25 24 24 21 21 20 18 17 15 14 12 12 11 11 8 8 8 7 5 5 5 5 5 5 4 4 3 3 3 2 2 2 1 1 1 1 1 1 
48 45 36 34 33 31 30 30 29 24 24 24 22 20 20 20 17 17 13 13 12 12 10 8 8 7 7 7 5 5 5 5 5 5 4 4 3 3 3 2 2 2 1 1 1 1 1 
46 45 36 34 31 31 30 24 23 23 22 21 21 19 19 18 17 16 13 12 12 12 10 8 7 7 7 6 5 5 5 5 5 4 4 3 2 2 2 2 2 1 1 1 1 1 1 
46 45 36 34 31 31 28 23 23 22 22 21 20 19 18 18 16 16 12 11 10 10 8 8 7 6 6 6 5 5 5 5 3 3 3 3 2 2 2 2 2 1 1 1 1 1 
46 43 36 34 31 30 28 23 23 22 18 17 17 17 17 15 14 14 12 10 10 9 8 8 7 6 6 6 5 4 4 3 3 3 3 2 2 2 1 1 1 1 1 1 1 1 
45 42 34 34 31 29 27 23 21 20 18 17 17 17 15 13 13 12 11 10 10 9 8 8 7 6 6 6 4 4 4 3 3 3 3 2 2 2 1 1 1 1 1 1 1 1 
43 42 34 33 31 29 27 23 19 19 18 17 15 15 13 13 11 10 10 10 10 9 8 7 7 6 6 6 4 4 4 3 3 3 3 2 2 1 1 1 1 1 1 1 1 
41 40 33 32 30 29 27 23 19 18 17 17 15 14 13 13 11 10 10 9 8 8 8 7 7 6 6 6 4 4 3 3 3 3 3 2 1 1 1 1 1 1 1 1 1 
41 40 32 32 28 28 27 22 17 17 16 14 14 14 12 12 11 10 8 8 8 8 7 6 6 6 6 5 4 4 3 3 3 3 3 2 1 1 1 1 1 1 1 1 
41 37 32 31 27 27 26 22 17 17 15 14 14 12 12 11 10 8 8 8 8 8 7 6 6 6 5 4 4 3 3 3 3 3 2 1 1 1 1 1 
40 36 32 31 27 26 25 19 17 15 14 14 14 12 11 11 9 8 7 6 6 6 6 6 6 4 4 4 4 3 3 3 3 3 2 1 1 1 
39 36 32 28 27 26 22 19 17 15 14 13 12 12 11 10 9 8 7 6 6 6 6 6 6 4 4 4 3 2 2 2 2 2 1 1 
37 35 30 27 26 23 22 19 17 15 14 13 12 12 11 8 8 8 6 6 5 5 4 3 3 3 3 3 2 2 2 2 2 2 
37 35 28 23 20 20 20 19 16 14 13 13 12 10 10 8 8 8 6 6 4 4 4 3 3 3 3 3 2 2 1 1 1 1 
37 34 27 23 20 20 20 19 15 14 13 13 11 10 9 8 8 7 6 6 4 4 4 3 3 3 2 2 2 2 1 1 1 1 
34 31 24 22 20 19 19 19 14 14 12 11 10 10 7 6 6 6 6 6 4 4 3 3 2 2 2 2 2 2 1 1 1 1 
32 27 23 22 20 19 19 16 14 13 10 10 10 10 7 6 6 6 6 6 4 3 3 3 2 2 2 2 2 2 1 1 1 1 
30 27 22 21 19 18 16 14 14 13 10 10 10 9 6 6 6 6 6 6 4 3 3 3 2 2 2 2 2 2 1 1 1 1 
29 27 21 21 19 17 16 13 13 12 10 10 10 9 6 6 6 6 6 4 3 3 3 3 2 2 2 2 2 1 1 1 
28 27 21 21 17 16 16 13 13 12 10 9 9 9 6 6 6 6 6 4 3 3 2 2 2 2 1 1 1 1 1 1 
28 26 21 19 16 16 16 12 12 12 10 9 9 9 6 6 6 5 5 4 3 3 2 2 2 2 1 1 1 1 
27 26 20 19 16 15 15 12 12 12 10 9 7 7 6 6 6 5 5 4 3 2 2 2 2 2 1 1 
27 24 19 18 16 15 12 12 11 11 9 9 7 7 6 6 5 5 5 3 3 2 2 2 2 2 1 1 
27 23 19 18 16 15 12 12 11 10 8 8 6 6 6 6 5 4 3 3 3 2 2 2 2 1 1 1 
27 23 19 16 15 14 12 12 11 8 6 6 6 6 6 6 5 3 3 2 2 2 2 1 1 
27 23 19 16 15 14 12 12 10 8 6 6 6 6 6 6 5 3 3 2 2 2 2 1 
25 23 19 15 15 14 12 10 8 8 6 6 6 5 5 5 5 3 3 2 2 2 2 
24 21 17 15 13 13 12 9 8 8 6 6 6 5 5 5 5 3 3 2 2 2 2 
24 21 16 15 13 12 10 9 8 8 6 6 5 5 5 4 4 3 3 2 2 2 1 
24 19 15 15 13 12 10 8 8 6 6 5 5 5 5 4 4 3 3 2 2 2 1 
24 19 15 15 13 12 10 8 7 6 6 5 5 5 5 4 4 3 3 2 2 2 1 
24 17 15 13 12 12 10 8 7 5 5 5 5 5 4 4 3 3 2 2 2 2 1 
24 17 15 13 12 12 10 8 7 5 5 5 5 5 3 3 3 3 2 2 2 1 1 
24 17 13 12 12 12 10 7 6 5 5 5 5 4 3 3 2 2 2 1 1 1 
24 17 13 12 12 11 8 7 6 5 5 5 5 3 3 2 2 2 2 1 1 1 
24 17 12 12 12 11 8 7 6 5 5 5 4 3 3 2 2 2 2 1 1 
24 17 12 12 9 8 7 5 5 5 5 5 4 3 3 2 2 2 2 1 1 
24 17 12 11 9 8 7 5 5 5 5 5 4 3 3 2 2 2 2 1 
24 16 12 11 7 7 6 5 5 5 5 5 4 3 2 2 2 1 1 
22 16 12 9 7 6 5 5 5 5 5 5 2 2 2 2 1 1 
22 15 12 9 7 6 5 5 5 5 5 4 2 2 2 2 1 1 
22 15 10 9 7 6 5 5 5 5 5 3 2 2 2 1 1 1 
22 15 10 9 7 6 5 5 5 5 5 3 2 2 2 1 1 1 
21 15 10 9 7 6 5 5 5 5 3 3 2 2 2 1 1 1 
19 15 10 8 6 5 5 5 5 5 3 2 2 2 1 1 1 1 
19 15 10 8 5 5 5 5 4 3 3 2 2 2 1 1 1 1 
19 14 10 8 5 5 5 5 4 3 3 2 2 2 1 1 1 1 
18 14 9 8 5 5 5 4 3 3 2 2 2 2 1 1 1 
18 14 9 7 5 5 4 4 3 2 2 2 2 2 1 1 
17 14 8 7 5 5 4 4 3 2 2 2 2 2 1 1 
15 13 8 7 5 4 4 3 3 2 2 2 2 1 1 
14 13 7 7 5 3 3 3 3 2 2 2 1 1 1 
14 13 7 7 5 3 3 3 3 2 2 2 1 1 1 
14 12 7 7 5 3 3 3 3 2 2 1 1 1 
13 12 7 7 5 3 3 3 3 2 1 1 1 1 
13 12 7 7 5 3 3 3 3 2 1 1 1 1 
13 10 7 7 5 3 3 3 2 1 1 1 1 
13 10 6 6 5 3 3 3 2 1 1 1 1 
12 10 6 6 5 3 3 2 2 1 1 1 1 
12 9 6 6 5 3 3 2 2 1 1 1 1 
12 9 6 6 5 3 3 2 2 1 1 1 1 
12 9 6 6 4 3 2 2 2 1 1 1 1 
11 9 6 6 3 3 2 2 1 1 1 1 
11 9 6 4 3 2 2 1 1 1 1 1 
11 9 4 4 2 2 2 1 1 1 1 
11 7 3 2 2 2 2 1 1 1 1 
11 7 3 2 2 2 1 1 1 1 1 
9 7 3 2 2 2 1 1 1 1 1 
8 7 2 2 2 2 1 1 1 1 1 
7 7 2 2 2 2 1 1 1 
7 7 2 2 2 1 1 1 1 
7 7 2 2 2 1 1 1 
7 7 2 2 2 1 1 1 
7 7 2 2 2 1 1 1 
7 6 2 2 2 1 1 1 
7 6 2 2 1 1 1 
7 4 2 2 1 1 1 
7 3 2 2 1 
6 3 2 2 1 
6 2 2 2 
5 2 2 2 
5 2 2 2 
5 2 2 
5 2 2 
5 2 2 
5 2 2 
5 2 1 
5 1 1 
5 1 1 
5 1 1 
5 1 1 
5 1 1 
4 1 1 
4 1 
4 
2 
1 
1 
1 
