156 152 145 142 132 129 127 111 110 106 102 94 91 91 89 86 85 78 77 77 74 74 74 73 68 68 68 66 63 63 57 56 53 53 51 51 50 48 48 47 46 45 44 44 44 44 44 42 40 40 40 39 39 37 37 37 37 36 32 32 32 32 30 27 27 26 23 23 23 23 23 23 22 22 21 21 21 21 21 20 18 18 18 17 17 16 15 15 15 15 15 15 15 15 14 13 13 13 13 13 12 12 11 11 11 11 10 9 9 9 8 8 8 8 8 8 8 7 7 7 7 7 7 7 7 7 7 7 7 7 7 7 6 6 6 6 6 6 6 6 6 5 5 4 4 4 4 4 4 4 3 3 3 3 3 2 2 2 2 2 1 1 1 1 1 1 1 1 1 1 
145 133 131 124 122 122 109 106 104 89 89 88 87 86 85 85 83 78 77 76 74 74 70 69 66 64 63 63 59 59 54 53 53 51 50 49 47 43 42 42 40 40 40 40 39 39 39 37 36 35 35 34 34 34 33 33 33 31 30 30 30 30 30 27 27 25 23 23 23 23 22 22 22 22 21 21 21 19 18 18 17 17 15 15 15 14 14 14 14 13 12 12 12 12 12 12 12 10 10 10 9 9 9 9 9 8 8 8 8 7 7 6 6 6 5 5 5 5 5 5 5 5 5 5 5 5 5 4 4 3 3 3 3 2 2 
140 130 126 120 116 109 104 103 94 89 88 86 83 80 74 72 69 68 68 68 67 65 65 64 64 62 61 61 58 49 44 44 44 44 44 44 43 42 41 41 38 36 36 36 36 36 35 35 33 33 33 33 31 30 27 27 27 26 25 25 25 25 25 25 25 24 23 21 21 20 17 17 17 17 15 15 15 15 15 15 15 15 14 14 14 13 13 13 13 13 12 12 11 11 11 11 10 10 10 9 8 8 7 7 7 6 6 6 6 6 5 5 5 5 4 4 4 3 3 3 3 3 3 3 3 2 2 2 2 2 2 2 2 1 1 
134 117 115 114 112 97 95 93 88 88 88 86 77 75 74 67 67 67 64 63 63 63 61 60 60 59 57 56 54 49 44 44 44 44 44 44 43 41 41 38 38 35 35 34 34 34 32 29 27 26 26 25 25 25 25 25 25 25 25 24 24 24 23 23 20 19 19 18 18 18 17 17 17 17 15 15 15 15 13 13 13 13 11 10 10 10 10 9 9 9 9 9 9 9 9 9 7 7 7 6 6 6 6 6 6 6 6 6 5 5 5 5 5 4 3 2 2 2 2 2 2 2 2 2 2 2 1 
128 114 109 109 109 97 87 87 84 83 83 82 73 72 70 67 67 66 64 63 62 60 59 57 56 56 55 49 49 46 44 44 43 43 43 42 41 41 38 38 37 35 35 34 34 32 29 27 27 26 26 25 25 25 25 25 25 22 20 20 19 19 19 18 18 17 17 17 17 17 17 16 14 14 12 12 12 11 10 9 9 9 9 9 9 8 8 8 8 8 8 8 7 7 7 7 7 7 6 6 6 6 6 6 6 5 5 4 3 3 3 3 3 3 2 2 2 2 2 2 2 
123 110 109 109 106 96 85 85 82 82 81 79 72 71 70 66 66 64 64 63 61 59 59 57 56 56 54 49 48 46 44 43 43 41 41 41 36 36 34 34 32 31 29 29 29 29 28 27 26 26 25 25 25 22 21 21 21 21 20 20 19 18 18 18 17 17 17 15 15 14 14 14 14 13 12 12 10 9 9 9 8 8 8 8 8 8 8 8 6 6 6 6 6 6 6 6 5 5 5 5 5 5 5 4 4 4 3 3 3 3 2 2 2 1 1 1 1 1 1 1 1 
123 110 109 103 101 88 85 82 78 76 74 70 70 68 66 65 65 59 59 58 56 56 52 51 50 48 48 48 45 44 44 41 41 39 39 37 36 33 33 33 30 29 29 29 29 29 28 27 25 25 25 25 22 22 21 19 19 18 18 18 18 17 17 17 16 16 16 15 15 14 13 12 12 11 11 10 9 9 9 8 8 8 7 7 7 7 7 6 6 6 6 6 6 6 5 5 5 5 5 5 5 2 2 2 2 2 2 2 2 1 1 1 1 1 1 1 1 1 1 
107 107 106 101 95 84 83 81 72 72 72 68 65 60 58 56 54 54 54 54 54 53 51 51 49 48 47 47 45 40 39 39 39 38 37 37 36 28 28 28 28 28 28 28 28 28 27 26 23 23 22 22 20 20 20 19 18 18 18 18 16 16 16 15 15 15 15 14 14 13 13 12 11 11 10 9 8 8 7 7 7 7 7 6 6 6 6 6 6 6 6 6 6 6 5 5 5 4 4 4 4 2 2 2 2 2 2 2 2 
107 105 98 97 94 80 77 76 72 71 71 67 64 58 57 55 54 54 54 53 51 51 50 50 48 48 47 44 42 39 39 39 38 38 36 35 35 28 28 28 28 27 27 27 27 27 26 25 23 23 22 22 20 20 19 17 16 16 16 16 16 15 14 14 14 14 14 14 14 13 12 11 11 11 10 8 8 7 7 7 7 7 7 6 6 6 6 6 6 6 6 5 5 5 4 4 3 3 3 3 2 2 2 2 2 2 2 1 
102 101 97 97 92 79 77 74 72 71 70 66 63 56 52 52 52 52 51 49 49 49 46 42 42 41 41 41 40 39 37 36 35 33 33 32 32 28 27 27 27 27 24 24 24 24 24 23 23 22 20 18 18 17 17 17 16 16 15 15 15 14 14 13 12 10 10 10 10 10 10 10 10 9 9 8 8 7 7 7 6 6 6 6 6 6 6 6 5 5 4 4 4 4 4 3 3 3 3 2 2 2 2 2 2 1 1 1 
101 97 97 87 84 74 73 72 66 66 62 62 58 53 52 52 49 49 49 49 48 46 45 42 41 41 40 40 40 37 36 34 31 31 29 29 28 27 26 26 26 25 24 24 24 24 22 22 20 20 19 18 18 17 17 15 15 15 13 13 12 12 12 12 11 10 10 10 10 10 10 9 9 9 8 7 7 7 6 5 5 5 5 5 5 4 4 4 4 4 4 4 3 3 3 3 3 3 2 2 2 2 1 1 1 1 1 1 
100 97 94 83 82 74 73 69 65 65 61 61 56 53 52 51 49 49 47 47 46 44 44 42 41 40 40 39 37 37 34 31 31 31 29 27 27 27 25 25 25 25 24 23 23 23 22 20 20 19 18 16 16 16 16 15 15 15 13 13 12 12 12 12 11 10 10 10 9 9 9 9 8 8 8 6 6 6 6 5 4 4 4 4 4 4 4 3 3 3 3 3 3 3 3 3 2 2 2 2 2 1 1 
100 94 94 83 81 73 70 64 64 63 61 61 56 53 51 50 49 48 47 47 42 42 41 40 39 39 38 37 36 35 32 30 29 27 27 26 25 25 25 25 25 24 24 22 21 21 21 20 18 18 17 16 16 16 15 15 14 14 13 13 12 12 12 11 11 10 8 8 8 8 8 8 8 7 7 6 6 6 5 4 4 4 4 4 4 4 3 3 3 3 3 2 2 2 2 2 2 2 2 1 
98 91 86 82 77 70 68 62 62 62 60 58 55 53 51 50 48 45 45 40 40 40 39 39 39 37 37 36 36 34 32 30 26 25 25 25 23 23 22 20 20 20 20 18 18 18 18 17 16 16 16 14 14 13 13 13 12 12 12 11 9 9 8 8 8 8 6 5 5 5 5 5 5 5 5 5 5 4 4 4 4 3 3 3 3 3 3 3 3 2 2 2 2 2 2 2 2 2 
93 87 84 79 75 68 67 62 60 60 57 52 52 50 49 48 48 45 41 40 39 39 38 38 37 37 36 35 34 29 29 28 26 24 24 23 23 22 22 20 20 19 17 17 17 17 17 17 15 14 14 14 13 13 12 12 12 11 11 10 9 9 8 8 7 5 5 5 5 5 5 5 5 5 5 5 5 4 4 4 3 3 3 3 3 3 3 2 2 2 2 2 2 1 
92 85 82 77 70 68 63 60 60 59 56 52 50 49 48 47 46 45 41 39 38 38 37 34 34 32 32 32 32 29 26 26 25 24 22 22 21 20 20 20 19 18 17 17 17 17 17 15 14 14 12 12 12 10 9 8 8 8 8 8 7 7 5 5 5 5 5 5 5 5 5 5 5 5 5 5 5 4 4 4 3 3 3 2 2 2 2 2 2 2 2 1 
90 84 79 74 69 65 63 57 57 56 56 52 49 49 46 46 44 44 41 37 34 34 33 32 32 29 28 28 28 28 26 26 25 23 22 22 20 20 18 18 17 17 17 16 16 15 13 13 13 12 12 12 10 10 9 8 8 8 7 7 7 7 5 5 5 5 5 5 5 5 5 5 4 4 4 4 3 2 2 2 2 2 2 2 2 2 2 
90 83 77 74 68 64 60 54 54 53 52 51 48 47 46 46 44 42 39 35 33 33 31 30 30 28 27 27 26 26 25 25 24 23 22 19 19 17 17 16 16 15 15 15 15 14 12 12 11 11 11 10 10 9 9 8 8 8 5 5 5 5 5 5 5 5 5 5 5 4 4 4 3 3 3 3 2 2 2 2 2 2 1 1 
90 82 72 70 67 63 59 54 53 53 51 50 47 46 44 42 41 37 36 34 32 32 31 30 29 28 27 26 23 23 23 23 23 23 20 19 19 17 17 16 16 15 14 14 12 12 12 11 10 10 10 10 9 9 9 7 7 7 5 5 5 5 5 5 5 4 4 4 4 3 3 3 3 2 2 2 2 2 2 1 
83 79 72 66 64 59 54 54 53 52 51 49 47 46 41 41 39 35 35 32 31 31 27 27 25 24 24 24 23 22 21 21 21 20 18 18 16 16 15 15 15 13 13 12 12 12 10 10 10 9 9 9 9 9 7 6 5 5 5 5 5 4 4 4 4 4 4 3 3 3 3 3 2 2 2 2 2 2 
83 79 71 64 64 58 53 52 52 51 49 43 42 42 38 37 37 35 35 32 29 29 26 26 24 24 24 23 22 21 21 21 18 18 16 16 16 16 15 15 12 12 12 11 11 8 8 8 8 8 8 8 8 8 7 6 5 5 5 5 4 4 4 4 4 4 4 3 3 3 3 3 2 2 2 2 2 1 
79 78 71 64 64 57 53 52 51 49 49 40 40 39 37 36 34 34 33 31 29 29 25 25 24 24 23 23 22 21 21 21 18 18 16 15 15 15 15 14 12 12 11 10 8 8 8 8 8 8 8 8 6 6 5 5 4 4 4 4 4 4 2 2 2 2 2 2 2 2 2 2 2 2 1 1 1 1 
78 76 65 58 58 56 53 50 48 48 47 40 39 38 37 35 34 34 30 29 28 28 25 25 24 24 23 23 21 21 20 19 17 17 16 14 14 14 14 13 12 11 11 10 8 8 8 8 8 8 6 6 3 3 3 3 3 3 3 3 3 3 2 2 2 2 2 2 2 2 2 2 2 1 1 1 1 1 
78 75 61 58 55 53 53 48 48 48 43 40 39 38 36 35 34 33 30 29 28 28 25 24 24 23 21 18 18 18 18 18 17 14 14 14 14 13 11 11 11 10 10 9 8 8 8 7 7 7 6 3 3 3 3 3 3 3 3 2 2 2 2 2 2 2 2 2 2 2 2 1 1 1 1 1 1 1 
75 69 58 58 55 52 51 48 47 47 41 38 38 35 35 35 32 31 28 27 27 27 24 23 23 23 20 18 18 18 18 18 17 14 14 14 13 13 11 11 11 10 10 8 8 8 8 6 6 5 4 3 3 3 3 3 3 3 2 2 2 2 2 2 2 2 1 1 1 1 1 1 1 1 1 1 1 1 
75 67 58 56 55 48 48 45 44 41 40 36 33 33 33 32 32 31 27 27 27 24 24 21 21 21 18 18 18 18 18 13 13 13 13 13 13 13 11 11 11 9 9 8 7 7 6 6 6 4 3 3 2 2 2 2 2 2 2 2 2 1 1 1 1 1 1 1 1 1 1 1 1 1 1 1 1 1 
74 65 56 56 53 47 45 45 43 36 36 35 33 33 32 32 32 31 27 27 27 23 21 21 21 19 18 18 18 14 14 13 13 13 13 13 12 11 11 11 9 9 8 8 5 5 5 4 4 3 3 3 2 2 2 2 2 2 2 2 2 1 1 1 1 1 1 1 1 1 1 1 1 1 1 
73 65 56 54 53 46 44 41 40 35 35 33 33 32 32 32 31 30 27 24 24 21 21 21 21 18 18 17 17 14 13 13 13 13 12 12 11 11 11 10 9 8 6 6 5 5 5 3 3 3 2 2 2 2 2 2 2 1 1 1 1 1 1 1 1 1 1 1 1 1 1 
73 65 56 54 48 41 41 40 38 35 34 33 32 30 29 28 28 26 26 24 24 21 21 21 21 18 18 17 16 13 13 13 13 12 12 12 10 10 9 9 9 8 6 5 5 3 3 2 2 2 2 2 2 2 2 2 2 1 1 1 1 1 1 1 1 1 1 1 
71 65 56 54 47 41 38 38 31 31 31 31 31 30 27 27 26 25 23 22 22 21 21 21 19 18 17 17 15 13 13 13 13 12 12 10 10 10 9 8 8 5 5 5 5 3 3 2 2 2 2 2 2 2 2 2 2 1 1 1 1 1 1 1 1 1 1 1 
67 62 55 51 46 41 38 37 31 31 31 30 29 29 27 24 24 24 23 22 21 21 21 21 19 17 17 17 15 13 13 13 11 11 11 10 10 9 7 7 6 5 5 5 2 2 2 2 2 2 2 2 2 2 2 2 1 1 1 1 1 1 1 1 1 1 1 
66 59 53 50 45 39 38 36 31 31 30 30 27 27 27 24 24 22 22 21 19 19 18 18 16 16 16 15 14 13 12 12 11 10 10 9 9 8 6 6 6 5 5 5 2 2 2 2 2 2 2 2 2 2 2 2 1 1 1 1 1 1 1 1 1 1 1 
66 59 53 48 41 38 36 34 31 31 30 29 27 27 24 23 22 22 21 21 18 18 16 16 14 14 14 14 12 12 11 11 11 10 10 9 9 7 6 6 6 5 5 4 2 2 2 2 2 2 2 2 2 2 2 1 1 1 1 1 1 1 1 1 1 
63 52 50 48 41 34 33 33 30 30 27 27 27 26 24 23 20 20 20 20 18 17 16 16 14 14 14 13 12 11 11 11 11 10 10 9 9 7 6 6 6 5 4 3 2 2 2 2 2 2 2 2 2 2 1 1 1 1 1 1 1 
63 52 49 46 40 34 31 30 28 28 27 26 26 22 21 21 20 19 18 18 18 17 16 16 14 14 14 13 12 11 11 11 11 10 9 8 8 7 6 4 4 4 4 2 2 2 2 2 2 2 2 2 1 1 1 1 1 1 
62 52 49 45 40 33 30 28 27 27 26 26 24 21 21 21 19 19 18 17 17 16 16 16 14 14 14 12 12 11 11 10 10 9 9 8 7 6 6 4 4 2 2 2 2 2 2 2 2 2 2 2 1 1 1 
61 52 47 45 40 33 29 28 26 26 24 23 21 21 20 19 18 18 17 17 17 16 16 15 13 13 13 12 11 11 11 10 10 9 9 7 6 6 5 4 4 2 2 2 2 2 2 2 2 2 2 
60 50 47 42 40 32 29 28 26 25 23 21 21 20 18 18 18 18 17 17 16 15 14 14 13 12 12 10 10 10 10 10 9 9 9 6 6 6 5 4 4 2 2 2 2 2 2 2 2 2 1 
58 47 47 41 32 32 29 28 26 25 22 21 20 20 18 18 17 17 17 17 16 14 14 14 13 12 10 10 10 10 10 9 9 7 7 6 6 5 4 3 2 2 2 2 2 2 2 1 1 1 1 
56 47 44 38 32 32 29 28 25 25 22 20 20 19 18 18 17 17 17 16 16 13 13 12 12 10 10 10 10 10 9 9 8 7 7 5 5 4 2 2 2 2 2 1 1 1 
53 47 42 37 32 31 29 27 25 24 21 20 18 18 18 18 16 16 15 15 13 13 11 11 11 10 10 10 10 10 9 7 7 7 7 5 4 4 2 2 2 2 2 1 1 1 
51 44 42 37 32 30 28 27 23 23 21 19 17 16 16 16 14 14 14 14 12 12 11 11 11 10 10 9 9 9 8 7 7 6 5 3 3 3 2 2 2 2 2 1 1 
51 43 40 35 32 30 28 25 23 23 19 17 16 16 16 16 14 14 14 13 12 12 11 11 11 10 9 9 9 9 6 6 5 5 4 3 3 3 2 2 2 1 1 1 
49 41 39 31 30 30 26 25 22 21 17 16 16 16 15 14 14 13 12 12 12 11 11 11 11 9 9 9 9 8 6 6 5 3 3 3 3 2 2 2 2 1 1 1 
48 41 39 31 30 27 26 23 21 21 17 16 16 16 15 14 14 13 12 11 11 10 10 10 10 9 9 8 7 7 6 6 5 3 3 3 2 2 2 2 1 1 1 
47 41 38 30 29 26 26 23 21 21 16 16 16 16 15 14 14 12 11 11 10 8 8 8 8 8 8 8 5 5 5 5 2 2 2 1 1 1 1 1 1 1 1 
46 41 38 30 29 26 24 23 21 21 16 16 15 15 14 14 13 12 11 10 8 8 8 8 8 8 7 7 5 5 5 5 2 2 2 1 1 1 1 1 1 1 1 
46 37 37 30 29 25 24 23 21 21 16 15 15 14 14 13 13 12 10 10 8 8 7 7 7 7 7 6 5 5 5 3 2 2 1 1 1 1 1 1 1 1 1 
45 37 37 30 27 25 23 23 21 20 16 15 15 14 13 13 13 11 10 9 7 7 7 7 7 7 6 5 5 5 5 3 2 2 1 1 1 1 1 1 1 1 1 
45 37 37 29 25 23 23 22 21 20 16 15 15 14 13 13 12 11 10 9 7 7 7 7 7 7 6 5 5 5 4 3 2 2 1 1 1 1 1 1 1 
44 36 35 29 25 23 23 22 19 19 16 15 15 14 13 13 12 11 9 8 7 7 7 7 7 5 5 5 5 4 4 3 2 2 1 1 1 1 1 1 
43 36 35 29 25 23 22 22 19 18 15 15 15 14 13 13 11 11 9 7 7 7 7 7 7 5 5 4 4 3 3 3 2 2 1 1 1 
40 36 35 29 25 23 22 21 19 18 15 15 14 12 12 10 10 10 9 7 7 7 7 7 7 5 4 4 3 3 3 3 2 2 1 1 1 
40 36 35 29 24 22 21 21 17 15 14 12 12 12 10 10 10 10 9 7 7 7 6 6 6 5 4 4 3 3 2 2 1 1 1 1 1 
40 35 33 28 24 22 21 20 16 15 13 11 11 11 10 10 10 9 8 7 7 7 6 6 6 5 4 4 3 3 2 1 1 1 
40 35 32 27 23 21 17 15 14 14 10 10 10 9 9 9 9 9 8 7 7 7 6 6 6 5 4 3 3 3 2 1 1 1 
39 32 30 25 23 21 16 15 14 13 10 10 10 9 9 8 8 8 7 7 7 7 6 5 5 5 4 3 3 3 2 1 1 
38 31 30 22 20 19 16 15 14 13 10 10 10 9 9 8 8 8 7 7 7 7 6 5 5 5 4 3 3 2 2 1 1 
36 31 28 21 18 16 16 13 12 12 9 9 9 9 8 8 7 7 7 7 7 7 6 5 5 5 3 3 3 2 2 1 1 
36 31 28 21 18 16 13 12 12 11 9 9 9 8 8 7 7 7 7 7 6 6 5 5 5 4 3 2 2 2 2 1 1 
36 30 28 17 16 15 13 12 12 9 9 9 8 8 8 7 7 7 6 6 6 5 4 4 4 3 2 2 2 2 1 1 
35 29 26 17 16 15 13 12 11 9 9 8 8 8 7 7 7 7 6 6 6 4 4 4 3 2 2 2 2 2 1 
34 28 26 16 16 13 13 12 11 9 9 8 8 8 7 7 7 7 6 6 6 4 4 3 2 2 2 2 2 1 
34 28 25 15 15 13 13 11 11 9 9 8 8 7 7 7 7 7 6 6 6 4 3 2 2 1 1 1 1 
34 28 25 15 14 12 11 11 11 9 9 8 8 7 7 6 6 6 6 6 5 4 3 2 2 1 1 1 1 
33 28 25 14 14 10 10 10 10 9 9 8 7 7 7 6 6 6 6 6 5 3 3 2 2 1 1 1 1 
33 28 25 13 13 10 10 10 9 9 9 8 7 7 7 6 6 6 6 5 5 3 2 2 2 1 1 1 1 
31 28 24 13 12 10 10 10 9 9 9 8 7 7 7 6 6 5 5 5 5 3 2 2 2 1 1 1 
31 25 24 13 12 10 10 8 8 8 7 7 7 6 6 6 6 5 5 4 3 3 2 2 2 1 1 
28 23 23 13 12 10 10 8 7 7 7 6 6 6 6 6 6 5 4 4 3 3 2 2 2 1 1 
28 23 21 13 12 10 10 8 7 7 7 6 6 6 6 5 5 5 4 3 3 2 2 2 2 1 1 
27 22 21 12 12 10 8 8 7 7 7 6 6 6 6 5 4 4 3 3 2 2 2 2 2 1 1 
27 21 21 12 10 9 8 8 6 6 6 6 6 6 5 5 4 4 3 3 2 2 2 2 1 1 1 
22 21 20 11 10 9 7 7 6 6 6 6 6 6 5 5 4 4 3 3 2 2 2 2 1 1 
22 21 20 10 10 9 7 7 6 6 6 6 6 6 5 5 4 4 3 3 2 1 1 1 
22 21 20 10 9 9 7 7 6 6 6 6 6 6 5 4 4 4 3 2 1 1 1 1 
22 19 18 10 9 9 7 7 6 6 6 5 5 5 5 4 3 3 3 2 1 1 1 
21 18 17 10 9 9 7 7 6 6 5 5 4 4 4 4 3 2 2 1 1 1 1 
21 18 17 10 9 8 7 7 5 5 5 4 4 4 4 4 3 2 2 1 1 1 1 
21 18 14 10 8 8 6 6 5 5 4 4 4 4 4 4 3 2 2 1 1 1 1 
21 17 14 10 8 7 6 6 5 5 4 4 4 4 4 3 3 2 1 1 1 1 
20 16 13 9 8 7 6 5 5 4 4 4 4 4 4 3 2 2 1 1 1 
20 15 13 9 7 7 5 5 5 4 4 4 4 4 4 2 2 2 1 1 1 
20 14 13 9 7 6 5 5 5 4 4 4 4 4 3 2 2 2 1 1 1 
19 14 12 9 7 6 5 5 4 4 4 4 4 4 3 2 2 2 1 1 1 
17 13 11 9 7 6 4 4 4 4 4 4 4 4 3 2 2 2 1 1 
16 13 11 9 7 6 4 4 4 4 4 4 3 3 2 2 2 2 1 
16 11 11 9 7 6 4 4 4 4 4 4 3 3 2 2 2 2 1 
13 11 11 8 7 6 4 4 4 4 4 4 3 3 2 2 1 1 1 
13 11 11 8 7 6 4 4 4 4 4 3 3 3 2 2 1 1 1 
13 11 10 8 7 6 4 4 4 4 3 3 3 3 2 1 1 
13 11 10 8 6 6 4 4 4 4 3 3 2 1 1 1 1 
13 10 9 7 6 5 4 4 3 3 3 1 1 1 1 1 1 
11 10 9 7 6 5 4 4 3 3 3 1 1 1 1 1 1 
10 10 9 7 6 5 4 4 3 3 3 1 1 1 1 1 
10 10 9 6 6 5 4 4 3 3 3 1 1 1 1 1 
10 10 8 6 6 5 4 4 3 3 3 1 1 1 1 1 
10 10 6 6 6 5 4 3 3 3 3 1 1 1 1 1 
10 10 6 6 5 5 4 3 3 3 3 1 1 1 
10 10 6 6 5 4 4 3 3 3 2 1 1 1 
10 9 6 6 5 4 4 3 3 3 2 1 1 1 
8 8 6 6 4 4 4 3 3 3 1 1 1 
8 8 6 6 4 4 3 3 3 3 1 1 1 
8 8 6 6 4 3 3 3 3 3 1 1 1 
8 8 6 6 4 3 3 2 2 2 1 1 1 
8 8 6 5 4 3 3 2 2 2 1 
8 8 6 5 4 3 3 2 2 2 1 
8 8 6 5 4 3 3 2 2 1 1 
8 8 6 5 4 3 3 2 2 1 1 
8 7 6 5 4 3 3 2 1 1 1 
8 7 5 5 3 3 3 2 1 1 1 
8 7 5 5 3 3 2 1 1 1 1 
8 7 5 5 3 3 2 1 1 1 1 
8 7 5 5 3 3 1 1 1 1 1 
8 7 5 3 3 2 1 1 1 1 
8 6 5 3 2 1 1 1 1 
8 6 5 3 2 1 1 1 1 
8 5 5 3 2 1 1 1 1 
8 5 5 3 2 1 1 1 1 
8 5 5 2 2 1 1 1 1 
8 5 5 2 1 1 1 1 1 
7 5 5 2 1 1 1 1 1 
7 5 4 2 1 1 1 
7 5 4 2 1 1 1 
6 5 4 2 1 1 1 
6 5 4 1 1 1 1 
6 4 3 1 1 1 
6 4 3 1 1 1 
6 3 2 1 1 1 
6 3 2 1 1 1 
6 3 2 1 1 1 
3 3 2 1 1 1 
3 3 2 1 1 1 
3 3 2 1 1 1 
3 3 2 1 1 1 
2 2 2 1 1 1 
2 2 2 1 1 1 
2 2 2 1 
2 2 2 1 
2 2 1 1 
2 2 
2 2 
2 2 
2 1 
2 1 
2 1 
2 1 
2 1 
2 
2 
2 
2 
2 
2 
1 
1 
1 
1 
1 
1 
1 
1 
1 
1 
1 
