180 161 147 142 129 129 127 120 110 106 101 101 97 97 93 86 86 85 85 81 81 78 76 76 75 74 72 71 68 68 65 64 62 62 62 62 59 58 57 57 57 54 51 50 49 49 49 49 47 46 46 45 45 44 43 41 41 39 39 39 39 37 36 35 35 35 35 33 32 31 30 29 28 28 27 27 25 24 24 24 24 24 23 23 23 23 22 21 19 19 18 18 17 17 17 16 16 16 16 16 16 15 15 14 14 14 12 12 12 12 12 10 10 10 10 10 9 9 9 9 9 7 7 7 7 7 7 7 6 6 5 5 5 5 5 5 5 5 5 4 4 4 4 4 4 4 3 3 3 2 2 2 2 1 1 1 1 1 1 1 1 1 1 1 1 1 1 1 1 1 
167 152 137 130 123 109 103 100 99 99 96 87 87 86 85 85 82 80 79 77 75 75 75 70 68 67 67 67 62 62 60 57 57 53 53 51 50 50 50 47 46 44 43 42 42 39 39 39 36 36 34 32 31 30 30 30 30 29 27 27 26 26 26 26 23 23 23 23 22 22 22 22 22 22 22 21 21 19 19 18 17 16 15 15 15 14 13 13 13 13 13 13 13 13 11 8 8 8 8 8 8 8 8 8 8 8 8 8 8 8 8 8 8 8 8 8 8 7 7 7 6 6 6 6 6 6 6 5 5 4 4 4 4 3 3 3 3 3 3 3 3 3 3 3 3 2 2 2 1 1 
159 144 118 118 107 105 99 99 98 95 95 87 86 79 78 78 77 74 73 71 66 66 64 63 61 61 58 55 55 55 54 54 52 51 47 45 45 45 44 43 39 39 38 37 37 36 31 31 31 28 28 27 27 27 27 27 26 25 24 24 24 22 22 22 22 22 22 22 22 20 18 17 17 17 17 13 13 13 13 13 12 12 12 12 12 12 12 12 11 11 10 9 9 9 9 8 8 8 8 8 8 8 8 8 8 8 8 8 8 8 7 6 6 6 6 6 6 6 5 3 3 3 3 3 3 3 3 3 3 3 3 3 3 3 2 2 2 1 1 1 1 1 1 1 1 1 1 1 1 
134 127 116 113 107 102 99 92 92 89 89 87 84 79 78 76 71 70 67 67 64 63 63 62 58 52 50 49 48 46 46 46 41 41 38 38 36 35 35 35 34 33 32 32 31 30 28 28 27 27 24 24 23 22 22 22 22 22 22 22 21 21 19 19 19 18 18 18 18 18 17 14 14 14 14 13 13 13 12 12 12 12 12 11 11 11 11 11 9 9 9 9 9 9 9 8 8 8 8 8 8 8 8 8 7 7 7 6 6 5 5 5 5 5 5 5 5 5 4 3 3 2 2 2 1 1 1 1 1 1 1 1 
131 123 115 104 101 100 96 91 91 89 87 79 78 78 74 74 68 66 65 61 61 60 59 56 56 51 50 47 45 43 42 41 41 38 36 36 34 32 32 32 32 32 31 31 29 24 24 23 23 23 23 22 22 22 22 21 21 21 21 21 20 20 18 18 17 17 17 17 17 15 15 14 14 14 14 13 13 12 12 12 12 11 11 11 10 9 9 9 9 9 9 8 8 8 8 8 8 8 8 8 8 7 7 6 6 6 6 5 5 5 5 5 5 5 3 2 2 2 2 2 2 1 1 1 1 1 1 1 1 
131 116 107 101 99 99 90 90 86 85 79 79 77 73 65 58 58 57 57 57 54 54 54 52 50 50 44 42 42 41 41 41 38 34 33 33 32 32 31 31 31 31 31 26 25 24 24 23 23 22 22 21 21 21 20 20 20 19 19 19 19 19 18 17 17 17 17 17 17 15 15 14 14 14 13 13 13 12 11 11 11 11 11 10 10 9 9 8 8 8 8 8 8 8 8 8 7 7 6 6 6 6 6 6 5 5 4 4 4 4 4 4 3 3 2 2 2 2 1 1 1 1 1 
119 115 107 101 99 98 88 87 85 84 79 74 70 67 65 58 58 54 53 53 53 47 47 46 46 46 43 42 40 39 38 37 36 33 33 33 32 32 31 31 31 31 30 26 23 22 22 22 22 22 22 21 21 20 20 19 19 19 19 18 18 18 18 17 17 16 16 16 16 13 13 13 13 13 12 11 11 11 11 10 10 10 10 9 9 9 8 8 8 8 8 8 8 7 7 7 6 6 6 6 5 5 4 3 3 2 2 2 2 2 2 1 1 1 1 1 1 1 1 
116 113 103 101 99 92 85 80 77 74 71 71 69 61 61 58 52 51 51 46 46 46 46 44 43 42 41 39 39 37 37 36 36 33 33 33 32 31 31 31 28 28 27 26 23 22 22 22 22 22 22 21 21 20 20 19 19 18 18 18 18 17 17 17 15 15 15 12 12 12 12 12 12 12 12 11 11 10 10 10 9 6 6 6 6 6 6 6 6 6 5 5 5 5 5 5 5 4 4 4 3 3 3 3 2 2 2 2 2 2 2 1 1 1 1 1 1 1 1 
115 113 102 96 95 80 80 75 75 68 66 61 61 59 57 53 52 51 50 46 43 43 43 43 43 41 40 37 37 37 36 36 35 33 33 33 31 31 31 31 28 26 26 24 23 22 22 22 22 21 21 20 20 20 20 19 19 18 18 18 17 17 15 15 15 14 13 12 12 10 10 10 10 10 10 10 10 9 9 9 7 6 6 6 6 6 6 6 5 5 5 5 5 5 5 5 4 4 3 3 3 3 3 2 2 2 2 2 2 2 1 1 1 1 
115 107 100 96 91 79 74 71 70 67 65 61 57 57 52 52 49 49 46 45 43 43 42 41 41 40 38 36 35 35 34 34 33 32 31 30 30 30 28 28 28 26 26 24 23 22 22 22 22 20 20 20 20 20 19 18 18 18 17 15 14 14 13 13 12 11 11 11 11 10 10 10 9 9 9 9 7 7 7 7 7 6 6 6 6 6 6 6 5 4 4 4 3 3 3 2 2 2 1 1 1 1 1 1 1 1 1 1 1 1 1 1 1 1 
112 104 99 92 81 79 73 71 67 66 64 61 57 56 50 49 49 47 46 45 43 43 42 41 41 39 37 35 35 33 33 33 32 31 31 30 29 29 27 27 27 26 26 23 23 22 22 21 20 20 19 19 18 18 17 17 17 15 15 15 14 14 13 12 11 11 11 11 11 10 10 10 8 7 7 7 6 6 6 6 6 6 4 4 4 4 4 4 4 3 2 2 2 2 1 1 1 1 1 1 1 1 1 1 1 1 1 1 1 
108 102 97 83 78 77 73 70 67 60 57 55 55 55 50 49 48 46 44 41 40 40 40 40 40 38 36 35 33 33 33 32 31 30 30 30 29 28 26 26 26 23 23 21 21 21 20 20 19 18 15 14 13 13 13 13 13 13 13 13 11 11 10 9 9 9 8 8 8 8 8 8 7 7 7 7 6 6 6 5 5 5 4 4 4 2 2 2 1 1 1 1 1 1 1 1 1 1 1 1 1 1 1 1 
108 100 93 80 75 75 68 68 64 60 56 55 54 50 48 48 47 45 43 41 40 40 40 40 39 38 36 34 32 32 32 32 30 30 29 24 24 24 24 24 24 21 21 20 18 18 17 16 15 15 15 13 13 13 12 12 12 12 12 11 11 10 10 8 8 8 8 8 8 7 7 7 7 7 7 7 6 5 5 5 5 5 4 4 3 2 2 2 1 1 1 1 1 1 1 1 1 1 1 1 1 1 1 
108 96 87 75 75 72 68 66 63 58 56 54 54 49 47 46 44 43 41 40 40 38 37 37 37 37 34 32 32 32 31 29 29 29 26 24 24 23 23 23 21 20 20 19 18 18 16 14 14 13 13 13 13 11 11 11 11 11 11 11 11 9 9 8 8 8 7 7 7 7 7 7 7 7 5 4 4 4 4 4 4 3 3 3 3 2 2 1 1 1 1 1 1 1 1 1 1 1 1 1 1 1 1 
99 92 87 75 72 71 68 65 60 58 56 54 52 49 45 45 43 42 41 40 40 38 37 36 36 35 33 32 32 32 29 29 29 28 26 24 24 23 21 20 20 18 18 18 17 17 16 14 13 13 12 12 11 11 11 11 11 11 10 10 9 8 8 8 7 7 7 7 6 6 6 5 5 5 4 4 4 4 3 3 3 3 2 2 2 2 1 1 1 1 1 1 1 1 1 1 1 1 1 1 1 1 
96 92 84 75 65 65 63 63 58 56 55 53 52 49 45 45 41 40 39 38 35 35 35 35 35 34 32 31 30 30 29 29 28 27 24 24 24 23 20 19 19 18 16 15 15 15 13 13 13 12 11 11 11 11 11 9 9 8 7 7 7 7 7 7 6 5 5 5 5 5 5 5 5 5 4 4 4 4 3 3 3 3 2 2 1 1 1 1 1 1 1 1 1 1 1 1 1 1 1 1 1 1 
94 87 83 68 65 64 61 61 57 55 54 51 50 49 45 43 40 40 39 38 35 35 34 33 32 32 29 29 28 28 22 22 22 22 22 20 20 20 20 19 17 16 16 15 14 14 13 12 12 12 11 11 8 8 8 7 7 6 6 6 6 6 6 6 6 5 5 5 5 5 5 4 4 4 4 3 3 3 3 3 3 2 1 1 1 1 1 1 1 1 
87 84 81 68 65 64 60 60 56 55 52 51 48 45 42 39 38 38 36 34 34 34 33 32 32 30 29 28 26 23 22 22 22 22 22 20 20 20 19 19 17 16 16 15 13 13 13 12 12 12 11 11 8 8 7 7 6 6 6 6 6 6 5 5 5 5 5 5 5 5 5 4 4 4 4 3 3 2 2 2 2 2 1 1 1 1 1 
87 84 80 65 63 61 57 57 56 54 52 50 43 43 40 38 38 36 35 34 33 33 33 30 30 29 28 27 26 23 22 22 22 22 22 20 16 15 14 14 14 14 14 13 13 13 13 12 12 11 10 9 7 7 7 7 6 6 6 6 6 5 5 5 5 5 4 4 4 4 4 3 3 3 2 2 1 1 1 1 1 1 1 1 1 
84 81 77 62 61 59 56 56 56 54 52 46 42 41 36 36 36 35 34 33 33 33 32 30 29 26 24 23 23 23 22 22 20 20 16 16 15 14 14 14 14 14 14 11 11 11 11 10 10 9 9 8 7 7 7 6 6 6 6 6 6 5 5 5 4 3 3 3 3 3 3 3 3 3 1 1 1 1 1 1 1 1 1 1 1 
81 81 76 62 61 58 56 56 54 51 50 44 41 40 36 35 34 33 32 32 32 32 31 28 28 26 24 23 23 23 21 21 16 16 16 15 14 14 11 11 11 11 11 11 11 11 10 10 10 9 8 7 6 6 6 5 4 4 4 4 4 4 4 4 4 3 3 3 3 2 2 2 1 1 1 1 1 1 1 1 1 1 1 1 
81 80 74 60 60 58 56 54 52 49 44 44 41 36 36 34 34 32 31 30 30 30 28 27 27 23 22 22 22 20 20 19 16 16 15 15 14 13 11 11 11 11 11 11 11 10 10 10 9 8 8 6 5 5 5 5 4 4 4 4 4 4 4 3 3 3 2 1 1 1 1 1 1 1 1 1 1 1 1 1 1 1 
81 77 66 57 57 57 56 51 51 48 41 41 38 36 35 34 32 31 30 30 30 28 27 26 25 22 22 22 22 19 18 17 16 15 14 14 12 12 11 11 11 11 11 11 9 8 8 8 8 8 8 6 5 5 5 5 4 4 4 4 4 4 3 2 2 1 1 1 1 1 1 1 1 1 1 1 1 1 1 
81 75 63 56 56 54 52 50 49 47 41 39 37 36 35 33 31 30 30 30 28 28 25 25 23 22 22 22 18 18 18 15 15 15 14 12 12 11 11 11 11 11 11 11 8 8 8 7 7 7 7 6 5 5 4 4 4 3 3 3 3 3 2 2 2 1 1 1 1 1 1 1 1 1 1 
81 72 63 56 56 53 52 49 48 46 41 39 33 33 33 32 31 30 30 29 27 27 25 25 22 22 22 18 17 17 17 15 15 14 14 12 12 11 11 11 11 11 11 10 8 8 7 5 4 4 4 4 4 4 2 2 2 2 2 2 2 2 2 2 1 1 1 1 1 1 1 1 1 
79 67 61 56 53 52 47 47 46 43 41 37 33 32 32 31 29 28 28 26 26 26 23 23 22 22 22 18 17 17 17 15 15 13 12 12 11 10 10 10 10 10 10 7 6 5 5 4 4 4 3 2 2 2 2 2 2 2 2 2 2 2 2 2 1 1 1 1 1 1 
75 67 58 56 52 52 47 45 45 42 39 32 32 32 32 29 27 27 27 26 25 23 23 22 21 21 20 17 17 17 17 15 14 13 11 11 11 10 8 8 7 7 7 6 5 5 4 4 4 4 2 2 2 2 2 2 2 2 2 1 1 1 1 1 1 1 1 1 1 1 
73 67 57 56 48 47 45 44 42 42 37 32 32 32 29 29 27 27 27 26 25 23 22 22 21 21 19 17 17 17 16 14 14 13 11 11 11 9 8 7 7 7 6 5 5 5 4 4 2 2 2 2 2 2 2 2 1 1 1 1 1 1 1 1 1 1 1 
72 66 57 53 47 46 44 43 42 41 37 32 32 30 29 28 27 27 24 24 24 23 22 21 20 18 16 16 15 14 14 13 11 11 11 10 9 7 7 7 7 7 5 5 5 5 4 3 2 2 2 2 2 2 2 2 1 1 1 1 1 1 
72 63 56 51 47 44 43 42 42 40 37 32 30 29 28 27 27 27 23 23 21 21 20 20 16 16 14 14 14 14 14 12 10 8 8 8 8 7 7 7 7 7 5 5 4 4 3 2 2 1 1 1 1 1 1 1 1 1 
66 62 55 51 46 43 42 40 40 39 37 32 29 29 27 27 27 23 23 20 20 20 20 19 15 15 14 14 14 12 12 12 10 8 8 8 8 7 7 7 7 7 5 4 4 3 3 2 2 1 1 1 1 1 1 1 
66 59 55 51 46 41 41 39 38 36 36 30 28 28 27 27 26 23 21 20 20 17 17 17 14 14 14 14 14 12 12 12 8 8 8 8 7 7 7 7 7 5 4 4 2 2 2 2 1 1 1 1 1 1 
65 57 55 50 45 40 40 37 37 33 33 30 28 28 27 24 22 22 21 19 19 17 17 16 14 14 14 14 14 12 11 10 8 8 8 8 7 7 7 7 7 4 3 3 2 2 2 2 1 1 1 1 1 1 
65 56 54 50 44 40 40 37 35 33 33 30 28 28 25 24 22 21 21 18 17 16 15 15 14 14 13 13 12 11 11 10 8 8 7 7 7 6 5 5 5 4 3 3 2 2 2 2 1 1 
64 54 52 50 41 40 40 36 35 33 33 29 28 24 22 22 21 20 20 18 17 16 15 14 14 13 13 13 10 10 9 9 8 7 7 7 6 6 5 5 4 4 3 2 2 2 2 1 1 
63 52 52 49 40 40 36 36 34 33 32 28 28 24 22 21 20 18 17 17 17 15 15 14 14 13 13 13 9 9 9 9 8 7 7 7 6 6 5 4 4 4 3 2 2 2 1 1 1 
63 51 45 44 40 37 36 36 34 33 32 28 25 23 22 21 20 17 17 15 15 15 15 14 12 12 12 10 9 9 9 9 8 7 7 6 5 5 4 4 4 3 3 2 2 2 1 1 
61 49 44 43 40 36 36 34 34 33 29 28 25 23 22 21 20 17 17 15 15 15 15 13 11 11 10 10 9 9 9 7 7 7 6 5 5 4 4 4 2 2 2 2 2 1 1 1 
61 46 43 43 37 36 35 33 32 29 28 28 23 22 22 20 18 17 16 15 14 14 14 13 11 10 10 9 9 8 7 7 7 7 5 5 3 3 2 2 2 2 2 2 1 1 1 1 
59 44 43 43 36 35 33 33 31 29 28 23 23 22 21 20 18 15 15 14 14 14 13 12 11 10 9 9 8 7 7 7 7 5 4 4 3 2 2 2 2 1 1 1 1 1 
58 44 43 41 36 35 33 31 29 29 27 23 21 21 21 19 18 13 13 13 13 13 12 12 10 9 8 8 8 7 7 7 6 5 2 2 2 2 2 2 1 1 1 1 
57 44 43 41 36 33 31 30 29 28 27 23 21 19 17 17 17 13 13 13 13 12 11 11 10 9 8 8 8 7 6 6 6 5 2 2 2 2 2 2 1 1 1 1 
55 43 42 39 35 32 29 29 28 27 27 21 20 17 17 17 17 13 13 13 13 11 10 10 10 8 7 7 7 5 5 5 3 3 2 2 2 2 2 2 1 1 1 
55 43 38 36 35 30 29 29 28 23 23 19 18 17 16 16 15 13 13 13 13 10 10 9 9 8 7 7 7 5 4 3 3 3 2 2 2 2 1 1 1 1 
54 43 38 32 32 30 29 28 27 23 23 18 18 17 16 15 15 13 12 11 11 10 9 9 8 7 7 6 6 5 3 3 3 3 2 2 1 1 1 1 1 1 
53 40 36 32 32 29 27 27 27 23 23 18 18 15 15 15 14 12 11 10 10 9 9 8 7 6 6 6 6 4 2 2 2 2 2 2 1 1 1 1 1 
50 40 36 32 31 29 27 27 27 23 22 18 18 15 14 14 13 11 11 10 9 9 9 7 7 6 6 5 5 3 2 2 2 2 2 2 1 1 1 1 1 
50 40 36 32 31 27 27 27 24 22 20 18 18 15 14 13 11 10 10 10 9 9 7 7 7 6 6 5 5 2 2 2 2 1 1 1 1 1 1 1 1 
49 39 35 32 29 27 27 26 24 22 19 18 18 14 14 13 11 10 10 9 8 8 7 7 7 5 4 4 3 2 2 2 1 1 1 1 1 1 1 1 1 
47 37 35 30 28 27 26 24 23 22 19 18 17 14 13 12 11 10 10 9 8 7 7 7 6 4 4 4 3 2 2 1 1 1 1 1 1 1 1 
46 36 33 30 28 27 26 24 23 21 19 17 17 14 13 12 11 10 9 9 8 7 5 5 4 4 4 4 3 2 2 1 1 1 1 1 1 1 
46 36 33 30 28 27 26 24 21 21 18 17 15 14 13 12 11 10 9 9 8 5 4 4 4 4 4 4 3 2 2 1 1 1 1 1 1 
45 35 33 30 28 27 25 24 20 19 18 15 15 14 12 12 11 10 9 8 6 5 4 4 4 4 4 3 3 2 2 1 1 1 1 
45 35 31 29 28 27 24 21 17 17 17 15 14 13 11 11 11 10 8 8 5 5 4 4 3 3 3 3 3 2 2 1 1 1 1 
44 32 30 28 28 26 24 19 17 17 17 15 13 13 11 11 11 8 8 6 4 4 3 3 3 3 3 3 3 1 1 1 1 1 1 
43 32 29 28 28 26 22 19 17 17 15 15 13 13 11 10 8 7 5 5 4 3 3 2 2 2 2 2 1 1 1 1 1 1 1 
42 32 28 26 25 25 22 19 16 16 15 15 13 13 11 9 7 5 2 2 2 2 2 2 2 2 1 1 1 1 1 1 
42 32 28 25 25 23 22 19 16 16 14 13 12 12 11 9 7 5 2 2 2 2 2 2 2 1 1 1 1 1 1 1 
41 31 28 25 25 23 21 16 16 16 14 12 12 11 11 8 7 5 2 2 2 2 2 2 2 1 1 1 1 1 1 1 
40 30 28 25 23 23 20 16 15 13 13 12 10 10 10 7 6 5 2 2 2 2 2 2 2 1 1 1 1 1 1 1 
38 28 28 25 23 21 18 15 14 13 13 12 9 9 9 5 5 3 2 2 2 2 2 1 1 1 1 
38 28 28 25 23 20 18 15 13 13 12 11 9 8 8 5 5 3 2 2 2 2 2 1 1 
38 28 27 25 22 20 16 15 13 13 12 9 7 7 7 5 5 3 2 2 2 2 1 1 1 
37 27 26 25 21 19 15 15 13 13 11 8 7 7 7 3 3 3 2 2 2 2 1 1 1 
33 27 26 25 20 19 15 14 13 12 11 7 7 6 5 3 3 2 2 2 1 1 1 1 
33 27 26 24 20 19 15 14 12 11 11 7 7 6 4 3 3 2 2 2 1 1 1 1 
33 27 25 23 18 14 14 13 12 11 9 7 7 6 4 3 2 2 1 1 1 1 1 1 
33 27 25 22 18 14 13 13 12 11 9 7 7 6 4 3 2 2 1 1 1 1 1 1 
31 26 25 22 17 14 13 12 12 9 9 7 6 6 4 3 2 1 1 1 1 1 
31 26 24 21 17 13 12 11 11 9 8 7 6 5 4 3 1 1 1 1 1 1 
29 24 24 18 13 12 12 11 11 9 8 6 6 5 4 2 1 1 1 1 1 1 
29 24 22 18 13 12 11 11 9 7 7 6 4 4 4 2 1 1 1 1 1 1 
29 24 22 18 13 11 11 11 9 7 6 5 4 4 3 1 1 1 1 1 1 1 
25 24 22 18 13 11 11 10 9 7 5 5 4 4 3 1 1 1 1 1 1 1 
24 23 20 18 13 11 11 9 8 7 5 5 4 4 3 1 1 1 1 1 1 1 
24 23 20 16 13 10 9 8 7 6 5 4 3 3 2 1 1 1 1 1 
24 22 20 15 12 10 9 7 7 6 5 4 3 3 2 1 1 1 1 1 
23 22 20 14 9 9 9 7 7 6 5 4 3 3 2 1 1 1 1 
23 22 19 13 9 9 9 7 7 5 4 4 3 3 2 1 1 1 1 
23 21 18 13 9 8 8 7 7 5 4 4 2 2 2 1 1 1 1 
23 21 18 13 9 8 7 7 6 5 4 4 2 2 1 1 1 1 1 
23 21 18 13 9 8 7 7 6 5 4 4 2 2 1 1 1 1 1 
23 20 17 13 9 8 7 7 5 5 4 4 2 1 1 1 1 1 1 
23 19 16 12 9 8 6 5 5 4 4 3 2 1 1 1 1 1 
23 19 14 11 9 7 6 5 5 4 4 1 1 
21 18 12 10 9 7 6 5 5 4 4 1 1 
21 18 12 10 9 7 6 5 4 4 3 1 1 
20 18 11 10 6 5 5 5 4 4 3 1 1 
19 17 11 10 5 5 5 4 4 4 3 1 1 
19 16 11 8 5 5 5 4 4 4 3 1 
18 15 11 8 5 5 5 4 2 2 2 1 
17 15 10 8 5 5 5 4 2 2 2 
17 15 9 7 5 4 4 4 2 2 2 
17 15 8 7 5 4 4 4 2 2 1 
17 14 8 7 5 4 4 4 2 1 1 
16 14 7 7 5 4 4 4 2 1 1 
15 13 7 7 5 4 4 4 2 1 1 
15 13 7 7 5 4 4 3 2 1 1 
15 12 7 5 5 4 4 3 2 1 1 
14 12 7 5 5 4 3 2 2 1 
14 12 6 5 5 4 3 2 2 1 
14 10 6 5 5 4 2 2 2 1 
13 10 5 4 4 3 2 2 2 1 
13 10 5 4 3 2 2 2 2 
13 10 4 3 3 2 2 2 
12 10 4 3 3 2 2 1 
12 10 4 3 3 2 2 1 
12 9 4 3 3 2 2 1 
12 9 3 3 3 2 2 1 
12 9 3 3 3 2 2 
12 8 3 3 3 2 1 
11 8 3 3 3 2 1 
11 7 3 3 2 2 1 
10 7 3 2 2 2 1 
10 7 3 2 2 2 1 
10 7 3 2 2 1 1 
10 7 3 2 1 1 
9 5 3 2 1 1 
9 5 3 2 1 1 
8 5 3 1 1 1 
7 5 2 1 1 1 
7 5 2 1 1 1 
7 5 2 1 1 1 
7 5 2 1 1 
7 5 2 1 1 
6 5 2 1 1 
6 4 2 1 
6 4 2 1 
6 4 2 1 
6 4 2 
6 3 2 
5 3 2 
5 3 1 
4 3 1 
4 3 1 
4 3 1 
4 2 1 
2 2 1 
2 2 1 
2 2 
2 2 
2 2 
2 2 
2 2 
2 
2 
2 
2 
1 
1 
1 
1 
1 
1 
1 
1 
1 
1 
1 
1 
1 
1 
1 
1 
1 
1 
1 
1 
1 
1 
1 
1 
